0	0.28101
1.66816	0.233729
3.33631	0.256551
5.00447	0.400079
6.67263	0.926731
8.34078	1.26488
10.0089	1.69082
11.6771	1.63499
13.3453	1.39333
15.0134	0.850314
16.6816	0.507505
18.3497	0.394939
20.0179	0.761509
21.686	0.934073
23.3542	1.22914
25.0223	1.08817
26.6905	1.00309
28.3587	0.718004
30.0268	0.956962
31.695	1.14228
33.3631	0.926014
35.0313	0.325815
36.6994	-0.111285
38.3676	-0.79447
40.0358	-0.720621
41.7039	-0.61757
43.3721	-0.0938948
45.0402	0.554118
46.7084	0.769677
48.3765	0.816349
50.0447	1.14687
51.7129	1.0707
53.381	1.2811
55.0492	1.31745
56.7173	1.38548
58.3855	1.33424
60.0536	1.50437
61.7218	1.66646
63.39	1.78389
65.0581	1.94437
66.7263	2.37974
68.3944	2.09048
70.0626	1.82932
71.7307	1.19551
73.3989	0.415913
75.067	-0.0487775
76.7352	0.0341977
78.4034	1.29958
80.0715	3.24222
81.7397	4.28607
83.4078	3.6098
85.076	2.21149
86.7441	-0.235831
88.4123	-1.68869
90.0805	-1.32976
91.7486	0.194883
93.4168	1.90088
95.0849	3.14082
96.7531	2.65036
98.4212	1.83317
100.089	1.37726
101.758	0.253162
103.426	0.566048
105.094	0.331488
106.762	0.375081
108.43	0.642396
110.098	0.924048
111.766	0.938866
113.435	1.83519
115.103	1.5248
116.771	1.94408
118.439	1.46314
120.107	1.32802
121.775	1.22764
123.444	0.981453
125.112	1.0604
126.78	1.57498
128.448	1.49937
130.116	1.8278
131.784	1.92194
133.453	2.87919
135.121	3.93584
136.789	4.29693
138.457	3.66225
140.125	2.62599
141.793	1.75585
143.461	1.32089
145.13	0.516036
146.798	1.27343
148.466	1.56189
150.134	2.85119
151.802	3.4814
153.47	4.82718
155.139	5.6623
156.807	5.78614
158.475	5.58784
160.143	5.05826
161.811	4.65925
163.479	5.61818
165.148	5.76851
166.816	5.58238
168.484	5.27271
170.152	4.80703
171.82	5.22847
173.488	5.1276
175.156	4.73385
176.825	4.41699
178.493	4.29291
180.161	3.79625
181.829	3.95688
183.497	5.00021
185.165	5.32475
186.834	4.86512
188.502	2.91774
190.17	1.24318
191.838	-0.660399
193.506	-1.19263
195.174	-0.225711
196.842	0.0880944
198.511	4.3605
200.179	7.55008
201.847	10.1997
203.515	12.7649
205.183	11.7754
206.851	8.90234
208.52	6.59463
210.188	1.74981
211.856	1.67669
213.524	2.18387
215.192	2.91579
216.86	4.12865
218.529	3.54609
220.197	2.77432
221.865	2.31772
223.533	2.60862
225.201	4.28873
226.869	5.67526
228.537	6.60531
230.206	6.46263
231.874	4.87007
233.542	4.66591
235.21	3.77535
236.878	4.27963
238.546	7.6327
240.215	10.2504
241.883	15.0221
243.551	17.6483
245.219	17.2552
246.887	16.0232
248.555	11.2163
250.223	5.81941
251.892	3.67097
253.56	1.24603
255.228	1.71133
256.896	1.58287
258.564	0.437508
260.232	-0.284275
261.901	-1.30885
263.569	-2.21536
265.237	-3.22867
266.905	-4.38115
268.573	-4.65452
270.241	-4.88138
271.91	-3.16118
273.578	-0.904388
275.246	2.15852
276.914	4.83952
278.582	5.14657
280.25	4.5737
281.918	5.73953
283.587	7.62492
285.255	8.3046
286.923	8.67729
288.591	8.04593
290.259	8.34847
291.927	8.65067
293.596	10.1435
295.264	11.9666
296.932	12.1202
298.6	8.10923
300.268	5.13811
301.936	2.28072
303.605	2.03864
305.273	7.42291
306.941	13.177
308.609	19.8408
310.277	21.5896
311.945	18.5596
313.613	13.5816
315.282	7.95674
316.95	2.46984
318.618	2.69829
320.286	4.73095
321.954	11.9158
323.622	16.6686
325.291	18.7271
326.959	17.5837
328.627	11.982
330.295	6.04336
331.963	0.911145
333.631	-3.23105
335.299	-3.84553
336.968	-4.2226
338.636	-6.59559
340.304	-7.87022
341.972	-8.5553
343.64	-7.96148
345.308	-3.34347
346.977	3.6718
348.645	10.0222
350.313	16.2878
351.981	18.3111
353.649	16.912
355.317	13.5527
356.986	8.04946
358.654	4.41287
360.322	3.19985
361.99	1.49348
363.658	1.24871
365.326	0.601295
366.994	0.400666
368.663	0.728006
370.331	0.819017
371.999	0.545974
373.667	-0.0119683
375.335	-1.07057
377.003	-2.13608
378.672	-3.00719
380.34	-3.56808
382.008	-3.45152
383.676	-2.78307
385.344	-1.77586
387.012	-0.550263
388.681	0.833925
390.349	1.37448
392.017	1.37165
393.685	0.99574
395.353	0.247974
397.021	-0.196586
398.689	-0.749942
400.358	-1.37571
402.026	-1.71936
403.694	-4.25499
405.362	-3.22514
407.03	0.692746
408.698	5.25875
410.367	10.4273
412.035	12.5125
413.703	11.4297
415.371	8.93006
417.039	4.18899
418.707	1.69049
420.375	2.21079
422.044	1.62771
423.712	1.48165
425.38	-0.0884078
427.048	-0.789913
428.716	-2.04279
430.384	-2.26164
432.053	-2.37881
433.721	-1.60332
435.389	-1.38877
437.057	-0.507103
438.725	-0.453678
440.393	-0.0396179
442.062	-0.168915
443.73	-0.118245
445.398	-0.281367
447.066	0.0588146
448.734	-0.236795
450.402	0.130027
452.07	0.0682188
453.739	0.659823
455.407	0.818091
457.075	1.31541
458.743	1.082
460.411	1.00583
462.079	0.311358
463.748	-0.0271448
465.416	-0.816628
467.084	-0.939887
468.752	-1.35132
470.42	-1.03635
472.088	-1.09867
473.756	-0.915961
475.425	-1.22092
477.093	-1.42705
478.761	-2.13475
480.429	-1.34516
482.097	-1.25017
483.765	0.127008
485.434	-0.139277
487.102	-0.252882
488.77	-2.78746
490.438	-3.8133
492.106	-0.720014
493.774	4.31506
495.443	10.0835
497.111	14.116
498.779	13.6785
500.447	11.6074
502.115	7.09094
503.783	3.01289
505.451	3.13396
507.12	3.10043
508.788	3.64263
510.456	3.48663
512.124	2.95076
513.792	2.79726
515.46	2.36841
517.129	1.88985
518.797	1.55788
520.465	1.4628
522.133	1.04042
523.801	1.00281
525.469	0.156795
527.138	-0.527285
528.806	-1.88273
530.474	-3.80302
532.142	-4.98159
533.81	-5.20859
535.478	-4.17495
537.146	-1.66765
538.815	0.722508
540.483	3.19635
542.151	4.28749
543.819	3.8709
545.487	3.09773
547.155	2.1372
548.824	1.64185
550.492	1.61073
552.16	1.5167
553.828	1.77656
555.496	1.49181
557.164	1.36454
558.832	0.780012
560.501	0.727664
562.169	0.396151
563.837	0.537206
565.505	0.638305
567.173	1.01595
568.841	1.68025
570.51	2.41539
572.178	2.63481
573.846	2.81399
575.514	2.07597
577.182	1.3785
578.85	0.661952
580.519	0.21821
582.187	0.345663
583.855	0.36158
585.523	0.334462
587.191	0.348512
588.859	0.215533
590.527	0.244103
592.196	0.198491
593.864	0.356765
595.532	0.529052
597.2	0.554789
598.868	0.373509
600.536	0.337381
602.205	0.161605
603.873	0.273195
605.541	0.267992
607.209	0.453804
608.877	0.516118
610.545	0.675768
612.213	0.566455
613.882	0.514503
615.55	0.306498
617.218	0.325054
618.886	0.167669
620.554	0.208561
622.222	0.137536
623.891	0.178572
625.559	-0.0048904
627.227	-0.156688
628.895	-0.227334
630.563	-0.297446
632.231	-1.34736
633.9	-2.65726
635.568	-4.00359
637.236	-4.6023
638.904	-4.15415
640.572	-2.56417
642.24	-0.645758
643.908	1.28755
645.577	1.94508
647.245	2.08502
648.913	1.86313
650.581	1.80197
652.249	1.95535
653.917	2.36209
655.586	2.46134
657.254	2.5923
658.922	1.97992
660.59	1.5389
662.258	0.813726
663.926	0.421777
665.595	0.296652
667.263	0.304582
668.931	-0.0343022
670.599	-0.867745
672.267	-1.8849
673.935	-1.93931
675.603	-1.58403
677.272	0.0820559
678.94	4.77188
680.608	9.54383
682.276	13.2703
683.944	14.1679
685.612	12.1256
687.281	8.65542
688.949	4.91092
690.617	1.57548
692.285	1.1596
693.953	1.52244
695.621	1.5245
697.289	1.35318
698.958	1.28328
700.626	1.45355
702.294	1.60297
703.962	1.67543
705.63	1.47645
707.298	1.2
708.967	0.835635
710.635	0.723007
712.303	0.635217
713.971	0.738957
715.639	0.617863
717.307	0.542028
718.976	0.20628
720.644	0.153339
722.312	0.0554086
723.98	0.237203
725.648	0.240091
727.316	0.377215
728.984	0.27072
730.653	0.287941
732.321	0.0442429
733.989	0.174967
735.657	0.0708397
737.325	0.222198
738.993	0.157695
740.662	0.269294
742.33	0.180262
743.998	0.297576
745.666	0.269164
747.334	0.652673
749.002	0.790825
750.67	1.1262
752.339	1.0808
754.007	1.14016
755.675	0.856072
757.343	0.715607
759.011	0.437483
760.679	0.389391
762.348	0.20183
764.016	0.316524
765.684	0.303821
767.352	0.608216
769.02	0.70654
770.688	0.928422
772.357	0.847409
774.025	0.782758
775.693	0.497567
777.361	0.430916
779.029	0.234265
780.697	0.228931
782.365	0.0933505
784.034	0.229594
785.702	0.241636
787.37	0.517824
789.038	0.585114
790.706	0.790139
792.374	0.673517
794.043	0.603012
795.711	0.301804
797.379	0.284898
799.047	0.150984
800.715	0.262494
802.383	0.127934
804.052	0.160144
805.72	-0.0890557
807.388	-0.0178126
809.056	-0.0732539
810.724	0.126145
812.392	0.178749
814.06	0.42016
815.729	0.450587
817.397	0.679929
819.065	0.665257
820.733	0.842059
822.401	0.785499
824.069	0.822865
825.738	0.51831
827.406	0.470617
829.074	0.2262
830.742	0.126791
832.41	-0.0796705
834.078	-0.0906624
835.746	-0.238363
837.415	-0.0338648
839.083	-0.0367129
840.751	0.295327
842.419	0.448673
844.087	0.658506
845.755	0.596106
847.424	0.627794
849.092	0.39557
850.76	0.431057
852.428	0.289577
854.096	0.429929
855.764	0.390639
857.433	0.558176
859.101	0.495445
860.769	0.569213
862.437	0.381787
864.105	0.415359
865.773	0.273364
867.441	0.417089
869.11	0.30385
870.778	0.425976
872.446	0.298587
874.114	0.370416
875.782	0.231184
877.45	0.415309
879.119	0.391655
880.787	0.709705
882.455	0.703585
884.123	0.979306
885.791	0.883304
887.459	1.11567
889.127	1.02015
890.796	1.13868
892.464	1.09193
894.132	1.14924
895.8	0.965733
897.468	1.00786
899.136	0.711803
900.805	0.722692
902.473	0.554689
904.141	0.488138
905.809	0.246295
907.477	0.106604
909.145	-0.150643
910.814	-0.12924
912.482	-0.138715
914.15	0.145569
915.818	0.168303
917.486	0.424779
919.154	0.277749
920.822	0.371265
922.491	0.166076
924.159	0.20958
925.827	0.0246125
927.495	0.193439
929.163	0.0961816
930.831	0.395917
932.5	0.276916
934.168	0.50021
935.836	0.205347
937.504	0.124567
939.172	-0.263216
940.84	-0.255159
942.509	-0.421679
944.177	0.38233
945.845	0.814828
947.513	1.92067
949.181	2.3386
950.849	2.73884
952.517	2.70158
954.186	3.75362
955.854	4.87047
957.522	4.78358
959.19	3.82012
960.858	1.75553
962.526	-1.18559
964.195	-3.33624
965.863	-4.90549
967.531	-4.88394
969.199	-4.02724
970.867	-3.55036
972.535	-3.61214
974.203	-2.73412
975.872	0.07424
977.54	7.26615
979.208	15.214
980.876	20.727
982.544	22.0688
984.212	18.8537
985.881	11.718
987.549	4.75159
989.217	-0.144937
990.885	-0.933089
992.553	0.415517
994.221	0.474431
995.89	0.851649
997.558	1.03948
999.226	0.977816
1000.89	0.663566
1002.56	0.480098
1004.23	0.0195574
1005.9	-0.139377
1007.57	-0.430659
1009.23	-0.644502
1010.9	-0.909523
1012.57	-0.981658
1014.24	-0.794
1015.91	-0.412032
1017.58	0.046441
1019.24	0.579316
1020.91	0.856102
1022.58	0.821125
1024.25	0.672766
1025.92	0.240094
1027.58	0.0389458
1029.25	-0.173702
1030.92	-0.23743
1032.59	-0.112944
1034.26	0.148512
1035.93	0.260604
1037.59	0.396994
1039.26	0.278333
1040.93	0.225469
1042.6	0.0818645
1044.27	0.064559
1045.93	0.108115
1047.6	0.176374
1049.27	0.240789
1050.94	0.37268
1052.61	0.341384
1054.28	0.328273
1055.94	0.18559
1057.61	0.062858
1059.28	-0.0982381
1060.95	-0.185487
1062.62	-0.336654
1064.28	-0.288005
1065.95	-0.268387
1067.62	-0.128095
1069.29	-0.0204126
1070.96	0.147972
1072.62	0.114619
1074.29	0.208796
1075.96	0.146967
1077.63	0.224791
1079.3	0.182276
1080.97	0.322767
1082.63	0.0542058
1084.3	-0.352653
1085.97	-0.772783
1087.64	-0.922358
1089.31	-0.956518
1090.97	-0.686376
1092.64	-0.485726
1094.31	-0.251575
1095.98	-0.213707
1097.65	-0.310992
1099.32	-0.377806
1100.98	-0.283684
1102.65	-0.225869
1104.32	-0.154716
1105.99	-0.0592439
1107.66	-0.0443134
1109.32	0.0239223
1110.99	0.147908
1112.66	0.129953
1114.33	0.163597
1116	0.0663976
1117.66	0.0109873
1119.33	-0.0295164
1121	-0.056938
1122.67	-0.024656
1124.34	0.0460614
1126.01	0.0289813
1127.67	0.108379
1129.34	0.101289
1131.01	0.139178
1132.68	0.145291
1134.35	0.116408
1136.01	0.000472825
1137.68	-0.0728738
1139.35	-0.307315
1141.02	-0.457177
1142.69	-0.641699
1144.36	-0.556314
1146.02	-0.557974
1147.69	-0.14486
1149.36	0.159477
1151.03	0.739861
1152.7	1.05594
1154.36	1.3431
1156.03	1.23313
1157.7	1.1069
1159.37	0.583729
1161.04	0.240145
1162.71	-0.218169
1164.37	-0.373798
1166.04	-0.580302
1167.71	-0.550584
1169.38	-0.602783
1171.05	-0.518098
1172.71	-0.389085
1174.38	-0.183805
1176.05	-0.0645603
1177.72	-0.366293
1179.39	-1.18759
1181.05	0.80668
1182.72	2.55193
1184.39	4.98956
1186.06	6.83143
1187.73	7.04294
1189.4	5.99304
1191.06	4.39515
1192.73	1.48485
1194.4	1.2642
1196.07	0.803822
1197.74	0.595474
1199.4	0.566092
1201.07	0.762647
1202.74	0.838157
1204.41	1.01879
1206.08	0.823428
1207.75	0.783508
1209.41	0.590154
1211.08	0.610339
1212.75	0.414036
1214.42	0.457083
1216.09	0.225451
1217.75	0.0415418
1219.42	0.0795338
1221.09	0.362926
1222.76	0.690608
1224.43	1.17774
1226.1	1.3506
1227.76	1.4732
1229.43	1.42063
1231.1	1.10081
1232.77	0.631336
1234.44	0.162421
1236.1	-0.382015
1237.77	-0.71166
1239.44	-0.759263
1241.11	-0.586114
1242.78	-0.174773
1244.44	0.0965349
1246.11	0.17623
1247.78	0.0813011
1249.45	0.171304
1251.12	0.183038
1252.79	0.28488
1254.45	0.35113
1256.12	0.571779
1257.79	0.625631
1259.46	0.818652
1261.13	0.76498
1262.79	0.940632
1264.46	0.875251
1266.13	1.34459
1267.8	0.783529
1269.47	2.62971
1271.14	3.69792
1272.8	3.56924
1274.47	3.05443
1276.14	1.20115
1277.81	-1.2103
1279.48	-2.22766
1281.14	-3.45686
1282.81	-2.29101
1284.48	-0.770768
1286.15	-0.606438
1287.82	-0.227893
1289.49	-0.276624
1291.15	-0.151637
1292.82	-0.253305
1294.49	0.128103
1296.16	0.235112
1297.83	0.347135
1299.49	0.216825
1301.16	0.218893
1302.83	0.0646793
1304.5	0.225186
1306.17	0.124611
1307.83	0.255835
1309.5	0.170563
1311.17	0.160885
1312.84	0.12414
1314.51	0.272946
1316.18	0.21552
1317.84	0.392824
1319.51	0.269926
1321.18	0.307093
1322.85	0.238434
1324.52	0.238712
1326.18	0.24596
1327.85	0.414645
1329.52	0.393419
1331.19	0.483687
1332.86	0.371423
1334.53	0.324982
1336.19	0.191019
1337.86	0.180827
1339.53	0.17083
1341.2	0.190996
1342.87	0.273537
1344.53	0.35706
1346.2	0.316246
1347.87	0.370971
1349.54	0.212464
1351.21	0.211651
1352.88	0.410433
1354.54	0.44139
1356.21	0.736598
1357.88	0.803929
1359.55	3.8976
1361.22	7.09736
1362.88	9.41276
1364.55	10.2263
1366.22	8.44415
1367.89	5.05227
1369.56	1.84747
1371.22	-1.30572
1372.89	-1.35961
1374.56	-0.613147
1376.23	-0.685356
1377.9	-0.501586
1379.57	-0.602684
1381.23	-0.422227
1382.9	-0.464334
1384.57	-0.189276
1386.24	-0.191232
1387.91	0.0105213
1389.57	0.0297249
1391.24	0.209284
1392.91	0.197497
1394.58	2.04869
1396.25	4.54602
1397.92	7.8591
1399.58	9.89844
1401.25	10.2251
1402.92	8.22451
1404.59	5.41788
1406.26	1.71704
1407.92	-0.0866482
1409.59	-0.911576
1411.26	-0.673295
1412.93	-0.616184
1414.6	-0.187007
1416.27	-0.324886
1417.93	-0.052863
1419.6	-0.213504
1421.27	-0.000435413
1422.94	0.0830066
1424.61	0.485776
1426.27	0.540191
1427.94	0.970434
1429.61	0.631469
1431.28	0.525802
1432.95	-0.0940816
1434.61	-0.207729
1436.28	-0.54941
1437.95	-0.382435
1439.62	-0.380795
1441.29	0.0517128
1442.96	-0.0939587
1444.62	0.158317
1446.29	0.00453848
1447.96	0.220683
1449.63	0.00683967
1451.3	0.0435309
1452.96	-0.14474
1454.63	-0.0427834
1456.3	-0.21215
1457.97	0.111317
1459.64	0.132687
1461.31	0.472828
1462.97	0.289587
1464.64	0.495514
1466.31	-0.194039
1467.98	-0.108694
1469.65	-0.216683
1471.31	0.169814
1472.98	0.498913
1474.65	0.865027
1476.32	0.68055
1477.99	0.711474
1479.65	-0.0920523
1481.32	-0.0869257
1482.99	-0.117006
1484.66	0.040862
1486.33	0.0553419
1488	0.145543
1489.66	0.117373
1491.33	0.170413
1493	0.179574
1494.67	0.414342
1496.34	0.593525
1498	0.865929
1499.67	1.04069
1501.34	1.17017
1503.01	2.36104
1504.68	3.17072
1506.35	3.40509
1508.01	3.09394
1509.68	1.70357
1511.35	0.25111
1513.02	-0.931275
1514.69	-1.84273
1516.35	-1.5862
1518.02	-1.23363
1519.69	-1.4339
1521.36	-1.3216
1523.03	-1.4729
1524.7	-1.20316
1526.36	-1.20005
1528.03	-0.857862
1529.7	-1.04355
1531.37	-0.875263
1533.04	-1.02277
1534.7	-0.885072
1536.37	-0.93116
1538.04	-0.775965
1539.71	-0.81385
1541.38	-0.573954
1543.04	-0.628907
1544.71	-0.399659
1546.38	-0.475623
1548.05	-0.418908
1549.72	-0.664158
1551.39	-0.711466
1553.05	-0.865174
1554.72	-0.792614
1556.39	-0.986937
1558.06	-1.08712
1559.73	-1.47406
1561.39	-1.43853
1563.06	-1.51805
1564.73	-1.01281
1566.4	-0.546606
1568.07	0.189494
1569.74	0.00438742
1571.4	-0.13445
1573.07	-1.73317
1574.74	-2.08586
1576.41	-5.3666
1578.08	-2.92773
1579.74	1.4016
1581.41	7.66594
1583.08	13.5288
1584.75	16.4383
1586.42	15.1115
1588.09	13.3034
1589.75	7.53387
1591.42	4.91798
1593.09	3.74158
1594.76	2.29113
1596.43	1.46568
1598.09	0.258893
1599.76	0.0709039
1601.43	0.0279423
1603.1	0.633214
1604.77	0.742267
1606.43	0.953587
1608.1	0.908036
1609.77	0.868815
1611.44	0.451961
1613.11	0.202877
1614.78	-0.0780851
1616.44	0.197731
1618.11	0.218604
1619.78	0.351626
1621.45	0.0684114
1623.12	-0.136414
1624.78	-0.704518
1626.45	-0.987946
1628.12	-1.48704
1629.79	-1.39821
1631.46	-1.73509
1633.13	-1.22149
1634.79	-1.58809
1636.46	-0.88662
1638.13	-1.31979
1639.8	4.90248
1641.47	11.8487
1643.13	21.3577
1644.8	31.7902
1646.47	41.8168
1648.14	47.487
1649.81	47.7024
1651.48	40.2705
1653.14	31.4908
1654.81	20.4772
1656.48	9.73415
1658.15	3.30991
1659.82	0.702303
1661.48	1.51445
1663.15	0.973237
1664.82	1.31413
1666.49	0.61231
1668.16	0.462432
1669.82	-1.1674
1671.49	-0.795744
1673.16	-0.260715
1674.83	1.49993
1676.5	2.96909
1678.17	4.20307
1679.83	4.04367
1681.5	3.98075
1683.17	2.49947
1684.84	2.2451
1686.51	2.1084
1688.17	2.23852
1689.84	1.83508
1691.51	1.46288
1693.18	0.621142
1694.85	0.184759
1696.52	-0.634038
1698.18	-1.06566
1699.85	-0.696488
1701.52	0.884858
1703.19	2.56809
1704.86	4.29305
1706.52	4.92948
1708.19	4.87019
1709.86	3.77711
1711.53	2.2156
1713.2	0.871467
1714.87	0.287077
1716.53	-0.213089
1718.2	-0.269556
1719.87	-0.0136052
1721.54	0.995255
1723.21	2.22635
1724.87	3.29786
1726.54	3.69741
1728.21	3.77972
1729.88	3.10727
1731.55	2.53879
1733.21	1.78581
1734.88	1.59209
1736.55	1.50979
1738.22	1.69061
1739.89	1.55965
1741.56	1.66108
1743.22	1.31549
1744.89	1.19024
1746.56	0.891867
1748.23	1.08873
1749.9	1.11858
1751.56	1.42792
1753.23	1.32041
1754.9	1.36356
1756.57	1.04086
1758.24	0.929924
1759.91	0.639145
1761.57	0.671181
1763.24	0.465716
1764.91	0.523908
1766.58	0.376841
1768.25	0.613894
1769.91	0.596443
1771.58	0.813365
1773.25	0.678576
1774.92	0.840789
1776.59	0.684549
1778.25	0.885568
1779.92	0.703717
1781.59	0.88465
1783.26	0.668785
1784.93	0.732248
1786.6	0.535837
1788.26	0.60299
1789.93	0.344322
1791.6	0.396684
1793.27	0.0859094
1794.94	0.178704
1796.6	-0.0242993
1798.27	0.22513
1799.94	0.0217252
1801.61	0.583503
1803.28	4.35684
1804.95	7.63923
1806.61	10.6052
1808.28	11.7693
1809.95	10.0231
1811.62	7.07831
1813.29	3.79304
1814.95	0.71409
1816.62	0.98186
1818.29	1.03785
1819.96	0.911695
1821.63	0.804925
1823.3	0.571364
1824.96	0.439915
1826.63	0.317921
1828.3	0.343117
1829.97	0.198527
1831.64	0.244301
1833.3	0.211752
1834.97	0.39606
1836.64	0.477756
1838.31	0.712538
1839.98	0.884297
1841.64	1.04945
1843.31	1.01028
1844.98	0.98918
1846.65	0.787302
1848.32	0.633736
1849.99	0.327374
1851.65	0.155428
1853.32	-0.0331753
1854.99	0.0503361
1856.66	0.0770552
1858.33	0.337819
1859.99	0.51009
1861.66	0.669845
1863.33	0.639046
1865	0.722136
1866.67	0.549177
1868.34	0.632051
1870	0.542758
1871.67	0.675704
1873.34	0.696357
1875.01	0.812348
1876.68	0.75927
1878.34	0.895562
1880.01	0.746251
1881.68	0.739041
1883.35	0.546678
1885.02	0.523252
1886.69	0.404309
1888.35	0.459122
1890.02	0.358833
1891.69	0.454023
1893.36	0.322548
1895.03	0.267262
1896.69	0.0666526
1898.36	0.0871231
1900.03	0.0184838
1901.7	0.172802
1903.37	0.147086
1905.03	0.264427
1906.7	0.231735
1908.37	0.356894
1910.04	0.311626
1911.71	0.43985
1913.38	0.332533
1915.04	0.463667
1916.71	0.313264
1918.38	0.410983
1920.05	0.322932
1921.72	0.438358
1923.38	0.303206
1925.05	0.393947
1926.72	0.230184
1928.39	0.412665
1930.06	0.407817
1931.73	0.621166
1933.39	0.623698
1935.06	0.750322
1936.73	0.615377
1938.4	0.692614
1940.07	0.585988
1941.73	0.638917
1943.4	0.489663
1945.07	0.428159
1946.74	0.278057
1948.41	0.291106
1950.08	0.253765
1951.74	0.430037
1953.41	0.49056
1955.08	0.694779
1956.75	0.871947
1958.42	1.1829
1960.08	1.2926
1961.75	1.16789
1963.42	0.572819
1965.09	0.0649039
1966.76	-0.52739
1968.42	-0.682062
1970.09	-0.613688
1971.76	-0.173656
1973.43	0.0939897
1975.1	0.309931
1976.77	0.0363279
1978.43	-0.0693222
1980.1	-0.439522
1981.77	-0.510919
1983.44	-0.660294
1985.11	-0.437645
1986.77	-0.39735
1988.44	-0.12902
1990.11	-0.147366
1991.78	0.0481386
1993.45	0.099486
1995.12	0.384122
1996.78	0.525294
1998.45	0.825694
2000.12	0.769478
2001.79	0.914364
2003.46	0.772366
2005.12	0.768431
2006.79	0.611028
2008.46	0.59172
2010.13	0.548932
2011.8	0.675219
2013.47	0.591327
2015.13	0.62914
2016.8	0.418272
2018.47	0.367508
2020.14	0.126158
2021.81	0.152978
2023.47	0.211905
2025.14	0.381745
2026.81	0.413819
2028.48	0.477674
2030.15	0.29752
2031.81	0.280585
2033.48	0.0958561
2035.15	0.103573
2036.82	0.0610493
2038.49	0.144273
2040.16	0.0950379
2041.82	0.233858
2043.49	0.235843
2045.16	0.403542
2046.83	0.405989
2048.5	0.46543
2050.16	0.367695
2051.83	0.443022
2053.5	0.359715
2055.17	0.488164
2056.84	0.512569
2058.51	0.689053
2060.17	0.655013
2061.84	0.691909
2063.51	0.450309
2065.18	0.423642
2066.85	0.20694
2068.51	0.265867
2070.18	0.262398
2071.85	0.43644
2073.52	0.432469
2075.19	0.558134
2076.86	0.345725
2078.52	0.301706
2080.19	0.0289683
2081.86	-0.0319648
2083.53	-0.166178
2085.2	-0.0469286
2086.86	-0.0386097
2088.53	0.15645
2090.2	0.0865211
2091.87	0.107514
2093.54	-0.070738
2095.2	-0.00365627
2096.87	-0.0429105
2098.54	0.242158
2100.21	0.319906
2101.88	0.483487
2103.55	0.38965
2105.21	0.417828
2106.88	0.222633
2108.55	0.27202
2110.22	0.148479
2111.89	0.244789
2113.55	0.185989
2115.22	0.286664
2116.89	0.276247
2118.56	0.430194
2120.23	0.411192
2121.9	0.518822
2123.56	0.430756
2125.23	0.456233
2126.9	0.320414
2128.57	0.307544
2130.24	0.155758
2131.9	0.203201
2133.57	0.142576
2135.24	0.287502
2136.91	0.206052
2138.58	0.308048
2140.24	0.268219
2141.91	0.320518
2143.58	0.208959
2145.25	0.260914
2146.92	0.153775
2148.59	0.266844
2150.25	0.165792
2151.92	0.305358
2153.59	0.248089
2155.26	0.339876
2156.93	0.197348
2158.59	0.270199
2160.26	0.152579
2161.93	0.25295
2163.6	0.164441
2165.27	0.303013
2166.94	0.184267
2168.6	0.350033
2170.27	0.324316
2171.94	0.52557
2173.61	0.477027
2175.28	0.62743
2176.94	0.547614
2178.61	0.707913
2180.28	0.580413
2181.95	0.648686
2183.62	0.511502
2185.29	0.513586
2186.95	0.327128
2188.62	0.366396
2190.29	0.225196
2191.96	0.350021
2193.63	0.231192
2195.29	0.321559
2196.96	0.191646
2198.63	0.289636
2200.3	0.251852
2201.97	0.408372
2203.63	0.441613
2205.3	0.654935
2206.97	0.639741
2208.64	0.754784
2210.31	0.601721
2211.98	0.715273
2213.64	0.671572
2215.31	0.79007
2216.98	0.700817
2218.65	0.681308
2220.32	0.494308
2221.98	0.460072
2223.65	0.267308
2225.32	0.298677
2226.99	0.147878
2228.66	0.134984
2230.33	-0.0636264
2231.99	0.0401924
2233.66	0.0421541
2235.33	0.262525
2237	0.344035
2238.67	0.496851
2240.33	0.451773
2242	0.598253
2243.67	0.404843
2245.34	0.488155
2247.01	0.372833
2248.68	0.402358
2250.34	0.362266
2252.01	0.427258
2253.68	0.365065
2255.35	0.535082
2257.02	0.390738
2258.68	0.493348
2260.35	0.423229
2262.02	0.469541
2263.69	0.325037
2265.36	0.289852
2267.02	0.0980601
2268.69	0.211958
2270.36	0.105398
2272.03	0.3584
2273.7	0.417198
2275.37	0.596131
2277.03	0.505993
2278.7	0.497843
2280.37	0.228307
2282.04	0.199242
2283.71	-0.036965
2285.37	0.0732941
2287.04	0.0203777
2288.71	0.0773696
2290.38	0.00244846
2292.05	0.0831703
2293.72	-0.000538477
2295.38	0.174648
2297.05	0.211907
2298.72	0.434932
2300.39	0.49675
2302.06	0.657775
2303.72	0.580202
2305.39	0.715665
2307.06	0.666498
2308.73	0.833511
2310.4	0.815477
2312.07	0.891536
2313.73	0.718227
2315.4	0.696354
2317.07	0.354219
2318.74	0.276127
2320.41	0.0608831
2322.07	0.0637721
2323.74	0.0260962
2325.41	0.21064
2327.08	0.300582
2328.75	0.731284
2330.41	0.821993
2332.08	0.993045
2333.75	0.912293
2335.42	0.815617
2337.09	0.523565
2338.76	0.411065
2340.42	0.169122
2342.09	0.321884
2343.76	0.383208
2345.43	0.612639
2347.1	0.642797
2348.76	0.787751
2350.43	0.603953
2352.1	0.61274
2353.77	0.454044
2355.44	0.567361
2357.11	0.578948
2358.77	0.698059
2360.44	0.549652
2362.11	0.458112
2363.78	0.0958938
2365.45	0.00465766
2367.11	-0.140122
2368.78	-0.0266662
2370.45	0.0556904
2372.12	0.206801
2373.79	0.199551
2375.46	0.26375
2377.12	0.134989
2378.79	0.182827
2380.46	0.121295
2382.13	0.202327
2383.8	0.200653
2385.46	0.287749
2387.13	0.240325
2388.8	0.316392
2390.47	0.232665
2392.14	0.28395
2393.8	0.158559
2395.47	0.214753
2397.14	0.127739
2398.81	0.203226
2400.48	0.107414
2402.15	0.237994
2403.81	0.25367
2405.48	0.461992
2407.15	0.366212
2408.82	0.422629
2410.49	0.311558
2412.15	0.441594
2413.82	0.468742
2415.49	0.68149
2417.16	0.583672
2418.83	0.643394
2420.5	0.546006
2422.16	0.573551
2423.83	0.512248
2425.5	0.630989
2427.17	0.538354
2428.84	0.562142
2430.5	0.276133
2432.17	0.228934
2433.84	0.164418
2435.51	0.237371
2437.18	0.144816
2438.85	0.231284
2440.51	0.106638
2442.18	0.186118
2443.85	0.0512398
2445.52	0.148203
2447.19	0.171887
2448.85	0.346225
2450.52	0.242027
2452.19	0.34098
2453.86	0.177044
2455.53	0.0943062
2457.19	0.0466616
2458.86	0.101338
2460.53	0.102837
2462.2	0.32134
2463.87	0.224893
2465.54	0.285794
2467.2	0.172614
2468.87	0.0923122
2470.54	-0.00567091
2472.21	0.0561535
2473.88	0.0148937
2475.54	0.0894163
2477.21	0.0165232
2478.88	0.148244
2480.55	0.150786
2482.22	0.322022
2483.89	0.360101
2485.55	0.468618
2487.22	0.39985
2488.89	0.37961
2490.56	0.147866
2492.23	0.104848
2493.89	0.0386355
2495.56	0.188548
2497.23	0.324146
2498.9	0.571897
2500.57	0.623303
2502.23	0.620647
2503.9	0.384938
2505.57	0.17539
2507.24	-0.0767555
2508.91	-0.0288582
2510.58	-0.0493263
2512.24	0.0504587
2513.91	0.0754982
2515.58	0.167465
2517.25	0.127725
2518.92	0.202332
2520.58	0.154004
2522.25	0.295049
2523.92	0.185539
2525.59	0.235854
2527.26	0.104485
2528.93	0.0981148
2530.59	-0.073912
2532.26	-0.143533
2533.93	-0.239463
2535.6	-0.0755197
2537.27	0.0241305
2538.93	0.299963
2540.6	0.316608
2542.27	0.338898
2543.94	0.170389
2545.61	0.173283
2547.28	0.13837
2548.94	0.250447
2550.61	0.291211
2552.28	0.431562
2553.95	0.295653
2555.62	0.356276
2557.28	0.257055
2558.95	0.36232
2560.62	0.323964
2562.29	0.385972
2563.96	0.347972
2565.62	0.528123
2567.29	0.536575
2568.96	0.759359
2570.63	0.730115
2572.3	0.833081
2573.97	0.652299
2575.63	0.595204
2577.3	0.319328
2578.97	0.241083
2580.64	0.137643
2582.31	0.296621
2583.97	0.347739
2585.64	0.537319
2587.31	0.52509
2588.98	0.57855
2590.65	0.349736
2592.32	0.321678
2593.98	0.204602
2595.65	0.304783
2597.32	0.371038
2598.99	0.635152
2600.66	0.690883
2602.32	0.797415
2603.99	0.549454
2605.66	0.535077
2607.33	0.375888
2609	0.376602
2610.67	0.230737
2612.33	0.345461
2614	0.213383
2615.67	0.358443
2617.34	0.397498
2619.01	0.72445
2620.67	0.877577
2622.34	0.97982
2624.01	0.725195
2625.68	0.569442
2627.35	0.293216
2629.01	0.398706
2630.68	0.377209
2632.35	0.533362
2634.02	0.402752
2635.69	0.379224
2637.36	0.184834
2639.02	0.0820512
2640.69	-0.136584
2642.36	-0.105795
2644.03	-0.25692
2645.7	-0.190565
2647.36	-0.211431
2649.03	-0.00812796
2650.7	-0.00676567
2652.37	-0.0337398
2654.04	-0.268228
2655.71	-0.226211
2657.37	-0.286665
2659.04	-0.0987208
2660.71	-0.0570343
2662.38	0.0437729
2664.05	-0.0296852
2665.71	-0.0325655
2667.38	-0.356111
2669.05	-0.415305
2670.72	-0.612891
2672.39	-0.480822
2674.06	-0.273029
2675.72	0.159141
2677.39	0.448942
2679.06	0.694615
2680.73	0.596987
2682.4	0.538318
2684.06	0.562781
2685.73	0.943788
2687.4	1.21452
2689.07	1.55251
2690.74	1.47163
2692.4	1.22433
2694.07	0.789049
2695.74	0.49528
2697.41	0.227207
2699.08	0.188881
2700.75	0.206824
2702.41	0.386956
2704.08	0.405313
2705.75	0.493301
2707.42	0.403258
2709.09	0.458506
2710.75	0.41355
2712.42	0.500731
2714.09	0.659653
2715.76	0.97881
2717.43	1.08412
2719.1	1.25136
2720.76	1.14868
2722.43	1.20742
2724.1	1.00786
2725.77	1.02395
2727.44	0.846648
2729.1	0.748502
2730.77	0.508932
2732.44	0.396616
2734.11	0.155146
2735.78	0.167097
2737.45	0.128117
2739.11	0.360138
2740.78	0.612405
2742.45	0.787854
2744.12	0.912447
2745.79	0.988007
2747.45	0.96226
2749.12	0.984841
2750.79	0.90734
2752.46	0.851929
2754.13	0.677425
2755.79	0.455616
2757.46	0.22456
2759.13	0.289557
2760.8	0.219102
2762.47	0.432377
2764.14	0.433854
2765.8	0.392174
2767.47	0.20232
2769.14	0.122489
2770.81	-0.0847411
2772.48	0.128636
2774.14	0.199904
2775.81	0.538521
2777.48	0.865996
2779.15	1.16151
2780.82	1.18504
2782.49	1.18201
2784.15	0.890522
2785.82	0.567834
2787.49	0.345026
2789.16	0.332779
2790.83	0.414562
2792.49	0.733644
2794.16	0.837265
2795.83	0.895932
2797.5	0.791896
2799.17	0.618118
2800.84	0.436792
2802.5	0.471812
2804.17	0.474601
2805.84	0.682823
2807.51	0.730642
2809.18	0.966692
2810.84	1.07621
2812.51	1.31126
2814.18	1.19842
2815.85	1.19139
2817.52	0.96617
2819.18	0.827401
2820.85	0.432724
2822.52	0.324685
2824.19	0.170125
2825.86	0.317595
2827.53	0.249044
2829.19	0.393282
2830.86	0.384885
2832.53	0.537556
2834.2	0.4206
2835.87	0.484259
2837.53	0.431291
2839.2	0.472771
2840.87	0.346335
2842.54	0.377066
2844.21	0.270754
2845.88	0.427039
2847.54	0.42282
2849.21	0.56131
2850.88	0.347196
2852.55	0.413173
2854.22	0.386186
2855.88	0.666496
2857.55	0.837978
2859.22	1.0692
2860.89	1.02687
2862.56	0.960979
2864.22	0.598549
2865.89	0.506512
2867.56	0.384704
2869.23	0.467096
2870.9	0.43129
2872.57	0.470821
2874.23	0.500806
2875.9	0.589934
2877.57	0.62896
2879.24	0.778708
2880.91	0.850008
2882.57	0.95949
2884.24	1.00218
2885.91	1.11917
2887.58	1.09409
2889.25	1.13049
2890.92	0.785976
2892.58	0.4572
2894.25	0.106363
2895.92	-0.00083627
2897.59	-0.0448769
2899.26	0.29251
2900.92	0.377261
2902.59	0.633358
2904.26	0.583275
2905.93	0.638811
2907.6	0.771932
2909.27	1.03144
2910.93	1.04246
2912.6	1.26882
2914.27	1.07968
2915.94	0.982926
2917.61	0.769183
2919.27	0.724001
2920.94	0.749101
2922.61	0.888233
2924.28	0.825352
2925.95	0.771663
2927.61	0.521957
2929.28	0.403111
2930.95	0.217587
2932.62	0.419264
2934.29	0.546993
2935.96	0.790779
2937.62	0.985126
2939.29	1.0805
2940.96	1.19467
2942.63	1.68401
2944.3	1.86877
2945.96	2.11483
2947.63	1.76858
2949.3	1.28785
2950.97	0.715098
2952.64	0.239885
2954.31	-0.0831712
2955.97	0.135665
2957.64	0.323094
2959.31	0.734584
2960.98	0.88828
2962.65	1.15739
2964.31	1.1835
2965.98	1.18741
2967.65	0.997356
2969.32	0.87707
2970.99	0.837855
2972.66	0.885606
2974.32	1.05672
2975.99	1.48349
2977.66	1.83739
2979.33	2.05603
2981	1.92517
2982.66	1.53837
2984.33	1.09017
2986	0.682361
2987.67	0.52615
2989.34	0.392515
2991	0.155056
2992.67	0.00244475
2994.34	-0.0997305
2996.01	0.176368
2997.68	0.750397
2999.35	1.32884
3001.01	2.24824
3002.68	2.9056
3004.35	3.35271
3006.02	3.78974
3007.69	5.42253
3009.35	8.13255
3011.02	7.1659
3012.69	5.149
3014.36	1.32371
3016.03	-3.2482
3017.7	-6.27084
3019.36	-7.43219
3021.03	-6.86238
3022.7	-3.72344
3024.37	-3.21669
3026.04	-2.59115
3027.7	-2.18253
3029.37	-1.87155
3031.04	-1.74473
3032.71	-1.56505
3034.38	-1.4533
3036.05	-1.18841
3037.71	-0.917428
3039.38	-0.28762
3041.05	-0.0760124
3042.72	0.0483514
3044.39	0.200902
3046.05	0.0436628
3047.72	-0.172446
3049.39	0.0867592
3051.06	0.166054
3052.73	0.288956
3054.39	0.201789
3056.06	0.147469
3057.73	0.21688
3059.4	0.251463
3061.07	0.353591
3062.74	0.370403
3064.4	0.0956194
3066.07	0.020609
3067.74	-0.205169
3069.41	0.23411
3071.08	0.410303
3072.74	0.445894
3074.41	0.343683
3076.08	0.173729
3077.75	-0.141518
3079.42	0.100588
3081.09	0.0245471
3082.75	0.337947
3084.42	0.0564322
3086.09	-0.30373
3087.76	-0.421554
3089.43	0.157132
3091.09	0.739879
3092.76	1.67007
3094.43	2.13172
3096.1	2.13155
3097.77	1.70372
3099.44	0.892207
3101.1	0.0244423
3102.77	0.498685
3104.44	0.522885
3106.11	1.0324
3107.78	1.35631
3109.44	1.17296
3111.11	1.10388
3112.78	1.20438
3114.45	1.21811
3116.12	2.43281
3117.78	3.54767
3119.45	4.77146
3121.12	5.84705
3122.79	6.48378
3124.46	7.07652
3126.13	7.47462
3127.79	6.87287
3129.46	5.9865
3131.13	5.01021
3132.8	4.00751
3134.47	3.13399
3136.13	3.02153
3137.8	2.68121
3139.47	4.34635
3141.14	5.43765
3142.81	7.17912
3144.48	9.87297
3146.14	19.0125
3147.81	27.9452
3149.48	34.8689
3151.15	40.8317
3152.82	39.9455
3154.48	31.6979
3156.15	21.1932
3157.82	6.02073
3159.49	-2.69363
3161.16	-8.68656
3162.83	-13.9273
3164.49	-12.8384
3166.16	-9.96765
3167.83	-8.30584
3169.5	-5.17522
3171.17	-4.2546
3172.83	-3.04954
3174.5	-2.89567
3176.17	-3.17969
3177.84	-3.36525
3179.51	-3.28272
3181.17	-3.1708
3182.84	-2.37256
3184.51	-1.78398
3186.18	-0.965827
3187.85	-0.372478
3189.52	-0.170493
3191.18	-0.364231
3192.85	-0.268589
3194.52	-0.620885
3196.19	-0.608555
3197.86	-0.796191
3199.52	-1.3191
3201.19	-0.790286
3202.86	0.299303
3204.53	0.454356
3206.2	1.45121
3207.87	1.04825
3209.53	0.590446
3211.2	0.249415
3212.87	0.792399
3214.54	2.79552
3216.21	3.85202
3217.87	3.36923
3219.54	1.95966
3221.21	1.13552
3222.88	-0.342544
3224.55	5.55774
3226.21	28.1567
3227.88	52.1482
3229.55	73.1282
3231.22	83.5033
3232.89	75.9402
3234.56	58.4367
3236.22	35.1813
3237.89	13.3877
3239.56	7.48692
3241.23	4.31251
3242.9	2.85433
3244.56	3.14536
3246.23	3.44284
3247.9	2.75517
3249.57	3.07054
3251.24	2.58795
3252.91	1.96816
3254.57	1.27463
3256.24	0.616378
3257.91	-0.177478
3259.58	-0.0772595
3261.25	-0.389438
3262.91	-0.354286
3264.58	-0.027199
3266.25	-0.217901
3267.92	0.149788
3269.59	0.483672
3271.26	0.952302
3272.92	1.4106
3274.59	1.08926
3276.26	1.02278
3277.93	1.11629
3279.6	0.879062
3281.26	1.37372
3282.93	1.79515
3284.6	1.98022
3286.27	2.33644
3287.94	1.84947
3289.6	1.88734
3291.27	1.55647
3292.94	0.864205
3294.61	0.242147
3296.28	0.0918723
3297.95	-0.216499
3299.61	0.0421214
3301.28	0.435756
3302.95	1.28811
3304.62	1.68792
3306.29	1.85155
3307.95	1.46643
3309.62	1.1549
3311.29	0.654912
3312.96	0.159057
3314.63	-0.046667
3316.3	0.235707
3317.96	0.461146
3319.63	0.807718
3321.3	0.843013
3322.97	0.888826
3324.64	0.728209
3326.3	0.394623
3327.97	-0.0270646
3329.64	-0.0891404
3331.31	-0.231287
3332.98	-0.148636
3334.65	-0.31266
3336.31	-0.173418
3337.98	-0.275155
3339.65	-0.465792
3341.32	-0.699075
3342.99	-0.797523
3344.65	-0.759524
3346.32	-0.461695
3347.99	-0.250621
3349.66	0.245626
3351.33	0.571437
3352.99	0.680435
3354.66	0.779036
3356.33	0.751518
3358	0.480027
3359.67	0.309445
3361.34	0.146747
3363	0.0106719
3364.67	-0.0836932
3366.34	0.0420845
3368.01	0.127001
3369.68	0.459602
3371.34	0.490373
3373.01	0.437108
3374.68	0.308154
3376.35	-0.101645
3378.02	-0.490041
3379.69	-0.545205
3381.35	-0.546077
3383.02	-0.28918
3384.69	0.185945
3386.36	0.551133
3388.03	1.0711
3389.69	1.15976
3391.36	1.07339
3393.03	0.783789
3394.7	0.642306
3396.37	0.304636
3398.04	0.176986
3399.7	0.306156
3401.37	0.212058
3403.04	0.252494
3404.71	0.15647
3406.38	-0.158243
3408.04	-0.441024
3409.71	-0.744981
3411.38	-1.44544
3413.05	-1.36216
3414.72	-1.6715
3416.38	-1.57259
3418.05	-1.39683
3419.72	-0.964228
3421.39	-0.697018
3423.06	-0.0779246
3424.73	-0.0365623
3426.39	0.071208
3428.06	-0.180651
3429.73	-0.42155
3431.4	-0.588449
3433.07	-0.293397
3434.73	-0.291723
3436.4	0.0846418
3438.07	0.00975787
3439.74	-0.132894
3441.41	-0.376649
3443.08	-0.543781
3444.74	-0.816127
3446.41	-0.809915
3448.08	-0.844414
3449.75	-0.554254
3451.42	-0.32664
3453.08	-0.0147583
3454.75	0.0970517
3456.42	0.153661
3458.09	-0.1025
3459.76	-0.373177
3461.43	-0.487192
3463.09	-0.37502
3464.76	-0.143388
3466.43	0.26451
3468.1	0.421962
3469.77	0.343594
3471.43	-0.0433797
3473.1	-0.302553
3474.77	-0.451104
3476.44	-0.149512
3478.11	0.272557
3479.77	0.823606
3481.44	1.05095
3483.11	1.02662
3484.78	0.805701
3486.45	0.657095
3488.12	0.569811
3489.78	0.580609
3491.45	0.322933
3493.12	0.0982906
3494.79	-0.319227
3496.46	-0.426634
3498.12	-0.351859
3499.79	0.0733297
3501.46	0.704567
3503.13	1.29633
3504.8	1.53563
3506.47	1.55088
3508.13	1.21679
3509.8	0.721982
3511.47	0.202991
3513.14	-0.0919448
3514.81	-0.296765
3516.47	-0.0403735
3518.14	0.0153461
3519.81	-0.107115
3521.48	-0.219365
3523.15	-0.579677
3524.82	-0.637764
3526.48	-0.38098
3528.15	-0.395844
3529.82	-0.195243
3531.49	-0.299469
3533.16	-0.506343
3534.82	-0.623988
3536.49	-0.395236
3538.16	-0.0835908
3539.83	0.23449
3541.5	0.172047
3543.16	-0.0350107
3544.83	-0.471237
3546.5	-0.619803
3548.17	-0.951661
3549.84	-0.819237
3551.51	-0.644275
3553.17	-0.415581
3554.84	-0.250561
3556.51	-0.0692443
3558.18	-0.223927
3559.85	-0.448734
3561.51	-0.768057
3563.18	-0.864493
3564.85	-0.711001
3566.52	-0.347728
3568.19	-0.0199423
3569.86	0.289671
3571.52	0.37622
3573.19	0.448734
3574.86	0.460358
3576.53	0.616514
3578.2	0.568278
3579.86	0.69071
3581.53	0.524619
3583.2	0.58901
3584.87	0.600809
3586.54	0.810545
3588.2	0.89588
3589.87	0.997612
3591.54	0.913589
3593.21	1.13663
3594.88	0.946639
3596.55	0.936653
3598.21	0.705183
3599.88	0.465092
3601.55	0.123611
3603.22	0.0618271
3604.89	0.171425
3606.55	0.632162
3608.22	0.828267
3609.89	1.04536
3611.56	0.895414
3613.23	0.620748
3614.9	0.0488026
3616.56	-0.132771
3618.23	-0.263279
3619.9	-0.0227899
3621.57	-0.0272329
3623.24	0.188755
3624.9	0.258249
3626.57	0.758337
3628.24	0.938169
3629.91	1.3468
3631.58	1.32725
3633.25	1.57136
3634.91	1.6344
3636.58	1.85128
3638.25	1.67871
3639.92	1.94369
3641.59	2.07704
3643.25	2.62782
3644.92	2.7272
3646.59	3.1159
3648.26	3.18177
3649.93	3.88614
3651.59	4.68921
3653.26	5.79473
3654.93	5.89884
3656.6	6.4335
3658.27	3.64122
3659.94	6.07555
3661.6	15.5326
3663.27	24.7067
3664.94	34.1166
3666.61	36.0088
3668.28	41.8712
3669.94	56.4644
3671.61	90.2459
3673.28	124.127
3674.95	152.416
3676.62	152.159
3678.29	126.884
3679.95	82.6044
3681.62	45.6399
3683.29	18.247
3684.96	13.8275
3686.63	12.2228
3688.29	12.0375
3689.96	9.7305
3691.63	6.29118
3693.3	3.72962
3694.97	2.84004
3696.64	2.80426
3698.3	3.40257
3699.97	2.8738
3701.64	2.36777
3703.31	1.29213
3704.98	-0.383098
3706.64	-1.26485
3708.31	-1.26571
3709.98	-0.234945
3711.65	0.886198
3713.32	1.72603
3714.98	1.8333
3716.65	1.22862
3718.32	0.210226
3719.99	-0.64197
3721.66	-1.40089
3723.33	-1.25152
3724.99	-0.798524
3726.66	-0.379387
3728.33	-0.0407547
3730	-0.00294965
3731.67	-0.110076
3733.33	-0.320672
3735	-0.652823
3736.67	-0.612363
3738.34	-0.681737
3740.01	-0.563835
3741.68	-0.416688
3743.34	-0.2773
3745.01	-0.254188
3746.68	-0.00881075
3748.35	-0.155015
3750.02	-0.2744
3751.68	-0.818251
3753.35	-1.07273
3755.02	-1.48456
3756.69	-1.37221
3758.36	-1.26594
3760.03	-0.768127
3761.69	-0.756002
3763.36	-0.790986
3765.03	-1.11274
3766.7	-0.990451
3768.37	-0.934658
3770.03	-0.748652
3771.7	-1.90861
3773.37	-2.86885
3775.04	-3.73976
3776.71	-3.96603
3778.37	-3.06575
3780.04	-1.48044
3781.71	-0.025271
3783.38	1.07896
3785.05	0.746559
3786.72	0.146683
3788.38	-0.013345
3790.05	-0.328443
3791.72	-0.325412
3793.39	0.050167
3795.06	0.492061
3796.72	0.526286
3798.39	0.779947
3800.06	2.51052
3801.73	3.72816
3803.4	4.99093
3805.07	5.8108
3806.73	10.5507
3808.4	13.5594
3810.07	15.7768
3811.74	15.0139
3813.41	12.1301
3815.07	6.71886
3816.74	1.51468
3818.41	-3.45724
3820.08	-3.13605
3821.75	-2.68647
3823.42	-2.44153
3825.08	-2.35122
3826.75	-2.33796
3828.42	-2.4321
3830.09	-2.47817
3831.76	-2.1254
3833.42	-1.97189
3835.09	-1.8144
3836.76	-1.78718
3838.43	-1.95225
3840.1	-1.97072
3841.76	-1.93798
3843.43	-2.22873
3845.1	-2.31265
3846.77	-2.59769
3848.44	-2.99054
3850.11	-3.25139
3851.77	-3.36798
3853.44	-3.51716
3855.11	-3.58208
3856.78	-3.92354
3858.45	-3.65605
3860.11	-3.27715
3861.78	-2.57737
3863.45	-2.37506
3865.12	-2.28196
3866.79	-3.44422
3868.46	-4.32764
3870.12	-5.11479
3871.79	-5.53586
3873.46	-5.36769
3875.13	-3.72549
3876.8	-2.74145
3878.46	-1.84608
3880.13	-4.15234
3881.8	-6.36515
3883.47	-12.97
3885.14	-16.6484
3886.81	-2.91101
3888.47	12.6154
3890.14	34.5479
3891.81	48.7733
3893.48	51.4244
3895.15	48.2625
3896.81	42.1518
3898.48	30.0276
3900.15	46.417
3901.82	57.2517
3903.49	65.5524
3905.15	64.6232
3906.82	53.1315
3908.49	35.36
3910.16	21.5471
3911.83	4.22906
3913.5	1.71407
3915.16	2.47367
3916.83	1.79434
3918.5	1.89479
3920.17	1.80347
3921.84	1.93323
3923.5	1.85281
3925.17	1.35242
3926.84	1.00382
3928.51	0.848498
3930.18	0.962843
3931.85	1.14856
3933.51	1.50042
3935.18	1.60403
3936.85	1.59637
3938.52	1.32308
3940.19	1.09577
3941.85	1.10806
3943.52	1.34202
3945.19	1.54761
3946.86	1.73074
3948.53	1.99781
3950.19	2.01284
3951.86	1.7733
3953.53	1.44551
3955.2	0.924122
3956.87	0.710777
3958.54	0.347747
3960.2	-0.0131341
3961.87	-0.0294992
3963.54	0.26709
3965.21	0.532895
3966.88	0.749419
3968.54	0.876155
3970.21	1.07832
3971.88	0.995449
3973.55	0.88386
3975.22	0.532017
3976.89	0.464272
3978.55	0.364523
3980.22	0.437303
3981.89	0.799234
3983.56	1.02732
3985.23	1.05944
3986.89	1.20094
3988.56	0.936411
3990.23	0.803753
3991.9	0.688946
3993.57	0.727536
3995.24	0.916236
3996.9	0.818801
3998.57	0.585003
4000.24	0.677762
4001.91	0.715877
4003.58	0.850438
4005.24	1.04636
4006.91	1.09983
4008.58	1.09579
4010.25	1.16412
4011.92	0.932004
4013.58	1.15173
4015.25	1.25918
4016.92	1.35878
4018.59	1.14798
4020.26	0.556437
4021.93	-0.0301686
4023.59	-0.466461
4025.26	-0.820028
4026.93	-0.740994
4028.6	-0.52875
4030.27	-0.162251
4031.93	0.198544
4033.6	0.406439
4035.27	0.611985
4036.94	0.83134
4038.61	0.724609
4040.28	0.571375
4041.94	0.464924
4043.61	0.412531
4045.28	0.294304
4046.95	0.407922
4048.62	0.241532
4050.28	0.221215
4051.95	0.0776484
4053.62	-0.0668363
4055.29	-0.174623
4056.96	0.00783086
4058.63	-0.0213988
4060.29	0.158923
4061.96	0.211554
4063.63	0.026433
4065.3	-0.166092
4066.97	-0.356091
4068.63	-0.365081
4070.3	0.0343664
4071.97	0.169099
4073.64	0.312376
4075.31	0.220142
4076.97	0.00483154
4078.64	0.0140469
4080.31	0.104623
4081.98	0.356765
4083.65	0.655721
4085.32	0.636951
4086.98	0.472693
4088.65	0.226907
4090.32	0.108837
4091.99	0.230531
4093.66	0.482755
4095.32	0.863947
4096.99	1.06602
4098.66	1.12998
4100.33	1.03464
4102	0.763871
4103.67	0.640327
4105.33	0.693097
4107	0.658415
4108.67	0.694349
4110.34	0.961649
4112.01	1.40443
4113.67	1.86432
4115.34	2.10291
4117.01	2.11579
4118.68	1.83285
4120.35	1.54606
4122.02	1.04455
4123.68	1.09223
4125.35	1.36764
4127.02	1.50355
4128.69	1.56123
4130.36	1.47483
4132.02	1.02291
4133.69	0.571776
4135.36	-0.140309
4137.03	-0.593087
4138.7	-0.857612
4140.36	-1.03939
4142.03	-1.00447
4143.7	-0.742308
4145.37	-0.281793
4147.04	0.243609
4148.71	0.549124
4150.37	0.721826
4152.04	0.693881
4153.71	0.434143
4155.38	0.00505819
4157.05	-0.331348
4158.71	-0.502052
4160.38	-0.453674
4162.05	-0.419222
4163.72	-0.367031
4165.39	-0.192912
4167.06	-0.0612073
4168.72	-0.0866923
