0.0	-2.0741972499999997
1.66816	-2.6525512499999992
3.33631	-1.9978112499999987
5.00447	-2.5663062499999993
6.67263	-1.8877662499999985
8.34078	-2.5250852499999987
10.0089	-1.9482312499999985
11.6771	-2.558517249999999
13.3453	-2.0464812499999985
15.0134	-2.781973249999999
16.6816	-2.290664249999999
18.3497	-2.8408532499999986
20.0179	-2.0984222499999987
21.686	-2.439868249999999
23.3542	-1.5789762499999989
25.0223	-1.9690472499999987
26.6905	-1.2752212499999989
28.3587	-1.878209249999999
30.0268	-1.405914249999999
31.695	-2.065653249999999
33.3631	-1.561210249999999
35.0313	-2.268775249999999
36.6994	-1.7687052499999993
38.3676	-2.3799052499999993
40.0358	-1.7436002499999987
41.7039	-2.296179249999999
43.3721	-1.6293252499999986
45.0402	-2.198568249999999
46.7084	-1.541135249999999
48.3765	-2.0493002499999986
50.0447	-1.4190682499999985
51.7129	-1.8797822499999988
53.381	-0.8815562499999989
55.0492	-1.3391202499999986
56.7173	-0.500210249999999
58.3855	-1.0591772499999987
60.0536	-0.6261672499999988
61.7218	-1.508484249999999
63.39	-1.4300052499999991
65.0581	-2.4657562499999983
66.7263	-2.1516382499999986
68.3944	-3.044273249999999
70.0626	-2.3834352499999985
71.7307	-2.7142352499999993
73.3989	-1.8903222499999992
75.067	-2.103395249999999
76.7352	-1.4127912499999986
78.4034	-2.066577249999999
80.0715	-1.686286249999999
81.7397	-2.5998552499999987
83.4078	-2.1997532499999983
85.076	-2.7437302499999996
86.7441	-2.117652249999999
88.4123	-2.540011249999999
90.0805	-1.7640062499999984
91.7486	-2.311094249999999
93.4168	-1.4735192499999987
95.0849	-1.385351249999999
96.7531	-0.2048712499999989
98.4212	-0.34740124999999916
100.089	0.23196675000000083
101.758	-0.6786092499999988
103.426	-0.7030322499999988
105.094	-1.8026762499999989
106.762	-1.5541712499999991
108.43	-2.0316892499999986
110.098	-1.3690622499999991
111.766	-1.8964802499999993
113.435	-1.351957249999999
115.103	-1.947042249999999
116.771	-1.4489782499999988
118.439	-2.0654602499999988
120.107	-1.5305302499999986
121.775	-2.066715249999999
123.444	-1.420520249999999
125.112	-1.9484762499999988
126.78	-1.0985662499999989
128.448	-1.4146082499999988
130.116	-0.7263122499999991
131.784	-1.2202552499999988
133.453	-0.7575402499999988
135.121	-1.712651249999999
136.789	-1.371452249999999
138.457	-2.289446249999999
140.125	-1.8435692499999992
141.793	-2.3609712499999986
143.461	-1.8916652499999986
145.13	-2.4673212499999986
146.798	-1.768488249999999
148.466	-2.4080882499999987
150.134	-1.4576762499999991
151.802	-1.5120412499999987
153.47	-0.5998312499999989
155.139	-0.7780392499999988
156.807	-0.15509124999999857
158.475	-0.8728382499999989
160.143	-0.512701249999999
161.811	-1.4289072499999986
163.479	-0.935633249999999
165.148	-1.3199942499999988
166.816	-0.7933652499999988
168.484	-1.327232249999999
170.152	-0.8084552499999992
171.82	-1.4641282499999988
173.488	-0.7959622499999988
175.156	-1.005091249999999
176.825	0.2243817500000011
178.493	0.7645167500000014
180.161	2.3921497500000015
181.829	3.007370750000001
183.497	4.563006750000001
185.165	4.444111750000001
186.834	4.552634750000001
188.502	3.3337277500000004
190.17	2.7570467500000007
191.838	2.6900557500000013
193.506	4.480699750000001
195.174	5.520615750000003
196.842	7.825041750000001
198.511	8.77258375
200.179	8.873508750000001
201.847	7.964107750000002
203.515	7.370753750000001
205.183	5.375420750000001
206.851	4.6275337500000004
208.52	2.066124750000001
210.188	0.8097397500000006
211.856	-0.34931124999999863
213.524	0.07250475000000148
215.192	0.741916750000001
216.86	5.117388750000002
218.529	9.362349750000003
220.197	16.778783750000002
221.865	21.534823750000005
223.533	24.46609375
225.201	22.060403750000003
226.869	17.38444375
228.537	10.329097749999999
230.206	5.643804750000001
231.874	1.112619750000001
233.542	1.0706087500000012
235.21	0.47763475000000105
236.878	1.3458367500000012
238.546	0.976726750000001
240.215	1.3532967500000008
241.883	0.8611807500000015
243.551	1.6421277500000009
245.219	0.7591567500000013
246.887	1.582991750000001
248.555	1.332728750000001
250.223	2.255308750000001
251.892	1.9238147500000014
253.56	2.6337457500000006
255.228	2.0767817500000016
256.896	2.906976750000001
258.564	2.4543717500000013
260.232	3.895214750000001
261.901	4.405102750000001
263.569	6.441630750000002
265.237	7.2873237500000005
266.905	8.882956750000002
268.573	8.29470175
270.241	8.41030375
271.91	6.995403750000001
273.578	8.646073750000001
275.246	9.721507750000002
276.914	12.79031375
278.582	13.655909750000001
280.25	13.984673750000002
281.918	10.83336375
283.587	7.728523749999999
285.255	3.1113687500000005
286.923	1.087690750000001
288.591	-1.2103122499999988
290.259	-1.039553249999999
291.927	-1.7707142499999988
293.596	-0.6695192499999989
295.264	-0.7850722499999988
296.932	0.6272297500000011
298.6	0.788643750000001
300.268	2.348051750000001
301.936	2.7536097500000016
303.605	3.9530737500000006
305.273	3.718333750000002
306.941	4.5174797500000015
308.609	4.960788750000001
310.277	7.30648975
311.945	8.05968775
313.613	9.36795475
315.282	7.908566750000001
316.95	6.0141757500000015
318.618	2.6724967500000005
320.286	1.0311037500000013
321.954	-0.1455752499999991
323.622	0.5001697500000013
325.291	0.22993175000000132
326.959	0.6468617500000009
328.627	0.6460097500000014
330.295	2.1459467500000016
331.963	2.3849117500000014
333.631	3.611129750000001
335.299	2.811857750000001
336.968	2.151341750000001
338.636	0.5532737500000009
340.304	0.2335967500000012
341.972	-0.135070249999999
343.64	1.7336017500000014
345.308	3.7511627500000015
346.977	9.11371375
348.645	12.95244275
350.313	16.770938750000006
351.981	16.393939749999998
353.649	14.306541750000003
355.317	8.87791975
356.986	4.3713517500000005
358.654	-0.04953924999999888
360.322	-0.7867322499999989
361.99	-1.7819592499999986
363.658	-1.2286182499999987
365.326	-1.8483682499999987
366.994	-0.9815772499999988
368.663	-0.7631692499999989
370.331	0.8879467500000011
371.999	2.5167757500000016
373.667	7.348462750000001
375.335	10.38628375
377.003	13.932389750000002
378.672	13.49926675
380.34	11.680607349999999
382.008	7.268137050000002
383.676	3.586737750000002
385.344	-0.7487304499999988
387.012	-1.3039348999999987
388.681	-2.912041949999999
390.349	-2.5152334499999984
392.017	-3.352126249999999
393.685	-2.5962992499999986
395.353	-2.836887249999999
397.021	-1.9172632499999984
398.689	-2.453345249999999
400.358	-1.7660332499999989
402.026	-2.571096249999999
403.694	-1.8803832499999988
405.362	-2.368597249999999
407.03	-1.621842249999999
408.698	-2.076564249999999
410.367	-1.566520249999999
412.035	-2.502945249999999
413.703	-2.1030962499999992
415.371	-3.079703249999999
417.039	-2.448154249999999
418.707	-2.9429962499999993
420.375	-2.133290249999999
422.044	-2.4983302499999995
423.712	-1.5133482499999993
425.38	-1.8812902499999986
427.048	-1.0153192499999988
428.716	-1.6210712499999986
430.384	-0.879202249999999
432.053	-1.3904702499999988
433.721	-0.553023249999999
435.389	-1.0870932499999992
437.057	-0.5395302499999991
438.725	-1.495895249999999
440.393	-1.4003832499999989
442.062	-2.3865722499999986
443.73	-1.752211249999999
445.398	-0.9459622499999988
447.066	2.7282887500000017
448.734	4.346763750000002
450.402	7.087383750000001
452.07	7.640093750000001
453.739	12.11786375
455.407	17.686713750000003
457.075	22.797579750000004
458.743	24.527103750000002
460.411	23.773333750000003
462.079	16.629313749999998
463.748	9.516353750000002
465.416	1.4149467500000008
467.084	-1.5497352499999988
468.752	-1.798492249999999
470.42	-1.081884249999999
472.088	-1.2813342499999991
473.756	-0.4847992499999991
475.425	-1.0495542499999992
477.093	-0.7772092499999991
478.761	-1.7859282499999989
480.429	-1.581794249999999
482.097	-2.233337249999999
483.765	-1.5408442499999988
485.434	-1.9280462499999989
487.102	-1.027059249999999
488.77	-1.0050762499999988
490.438	2.0967897500000006
492.106	4.041665750000002
493.774	6.591902750000001
495.443	6.767273750000001
497.111	6.11458875
498.779	2.9429967500000007
500.447	0.8235327500000007
502.115	-2.361997249999999
503.783	-2.2446162499999986
505.451	-2.7349252499999985
507.12	-2.1263392499999987
508.788	-2.447832249999999
510.456	-1.710408249999999
512.124	-2.212094249999999
513.792	-1.560349249999999
515.46	-2.1342032499999988
517.129	-1.540758249999999
518.797	-2.1374402499999987
520.465	-1.6010662499999988
522.133	-2.272841249999999
523.801	-1.7672412499999985
525.469	-2.4375262499999995
527.138	-1.8370062499999993
528.806	-2.407678249999999
530.474	-1.7956942499999993
532.142	-2.402733249999999
533.81	-1.766705249999999
535.478	-2.1849892499999983
537.146	-0.9040402499999989
538.815	0.909581750000001
540.483	3.851022750000001
542.151	5.141553750000002
543.819	6.295133750000001
545.487	4.571123750000002
547.155	2.9884967500000013
548.824	0.14889675000000127
550.492	-1.269142249999999
552.16	-2.1260832499999993
553.828	-1.553639249999999
555.496	-2.217708249999999
557.164	-1.682472249999999
558.832	-2.3146712499999986
560.501	-1.7827722499999994
562.169	-2.4191752499999986
563.837	-1.8558182499999987
565.505	-2.4627242499999995
567.173	-1.8688982499999987
568.841	-2.412047249999999
570.51	-1.723302249999999
572.178	-2.163070249999999
573.846	-1.4346312499999991
575.514	-2.0368642499999994
577.182	-1.4971532499999989
578.85	-2.126877249999999
580.519	-1.4412952499999991
582.187	-1.8718222499999988
583.855	-1.0484842499999991
585.523	-1.4829752499999989
587.191	-0.673855249999999
588.859	-1.1360372499999989
590.527	0.265278750000001
592.196	1.3821017500000012
593.864	3.795082750000001
595.532	4.406928750000001
597.2	5.059248750000001
598.868	3.072037750000001
600.536	1.4624977500000012
602.205	-1.3559802499999989
603.873	-2.233801249999999
605.541	-3.0280572499999985
607.209	-2.200922249999999
608.877	-2.582092249999998
610.545	-1.9507802499999982
612.213	-2.6410482499999985
613.882	-2.2277852499999993
615.55	-2.703338249999999
617.218	-1.828101249999999
618.886	-2.093834249999999
620.554	-1.4374642499999988
622.222	-2.4728282499999987
623.891	-2.357300249999999
625.559	-3.227444249999999
627.227	-2.597330249999999
628.895	-2.73969725
630.563	-1.7939202499999987
632.231	-2.105640249999999
633.9	-1.5411362499999988
635.568	-2.452333249999999
637.236	-2.1872272499999985
638.904	-2.6804442499999985
640.572	-1.8139802499999989
642.24	-0.14005712999999886
643.908	2.103234350000001
645.577	2.8097647500000016
647.245	3.6192477500000018
648.913	1.8359827500000017
650.581	0.5449647500000011
652.249	-1.6069776499999988
653.917	-2.4188303699999985
655.586	-2.4683331499999994
657.254	-1.5095142499999987
658.922	-2.159279249999999
660.59	-1.6021232499999989
662.258	-1.9723952499999988
663.926	-0.8506202499999992
665.595	-0.9022622499999988
667.263	0.2170477500000013
668.931	-0.163791249999999
670.599	0.33147975000000124
672.267	-0.6296022499999989
673.935	-0.4897912499999988
675.603	-1.2501882499999988
677.272	-0.7815462499999988
678.94	-1.5386682499999986
680.608	-1.1419122499999992
682.276	-1.9172792499999987
683.944	-1.445665249999999
685.612	-2.0753132499999984
687.281	-1.4376832499999987
688.949	-1.8616332499999984
690.617	-1.105991249999999
692.285	-1.6334912499999987
693.953	-1.042175249999999
695.621	-1.7009922499999988
697.289	-1.296037249999999
698.958	-2.0088802499999994
700.626	-1.5356862499999986
702.294	-2.2275082499999996
703.962	-1.658214249999999
705.63	-2.2729872499999986
707.298	-1.6917362499999986
708.967	-2.217312249999998
710.635	-1.6416622499999989
712.303	-2.253839249999999
713.971	-1.723651249999999
715.639	-2.4199612499999987
717.307	-1.850708249999999
718.976	-2.3928932499999993
720.644	-1.7979212499999988
722.312	-2.389077249999999
723.98	-1.8444852499999986
725.648	-2.4799882499999986
727.316	-1.9063772499999985
728.984	-2.460864249999999
730.653	-1.8131272499999995
732.321	-2.352849249999999
733.989	-1.767055249999999
735.657	-2.3826342499999993
737.325	-1.629836249999999
738.993	-1.825554249999999
740.662	-0.22718324999999862
742.33	1.3746077500000011
743.998	5.123546750000001
745.666	7.018973750000001
747.334	8.860603750000001
749.002	7.593013750000002
750.67	5.9017637500000015
752.339	2.247130750000001
754.007	0.08007275000000132
755.675	-2.1255302499999993
757.343	-1.6457872499999986
759.011	-2.114167249999999
760.679	-1.2689672499999987
762.348	-1.605772249999999
764.016	-0.8241902499999988
765.684	-1.421297249999999
767.352	-0.9874742499999988
769.02	-1.727300249999999
770.688	-1.2127642499999989
772.357	-1.8212222499999986
774.025	-1.189347249999999
775.693	-1.7041632499999992
777.361	-1.050393249999999
779.029	-1.5377652499999988
780.697	-0.961883249999999
782.365	-1.5845512499999992
784.034	-1.1000892499999988
785.702	-1.7923722499999983
787.37	-1.3455752499999987
789.038	-2.029566249999998
790.706	-1.545693249999999
792.374	-2.151592249999999
794.043	-1.598891249999999
795.711	-2.166635249999999
797.379	-1.5828762499999989
799.047	-2.140311249999999
800.715	-1.5384662499999988
802.383	-2.134139249999999
804.052	-1.5434902499999985
805.72	-2.105998249999999
807.388	-1.5381542499999987
809.056	-2.1312122499999986
810.724	-1.5612762499999986
812.392	-2.157358249999999
814.06	-1.594735249999999
815.729	-2.190980249999998
817.397	-1.5767172499999988
819.065	-2.095517249999999
820.733	-1.4877652499999987
822.401	-2.045743249999999
824.069	-1.4614272499999987
825.738	-2.0557782499999995
827.406	-1.503562249999999
829.074	-2.0931092499999986
830.742	-1.522324249999999
832.41	-2.082450249999999
834.078	-1.5060602499999989
835.746	-2.0869962499999994
837.415	-1.5249132499999989
839.083	-2.118973249999999
840.751	-1.5439292499999988
842.419	-2.1162652499999988
844.087	-1.541430249999999
845.755	-2.1275622499999995
847.424	-1.5479022499999986
849.092	-2.1136532499999996
850.76	-1.5173482499999984
852.428	-2.087502249999999
854.096	-1.472212249999999
855.764	-2.045981249999999
857.433	-1.4491692499999989
859.101	-2.031361249999999
860.769	-1.451109249999999
862.437	-2.037594249999999
864.105	-1.444151249999999
865.773	-2.031972249999999
867.441	-1.410609249999999
869.11	-1.9823952499999986
870.778	-1.3846542499999992
872.446	-1.981887249999999
874.114	-1.4267682499999987
875.782	-2.0497612499999986
877.45	-1.446199249999999
879.119	-2.019994249999999
880.787	-1.3790642499999992
882.455	-1.968499249999999
884.123	-1.384347249999999
885.791	-1.7591572499999988
887.459	-0.9798092499999989
889.127	-1.3815882499999987
890.796	-0.722979249999999
892.464	-1.418088249999999
894.132	-1.0322792499999986
895.8	-1.8206042499999988
897.468	-1.4361302499999988
899.136	-1.9467832499999986
900.805	-1.3141892499999988
902.473	-1.8594642499999985
904.141	-1.295486249999999
905.809	-1.943292249999999
907.477	-1.4753622499999985
909.145	-2.095770249999999
910.814	-1.5554192499999988
912.482	-2.155926249999999
914.15	-1.5860002499999986
915.818	-2.1810962499999986
917.486	-1.6048112499999987
919.154	-2.190757249999999
920.822	-1.6287672499999986
922.491	-2.1947852499999985
924.159	-1.553916249999999
925.827	-2.0988452499999988
927.495	-1.4431572499999987
929.163	-1.9492792499999994
930.831	-1.3101772499999986
932.5	-1.907688249999999
934.168	-1.3436552499999987
935.836	-1.9680622499999991
937.504	-1.3999242499999989
939.172	-1.986654249999999
940.84	-1.3555022499999991
942.509	-1.8813272499999987
944.177	-1.2703832499999987
945.845	-1.8953102499999985
947.513	-1.306453249999999
949.181	-1.959110249999999
950.849	-1.3033712499999985
952.517	-1.9442242499999989
954.186	-1.2412472499999991
955.854	-1.7642042499999988
957.522	-1.0253772499999987
959.19	-1.583417249999999
960.858	0.21699075000000106
962.526	3.693862750000001
964.195	7.499306550000002
965.863	9.520488750000002
967.531	10.281496750000002
969.199	7.3178228500000015
970.867	4.195333750000001
972.535	-0.044881049999998625
974.203	-2.4311172499999985
975.872	-2.631501629999999
977.54	-2.1611802499999984
979.208	-2.5957332499999994
980.876	-2.052234249999999
982.544	-2.4650742499999985
984.212	-1.8824672499999984
985.881	-2.401010249999999
987.549	-1.850511249999999
989.217	-2.4251232499999986
990.885	-1.9012112499999987
992.553	-2.470652249999999
994.221	-1.8816172499999986
995.89	-2.389897249999999
997.558	-1.757743249999999
999.226	-2.311131249999999
1000.89	-1.7070942499999986
1002.56	-2.259215249999999
1004.23	-1.6602232499999985
1005.9	-2.242691249999999
1007.57	-1.6611312499999986
1009.23	-2.272059249999999
1010.9	-1.6844532499999985
1012.57	-2.2951522499999992
1014.24	-1.752790249999999
1015.91	-2.3813942499999987
1017.58	-1.821990249999999
1019.24	-2.416921249999999
1020.91	-1.795253249999999
1022.58	-2.407003249999999
1024.25	-1.8188512499999985
1025.92	-2.523539249999999
1027.58	-2.0931602499999986
1029.25	-2.870057249999998
1030.92	-2.427239249999999
1032.59	-3.319654749999999
1034.26	-1.685226249999999
1035.93	0.7139897500000011
1037.59	5.011344750000001
1039.26	7.71696275
1040.93	9.91346275
1042.6	8.55381175
1044.27	6.750047750000002
1045.93	2.7978847500000006
1047.6	0.7037087500000011
1049.27	-0.8290792499999988
1050.94	-0.5992082499999989
1052.61	-1.493526249999999
1054.28	-1.1831962499999988
1055.94	-1.8633792499999988
1057.61	-1.244444249999999
1059.28	-1.705267249999999
1060.95	-1.0258142499999987
1062.62	-1.541534249999999
1064.28	-0.991465249999999
1065.95	-1.606099249999999
1067.62	-1.102929249999999
1069.29	-1.7078872499999989
1070.96	-1.107190249999999
1072.62	-1.6412352499999987
1074.29	-1.0588392499999988
1075.96	-1.6695042499999988
1077.63	-1.2418192499999992
1079.3	-1.8873262499999988
1080.97	-1.412230249999999
1082.63	-1.9720402499999987
1084.3	-1.3542112499999988
1085.97	-1.8475712499999986
1087.64	-1.2265622499999986
1089.31	-1.768612249999999
1090.97	-1.2845322499999985
1092.64	-1.860736249999999
1094.31	-1.3585612499999988
1095.98	-1.9148862499999981
1097.65	-1.3576952499999986
1099.32	-1.895046249999999
1100.98	-1.3127282499999988
1102.65	-1.8589112499999991
1104.32	-1.3023902499999989
1105.99	-1.862799249999999
1107.66	-1.314441249999999
1109.32	-1.8689832499999994
1110.99	-1.297424249999999
1112.66	-1.8569882499999988
1114.33	-1.3031972499999989
1116.0	-1.8907092499999991
1117.66	-1.333793249999999
1119.33	-1.892741249999999
1121.0	-1.307773249999999
1122.67	-1.854508249999999
1124.34	-1.2653832499999988
1126.01	-1.8167642499999992
1127.67	-1.250443249999999
1129.34	-1.8036092499999985
1131.01	-1.220488249999999
1132.68	-1.750820249999999
1134.35	-1.1657882499999987
1136.01	-1.6937712499999988
1137.68	-1.1565462499999994
1139.35	-1.6477532499999987
1141.02	-1.2639622499999987
1142.69	-0.7548402499999985
1144.36	1.6105137500000013
1146.02	2.5081997500000015
1147.69	4.246422750000001
1149.36	3.4840967500000013
1151.03	2.8230937500000017
1152.7	0.6463097500000012
1154.36	-0.571751249999999
1156.03	-2.0182462499999985
1157.7	-1.2014962499999988
1159.37	-2.0419032499999985
1161.04	-1.2238912499999988
1162.71	-2.0356472499999994
1164.37	-1.041622249999999
1166.04	-1.771223249999999
1167.71	0.6033842500000006
1169.38	4.991449750000001
1171.05	9.87064275
1172.71	12.933033750000002
1174.38	14.27610375
1176.05	10.99626375
1177.72	7.346961750000001
1179.39	2.0034947500000007
1181.05	-1.1772622499999987
1182.72	-1.6457752499999991
1184.39	-1.417143249999999
1186.06	-1.8010272499999984
1187.73	-1.3478082499999988
1189.4	-1.745171249999999
1191.06	-1.2236062499999991
1192.73	-1.6387512499999985
1194.4	-1.145880249999999
1196.07	-1.634581249999999
1197.74	-1.1551432499999987
1199.4	-1.6839152499999988
1201.07	-1.2013832499999986
1202.74	-1.692247249999999
1204.41	-1.181065249999999
1206.08	-1.6878072499999988
1207.75	-1.1813842499999987
1209.41	-1.6857322499999987
1211.08	-1.1484932499999991
1212.75	-1.633689249999999
1214.42	-1.1121522499999985
1216.09	-1.6178162499999988
1217.75	-1.0992462499999993
1219.42	-1.638503249999999
1221.09	-1.137756249999999
1222.76	-1.6799422499999992
1224.43	-1.193889249999999
1226.1	-1.751145249999999
1227.76	-1.2462992499999987
1229.43	-1.7770992499999991
1231.1	-1.2020232499999992
1232.77	-1.6865662499999985
1234.44	-1.1140322499999988
1236.1	-1.617280249999999
1237.77	-1.087905249999999
1239.44	-1.662537249999999
1241.11	-1.1841472499999992
1242.78	-1.8048192499999989
1244.44	-1.3239112499999988
1246.11	-1.8755372499999985
1247.78	-1.3284822499999989
1249.45	-1.835016249999999
1251.12	-1.2644192499999987
1252.79	-1.8060882499999984
1254.45	-1.277938249999999
1256.12	-1.8299532499999986
1257.79	-1.276758249999999
1259.46	-1.747263249999999
1261.13	-1.079365249999999
1262.79	-1.4746332499999988
1264.46	-0.7589162499999988
1266.13	-1.0663232499999988
1267.8	1.433712750000001
1269.47	2.7726467500000007
1271.14	4.875091750000001
1272.8	4.934683750000001
1274.47	4.575337750000001
1276.14	2.183185750000001
1277.81	0.8215627500000011
1279.48	-1.662931249999999
1281.14	-1.274566249999999
1282.81	-1.708348249999999
1284.48	-1.1680342499999985
1286.15	-1.6713072499999988
1287.82	-1.1451632499999989
1289.49	-1.6381242499999993
1291.15	-1.139456249999999
1292.82	-1.7087552499999987
1294.49	-1.219333249999999
1296.16	-1.7796832499999993
1297.83	-1.2382082499999991
1299.49	-1.718255249999999
1301.16	-1.2020792499999988
1302.83	-1.7725542499999989
1304.5	-1.359302249999999
1306.17	-1.9881202499999993
1307.83	-1.5049232499999987
1309.5	-1.9963482499999992
1311.17	-1.3678832499999989
1312.84	-1.7741642499999983
1314.51	-1.1757242499999987
1316.18	-1.6799312499999985
1317.84	-1.178963249999999
1319.51	-1.7537472499999989
1321.18	-1.2538122499999986
1322.85	-1.7801932499999988
1324.52	-1.1924072499999987
1326.18	-1.646026249999999
1327.85	-1.0475242499999988
1329.52	-1.5684772499999988
1331.19	-1.054947249999999
1332.86	-1.6088762499999987
1334.53	-1.1029092499999988
1336.19	-1.581256249999999
1337.86	-1.0217682499999987
1339.53	-1.579549249999999
1341.2	-1.1450912499999988
1342.87	-1.8371892499999987
1344.53	-1.434148249999999
1346.2	-2.0141472499999984
1347.87	-1.4687712499999988
1349.54	-1.8950682499999985
1351.21	-1.2839932499999989
1352.88	-1.695902249999999
1354.54	-1.1492612499999988
1356.21	-1.6063942499999988
1357.88	-1.073183249999999
1359.55	-1.520679249999999
1361.22	-1.016524249999999
1362.88	-1.425309249999999
1364.55	-0.9141952499999988
1366.22	-1.181889249999999
1367.89	-0.7541502499999988
1369.56	-0.04306224999999877
1371.22	2.4164367500000012
1372.89	3.4110337500000005
1374.56	4.932296750000001
1376.23	3.978772750000002
1377.9	2.8874177500000013
1379.57	0.47917075000000126
1381.23	-1.0439122499999989
1382.9	-2.5048322499999984
1384.57	-1.6709212499999986
1386.24	-2.260163249999999
1387.91	-1.4903222499999986
1389.57	-2.0556862499999986
1391.24	-1.3607792499999989
1392.91	-1.9064542499999988
1394.58	-1.2794122499999987
1396.25	-1.8265522499999989
1397.92	-1.218909249999999
1399.58	-1.7483372499999987
1401.25	-1.1573642499999992
1402.92	-1.120357249999999
1404.59	4.608613750000002
1406.26	9.79174375
1407.92	16.007833749999996
1409.59	18.415813749999998
1411.26	17.70839375
1412.93	12.55934375
1414.6	7.401553750000001
1416.27	0.7565157500000013
1417.93	-0.3276262499999989
1419.6	-1.428445249999999
1421.27	-1.0020812499999987
1422.94	-1.6322102499999989
1424.61	-1.0740662499999991
1426.27	-1.6660532499999987
1427.94	-1.0492132499999989
1429.61	-1.605528249999999
1431.28	-0.9597682499999989
1432.95	-1.4717332499999989
1434.61	-0.8628692499999987
1436.28	-1.4235362499999988
1437.95	-0.8284102499999987
1439.62	-1.3915662499999988
1441.29	-0.789339249999999
1442.96	-1.3822312499999987
1444.62	-0.8219352499999989
1446.29	-1.451494249999999
1447.96	-0.9683352499999988
1449.63	-1.6258382499999988
1451.3	-1.0981202499999987
1452.96	-1.676501249999999
1454.63	-1.0367502499999988
1456.3	-1.5468072499999987
1457.97	-0.8687782499999989
1459.64	-1.3575412499999993
1461.31	-0.710957249999999
1462.97	-1.3484692499999988
1464.64	-0.5223302499999992
1466.31	-0.46382924999999897
1467.98	1.0146637500000009
1469.65	1.8259537500000012
1471.31	3.350453750000001
1472.98	3.1130537500000015
1474.65	3.3749937500000016
1476.32	1.7021607500000009
1477.99	1.063293750000001
1479.65	-0.3892282499999989
1481.32	-0.566049249999999
1482.99	-1.2630482499999987
1484.66	-0.7669922499999986
1486.33	-1.357921249999999
1488.0	-0.8148812499999991
1489.66	-1.354196249999999
1491.33	-0.8059752499999988
1493.0	-0.7913212499999988
1494.67	4.834173750000002
1496.34	8.770281750000002
1498.0	13.38246675
1499.67	14.225093750000003
1501.34	12.45821975
1503.01	7.3637527500000015
1504.68	3.2481597500000006
1506.35	-1.906842249999999
1508.01	-1.3394272499999988
1509.68	-1.7482662499999986
1511.35	-1.1046542499999987
1513.02	-1.6258842499999986
1514.69	-1.0668202499999988
1516.35	-1.6653342499999986
1518.02	-1.1226622499999988
1519.69	-1.6316782499999989
1521.36	-1.0030582499999992
1523.03	-1.474193249999999
1524.7	-0.8422572499999987
1526.36	-1.4256472499999988
1528.03	-0.8733452499999987
1529.7	-1.4873582499999987
1531.37	-0.9532192499999989
1533.04	-1.536633249999999
1534.7	-0.966973249999999
1536.37	-1.565530249999999
1538.04	-0.9742342499999987
1539.71	-1.540882249999999
1541.38	-0.930417249999999
1543.04	-1.4758722499999988
1544.71	-0.8928082499999987
1546.38	-1.496807249999999
1548.05	-0.9115052499999988
1549.72	-1.5214092499999992
1551.39	-0.9416272499999989
1553.05	-1.498273249999999
1554.72	-0.9110382499999986
1556.39	-1.5049942499999989
1558.06	-0.8936902499999988
1559.73	-1.5176802499999986
1561.39	-0.8701152499999987
1563.06	-1.4818292499999988
1564.73	-0.8371532499999988
1566.4	-1.4822582499999988
1568.07	-0.7705602499999988
1569.74	-1.4311342499999988
1571.4	-0.367222249999999
1573.07	-0.847081249999999
1574.74	3.059308750000001
1576.41	8.11737375
1578.08	13.199753750000003
1579.74	15.920183750000001
1581.41	15.929483750000003
1583.08	11.53337375
1584.75	7.2314637500000005
1586.42	1.4303137500000012
1588.09	-0.7477272499999993
1589.75	-0.752816249999999
1591.42	-0.5628602499999991
1593.09	-0.7777902499999989
1594.76	-0.562055249999999
1596.43	-0.9876162499999991
1598.09	-0.7466502499999987
1599.76	-1.2395592499999988
1601.43	-0.920566249999999
1603.1	-1.3133992499999985
1604.77	-0.9441062499999988
1606.43	-1.249338249999999
1608.1	-0.8394622499999989
1609.77	-1.1773872499999987
1611.44	-0.816011249999999
1613.11	-1.1981742499999988
1614.78	-0.8614072499999988
1616.44	-1.158779249999999
1618.11	-0.858287249999999
1619.78	-1.019851249999999
1621.45	-0.5943602499999989
1623.12	0.8048737500000012
1624.78	5.265780750000001
1626.45	8.26078275
1628.12	11.77812375
1629.79	11.821243750000002
1631.46	10.05568375
1633.13	6.222783750000001
1634.79	2.6362527500000015
1636.46	0.16979875000000105
1638.13	6.521979750000002
1639.8	11.858393750000001
1641.47	19.986473750000002
1643.13	22.76442375
1644.8	22.17581375
1646.47	15.950763750000004
1648.14	9.379763750000002
1649.81	1.135197750000001
1651.48	-0.24731524999999888
1653.14	-2.406840249999999
1654.81	-1.1857522499999988
1656.48	-2.8900122499999994
1658.15	1.2556553500000014
1659.82	5.530489750000002
1661.48	10.74793875
1663.15	14.86600375
1664.82	18.815563750000003
1666.49	18.825483749999997
1668.16	18.949503749999998
1669.82	14.371306750000002
1671.49	11.988183750000003
1673.16	8.645903749999999
1674.83	4.813843750000002
1676.5	0.9597387500000009
1678.17	0.17829875000000106
1679.83	-0.8381692499999988
1681.5	-0.01549724999999862
1683.17	0.0556457500000012
1684.84	1.2958787500000009
1686.51	1.5043977500000012
1688.17	2.390483750000001
1689.84	1.5142137500000012
1691.51	1.547798750000001
1693.18	0.08921575000000104
1694.85	0.04395075000000102
1696.52	-0.6958502499999987
1698.18	-0.44546224999999884
1699.85	-1.1380002499999986
1701.52	-0.5877102499999991
1703.19	-1.128482249999999
1704.86	-0.4468512499999987
1706.52	-0.885755249999999
1708.19	-0.22585824999999904
1709.86	-0.7477962499999988
1711.53	-0.24014924999999873
1713.2	-0.9020252499999988
1714.87	-0.268196249999999
1716.53	-0.7606232499999986
1718.2	-0.03759424999999883
1719.87	-0.5319152499999992
1721.54	0.07131975000000121
1723.21	-0.526922249999999
1724.87	-0.04388624999999875
1726.54	-0.7106902499999989
1728.21	-0.18517724999999893
1729.88	-0.8393422499999985
1731.55	-0.3233292499999987
1733.21	-0.923358249999999
1734.88	-0.24963324999999878
1736.55	-0.719146249999999
1738.22	0.028571750000000763
1739.89	-0.47345624999999913
1741.56	0.0794187500000012
1743.22	-0.4607212499999987
1744.89	0.4260377500000012
1746.56	0.1785817500000011
1748.23	2.5009897500000013
1749.9	4.430442750000001
1751.56	6.621597950000002
1753.23	6.779700750000002
1754.9	6.241533250000001
1756.57	3.3960717500000017
1758.24	1.6770547500000013
1759.91	-0.9877411499999988
1761.57	-1.2410102499999986
1763.24	-1.2896832499999988
1764.91	-0.6959192499999985
1766.58	-1.1904702499999993
1768.25	-0.7532032499999988
1769.91	-1.2909892499999986
1771.58	-0.6970222499999992
1773.25	-1.1949452499999986
1774.92	-0.5677792499999986
1776.59	-1.067823249999999
1778.25	-0.49631824999999896
1779.92	-1.0106332499999988
1781.59	-0.4907422499999988
1783.26	-1.086411249999999
1784.93	-0.5149452499999991
1786.6	-1.1370912499999988
1788.26	-0.552782249999999
1789.93	-1.107350249999999
1791.6	-0.5035192499999986
1793.27	-1.061858249999999
1794.94	-0.4221082499999989
1796.6	-1.080700249999999
1798.27	-0.3475352499999991
1799.94	-1.239611249999999
1801.61	0.6344777500000012
1803.28	2.557713750000001
1804.95	5.0862837500000015
1806.61	6.124363750000002
1808.28	6.58299375
1809.95	4.3636377500000005
1811.62	2.8656407500000007
1813.29	-0.10154924999999855
1814.95	-0.782097249999999
1816.62	-0.9354802499999989
1818.29	-0.588675249999999
1819.96	-0.9805062499999989
1821.63	-0.5740362499999991
1823.3	-1.009709249999999
1824.96	-0.5902382499999985
1826.63	-1.0270842499999988
1828.3	-0.5564522499999989
1829.97	-0.9765942499999989
1831.64	-0.4683002499999988
1833.3	-0.8877852499999991
1834.97	-0.36335824999999905
1836.64	-0.801676249999999
1838.31	-0.3127342499999989
1839.98	-0.8025192499999987
1841.64	-0.34406724999999894
1843.31	-0.8717372499999987
1844.98	-0.4191802499999987
1846.65	-0.9560592499999989
1848.32	-0.47183124999999854
1849.99	-0.979693249999999
1851.65	-0.4913132499999989
1853.32	-0.9856832499999989
1854.99	-0.49160524999999866
1856.66	-0.9544672499999984
1858.33	-0.4313702499999989
1859.99	-0.9286022499999987
1861.66	-0.41261524999999877
1863.33	-0.914771249999999
1865.0	-0.39884424999999923
1866.67	-0.855920249999999
1868.34	-0.312457249999999
1870.0	-0.7413492499999987
1871.67	-0.185070249999999
1873.34	-0.6359422499999987
1875.01	-0.10960024999999902
1876.68	-0.6299852499999989
1878.34	-0.16622524999999905
1880.01	-0.7296232499999988
1881.68	-0.26086424999999897
1883.35	-0.759391249999999
1885.02	-0.22795024999999872
1886.69	-0.6448582499999989
1888.35	-0.08288224999999852
1890.02	-0.5717772499999991
1891.69	-0.07769824999999901
1893.36	-0.622958249999999
1895.03	-0.1692622499999988
1896.69	-0.697831249999999
1898.36	-0.243713249999999
1900.03	-0.7711622499999985
1901.7	-0.27712824999999874
1903.37	-0.806710249999999
1905.03	-0.2998432499999991
1906.7	-0.8031592499999987
1908.37	-0.3121682499999988
1910.04	-0.8091842499999989
1911.71	-0.33521724999999913
1913.38	-0.8808902499999988
1915.04	-0.3960152499999987
1916.71	-0.918041249999999
1918.38	-0.4031612499999989
1920.05	-0.8743692499999988
1921.72	-0.31240124999999885
1923.38	-0.7555862499999989
1925.05	-0.20857224999999868
1926.72	-0.6788702499999987
1928.39	-0.14784524999999887
1930.06	-0.6399792499999988
1931.73	-0.12490524999999905
1933.39	-0.6219092499999987
1935.06	-0.12813624999999879
1936.73	-0.6793112499999989
1938.4	-0.22412324999999883
1940.07	-0.7790982499999985
1941.73	-0.2817402499999989
1943.4	-0.7848832499999991
1945.07	-0.2582652499999988
1946.74	-0.7170792499999987
1948.41	-0.19328124999999902
1950.08	-0.6909402499999988
1951.74	-0.19502424999999873
1953.41	-0.6882712499999988
1955.08	-0.15755424999999904
1956.75	-0.653778249999999
1958.42	-0.13616024999999876
1960.08	-0.654720249999999
1961.75	-0.1663562499999987
1963.42	-0.6710222499999988
1965.09	-0.16629924999999873
1966.76	-0.6445462499999989
1968.42	-0.1376952499999989
1970.09	-0.6591752499999985
1971.76	-0.16504024999999878
1973.43	-0.6910812499999986
1975.1	-0.1701072499999988
1976.77	-0.6672082499999992
1978.43	-0.14023824999999893
1980.1	-0.6341892499999989
1981.77	-0.14139824999999906
1983.44	-0.6453362499999986
1985.11	-0.11682424999999892
1986.77	-0.5841002499999988
1988.44	-0.026541249999999118
1990.11	-0.5063752499999989
1991.78	0.015529750000001208
1993.45	-0.47797124999999846
1995.12	0.03428775000000126
1996.78	-0.4641352499999988
1998.45	0.028477750000001124
2000.12	-0.48242324999999886
2001.79	0.03356075000000125
2003.46	-0.4606522499999988
2005.12	0.062611750000001
2006.79	-0.4003642499999989
2008.46	0.11405075000000106
2010.13	-0.425455249999999
2011.8	0.008783750000000801
2013.47	-0.5708992499999986
2015.13	-0.07048524999999906
2016.8	-0.5698922499999985
2018.47	-0.0496212499999988
2020.14	-0.5439632499999988
2021.81	-0.06011524999999871
2023.47	-0.6217822499999988
2025.14	-0.14796324999999885
2026.81	-0.6731242499999988
2028.48	-0.14138024999999904
2030.15	-0.6008552499999988
2031.81	-0.07633124999999889
2033.48	-0.569980249999999
2035.15	-0.032869249999999
2036.82	-0.5101312499999988
2038.49	0.03968375000000126
2040.16	-0.40563124999999883
2041.82	0.13857075000000094
2043.49	-0.3276972499999987
2045.16	0.182135750000001
2046.83	-0.35665824999999884
2048.5	0.1263827500000012
2050.16	-0.37405424999999876
2051.83	0.1289967500000012
2053.5	-0.3788932499999989
2055.17	0.10347975000000105
2056.84	-0.4310782499999986
2058.51	0.056922750000001264
2060.17	-0.45062124999999875
2061.84	0.06092675000000103
2063.51	-0.4102892499999989
2065.18	0.09680775000000104
2066.85	-0.4360402499999987
2068.51	0.00017975000000109987
2070.18	-0.551159249999999
2071.85	-0.047490249999998825
2073.52	-0.5131512499999988
2075.19	0.064441750000001
2076.86	-0.3691302499999988
2078.52	0.18787175000000095
2080.19	-0.28778524999999944
2081.86	0.18544275000000124
2083.53	-0.351510249999999
2085.2	0.11796575000000117
2086.86	-0.4171812499999987
2088.53	0.06121075000000111
2090.2	-0.4707142499999989
2091.87	0.01863375000000129
2093.54	-0.5049242499999984
2095.2	-0.010015249999998943
2096.87	-0.5314282499999988
2098.54	-0.03780624999999897
2100.21	-0.549044249999999
2101.88	-0.051468249999999216
2103.55	-0.551475249999999
2105.21	-0.015935249999998645
2106.88	-0.493385249999999
2108.55	0.049576750000000835
2110.22	-0.42698024999999884
2111.89	0.07755575000000121
2113.55	-0.43821924999999917
2115.22	0.06241175000000112
2116.89	-0.4231212499999989
2118.56	0.10470575000000135
2120.23	-0.35226924999999926
2121.9	0.17546275000000158
2123.56	-0.3154172499999991
2125.23	0.15776175000000112
2126.9	-0.36941024999999905
2128.57	0.1222397500000012
2130.24	-0.3759312499999991
2131.9	0.12736075000000113
2133.57	-0.3893852499999989
2135.24	0.11703175000000118
2136.91	-0.36874224999999916
2138.58	0.13584575000000126
2140.24	-0.31969024999999895
2141.91	0.23254775000000105
2143.58	-0.23192624999999917
2145.25	0.2827617500000013
2146.92	-0.22825524999999888
2148.59	0.25889975000000087
2150.25	-0.21857524999999906
2151.92	0.286284750000001
2153.59	-0.14698224999999887
2155.26	0.3805187500000013
2156.93	-0.10650924999999897
2158.59	0.33821275000000117
2160.26	-0.21400424999999892
2161.93	0.2206657500000011
2163.6	-0.272166249999999
2165.27	0.23964375000000118
2166.94	-0.19004324999999866
2168.6	0.3213667500000012
2170.27	-0.1562582499999987
2171.94	0.3181257500000008
2173.61	-0.18423224999999874
2175.28	0.302157750000001
2176.94	-0.17060824999999885
2178.61	0.331935750000001
2180.28	-0.13747524999999888
2181.95	0.35959275000000107
2183.62	-0.1228292499999986
2185.29	0.3907247500000011
2186.95	-0.08957224999999855
2188.62	0.41556175000000106
2190.29	-0.07266324999999921
2191.96	0.4040097500000012
2193.63	-0.10390824999999922
2195.29	0.3851457500000011
2196.96	-0.09931224999999895
2198.63	0.41829975000000114
2200.3	-0.07136624999999892
2201.97	0.4090107500000011
2203.63	-0.12573824999999877
2205.3	0.3201637500000013
2206.97	-0.17146224999999884
2208.64	0.3491707500000011
2210.31	-0.07546624999999878
2211.98	0.47158175000000124
2213.64	0.004025750000001338
2215.31	0.48291175000000097
2216.98	-0.01611024999999895
2218.65	0.435664750000001
2220.32	-0.07055724999999882
2221.98	0.4117327500000011
2223.65	-0.06668224999999879
2225.32	0.44268675000000124
2226.99	-0.008356249999998866
2228.66	0.5051287500000013
2230.33	0.03469775000000119
2231.99	0.4984947500000013
2233.66	-0.03417224999999906
2235.33	0.4243547500000012
2237.0	-0.061049249999999056
2238.67	0.44789575000000087
2240.33	-0.020594249999998836
2242.0	0.4618227500000014
2243.67	-0.047936249999998994
2245.34	0.40477375000000093
2247.01	-0.09576224999999852
2248.68	0.4134357500000011
2250.34	-0.0011492499999986804
2252.01	0.5439537500000012
2253.68	0.12482775000000128
2255.35	0.6245417500000011
2257.02	0.1079917500000013
2258.68	0.5563457500000013
2260.35	-0.026992249999998563
2262.02	0.37436475000000125
2263.69	-0.13189524999999874
2265.36	0.3620657500000009
2267.02	-0.03438424999999885
2268.69	0.5406987500000009
2270.36	0.12350375000000095
2272.03	0.6543937500000012
2273.7	0.1426837500000012
2275.37	0.5443637500000014
2277.03	-0.008538249999998904
2278.7	0.4079457500000011
2280.37	-0.09267524999999885
2282.04	0.37340775000000104
2283.71	-0.08854524999999888
2285.37	0.4479147500000014
2287.04	0.04735775000000118
2288.71	0.6003667500000012
2290.38	0.19789375000000115
2292.05	0.7222547500000014
2293.72	0.2573367500000014
2295.38	0.696521750000001
2297.05	0.16991075000000092
2298.72	0.6056567500000011
2300.39	0.12958375000000116
2302.06	0.6076837500000014
2303.72	0.14933975000000094
2305.39	0.6466837500000009
2307.06	0.2098877500000013
2308.73	0.6883467500000009
2310.4	0.23723475000000088
2312.07	0.6835237500000011
2313.73	0.15696275000000098
2315.4	0.5826937500000012
2317.07	0.08312075000000085
2318.74	0.5686667500000014
2320.41	0.15410375000000104
2322.07	0.6563977500000011
2323.74	0.18461275000000105
2325.41	0.6480487500000012
2327.08	0.1382867500000012
2328.75	0.601883750000001
2330.41	0.14567975000000094
2332.08	0.6176437500000012
2333.75	0.13350775000000148
2335.42	0.5861347500000009
2337.09	0.05303175000000131
2338.76	0.49271175000000067
2340.42	-0.012060249999998973
2342.09	0.44118875000000096
2343.76	0.00324275000000096
2345.43	0.5442217500000011
2347.1	0.13518075000000138
2348.76	0.6784747500000012
2350.43	0.2070087500000012
2352.1	0.6445737500000011
2353.77	0.10532475000000119
2355.44	0.5333137500000011
2357.11	0.04081175000000119
2358.77	0.5332357500000008
2360.44	0.08258675000000118
2362.11	0.5704037500000011
2363.78	0.10651375000000093
2365.45	0.5962807500000011
2367.11	0.139216750000001
2368.78	0.6685127500000011
2370.45	0.22949675000000108
2372.12	0.6858867500000011
2373.79	0.2116147500000011
2375.46	0.6879387500000009
2377.12	0.23929675000000133
2378.79	0.770429750000001
2380.46	0.3572077500000015
2382.13	0.8991537500000012
2383.8	0.4623337500000009
2385.46	0.897163750000001
2387.13	0.41986375000000126
2388.8	0.892283750000001
2390.47	0.4225747500000011
2392.14	0.8916537500000011
2393.8	0.4338137500000011
2395.47	0.9037337500000009
2397.14	0.465013750000001
2398.81	0.9114237500000014
2400.48	0.4235837500000009
2402.15	0.8484637500000008
2403.81	0.34102175000000123
2405.48	0.7618437500000013
2407.15	0.3091457500000011
2408.82	0.8065137500000013
2410.49	0.416807750000001
2412.15	0.9155437500000012
2413.82	0.449369750000001
2415.49	0.8806637500000015
2417.16	0.40398975000000126
2418.83	0.8463637500000012
2420.5	0.39417075000000124
2422.16	0.8621237500000012
2423.83	0.4073657500000012
2425.5	0.8406767500000012
2427.17	0.3555017500000014
2428.84	0.8218337500000011
2430.5	0.4299277500000011
2432.17	0.938883750000001
2433.84	0.5398637500000012
2435.51	1.0444337500000012
2437.18	0.6145437500000013
2438.85	1.0878937500000014
2440.51	0.6281047500000015
2442.18	1.059633750000001
2443.85	0.5737217500000013
2445.52	0.9742837500000014
2447.19	0.47197475000000094
2448.85	0.928013750000001
2450.52	0.499923750000001
2452.19	0.9836737500000012
2453.86	0.5515837500000013
2455.53	0.9935037500000012
2457.19	0.5338247500000014
2458.86	0.9697437500000013
2460.53	0.515333750000001
2462.2	0.9979237500000014
2463.87	0.6098037500000009
2465.54	1.100753750000001
2467.2	0.6869137500000011
2468.87	1.1541337500000013
2470.54	0.709553750000001
2472.21	1.1763837500000007
2473.88	0.6937137500000011
2475.54	1.1007737500000008
2477.21	0.6183737500000012
2478.88	1.024073750000001
2480.55	0.550433750000001
2482.22	1.040763750000001
2483.89	0.6212137500000011
2485.55	1.128873750000001
2487.22	0.671383750000001
2488.89	1.0771737500000012
2490.56	0.5699057500000009
2492.23	0.982062750000001
2493.89	0.5162207500000011
2495.56	1.0244637500000011
2497.23	0.6360467500000011
2498.9	1.165093750000001
2500.57	0.7621337500000009
2502.23	1.2475237500000012
2503.9	0.7999537500000009
2505.57	1.2146737500000013
2507.24	0.7287137500000013
2508.91	1.131253750000001
2510.58	0.6283937500000013
2512.24	1.0441537500000009
2513.91	0.5952337500000008
2515.58	1.0340337500000012
2517.25	0.6084927500000011
2518.92	1.0617037500000008
2520.58	0.6536337500000009
2522.25	1.137573750000001
2523.92	0.7221147500000011
2525.59	1.1830437500000008
2527.26	0.7394917500000009
2528.93	1.167983750000001
2530.59	0.7020827500000012
2532.26	1.1527937500000012
2533.93	0.7181737500000012
2535.6	1.1790437500000013
2537.27	0.7308037500000012
2538.93	1.1637737500000012
2540.6	0.6926737500000012
2542.27	1.1163937500000007
2543.94	0.6542837500000012
2545.61	1.128943750000001
2547.28	0.729283750000001
2548.94	1.207933750000001
2550.61	0.7921837500000015
2552.28	1.2645137500000012
2553.95	0.8405737500000011
2555.62	1.2936837500000014
2557.28	0.8299037500000013
2558.95	1.249023750000001
2560.62	0.8040437500000012
2562.29	1.2374537500000011
2563.96	0.7831037500000013
2565.62	1.2626837500000012
2567.29	0.8244137500000012
2568.96	1.2610837500000014
2570.63	0.8105537500000011
2572.3	1.222053750000001
2573.97	0.7841237500000012
2575.63	1.2660837500000013
2577.3	0.8351237500000013
2578.97	1.310423750000001
2580.64	0.8767337500000011
2582.31	1.3293137500000014
2583.97	0.8903937500000009
2585.64	1.315333750000001
2587.31	0.8541537500000009
2588.98	1.295203750000001
2590.65	0.8400637500000014
2592.32	1.311183750000001
2593.98	0.895203750000001
2595.65	1.4215337500000012
2597.32	1.0626937500000013
2598.99	1.523713750000001
2600.66	1.0668237500000015
2602.32	1.455653750000001
2603.99	0.9369737500000014
2605.66	1.3554737500000011
2607.33	0.9211537500000011
2609.0	1.3918137500000012
2610.67	1.0257637500000014
2612.33	1.4778637500000011
2614.0	1.0363737500000008
2615.67	1.4469837500000013
2617.34	0.9944837500000011
2619.01	1.4250037500000012
2620.67	1.0178937500000012
2622.34	1.4981537500000013
2624.01	1.142173750000001
2625.68	1.641093750000001
2627.35	1.2369637500000012
2629.01	1.6529637500000014
2630.68	1.185923750000001
2632.35	1.5559837500000013
2634.02	1.097623750000001
2635.69	1.5263337500000012
2637.36	1.106413750000001
2639.02	1.6216737500000016
2640.69	1.189553750000001
2642.36	1.5609337500000013
2644.03	1.0967837500000013
2645.7	1.4732537500000011
2647.36	1.0609637500000009
2649.03	1.5699737500000013
2650.7	1.1701837500000012
2652.37	1.6623137500000014
2654.04	1.2377137500000015
2655.71	1.579483750000001
2657.37	1.105643750000001
2659.04	1.461803750000001
2660.71	1.0068837500000014
2662.38	1.4301937500000013
2664.05	1.0564337500000014
2665.71	1.527213750000001
2667.38	1.214623750000001
2669.05	1.6713437500000012
2670.72	1.2553837500000014
2672.39	1.5857837500000014
2674.06	1.1029337500000012
2675.72	1.380273750000001
2677.39	0.9818467500000013
2679.06	1.6600737500000011
2680.73	1.6470637500000014
2682.4	2.472913750000001
2684.06	2.3354037500000016
2685.73	2.7581237500000007
2687.4	2.165343750000001
2689.07	2.268073750000001
2690.74	1.559623750000001
2692.4	1.9001637500000013
2694.07	1.4545537500000012
2695.74	1.8518037500000009
2697.41	1.3994737500000014
2699.08	1.7968437500000014
2700.75	1.380463750000001
2702.41	1.8217437500000009
2704.08	1.490993750000001
2705.75	1.990003750000001
2707.42	1.604963750000001
2709.09	1.999803750000001
2710.75	1.5054937500000012
2712.42	1.8343937500000014
2714.09	1.379293750000001
2715.76	1.797323750000001
2717.43	1.450923750000001
2719.1	1.9307737500000013
2720.76	1.562893750000001
2722.43	1.977373750000001
2724.1	1.5341437500000008
2725.77	1.8992037500000016
2727.44	1.4409937500000012
2729.1	1.833263750000001
2730.77	1.4207137500000013
2732.44	1.8545637500000012
2734.11	1.490883750000001
2735.78	1.9434637500000012
2737.45	1.5884337500000014
2739.11	2.084803750000001
2740.78	1.713303750000001
2742.45	2.143553750000001
2744.12	1.6423837500000011
2745.79	2.001933750000001
2747.45	1.5805637500000012
2749.12	2.0364237500000018
2750.79	1.7090537500000014
2752.46	2.207253750000001
2754.13	1.8619437500000011
2755.79	2.285223750000001
2757.46	1.8389437500000014
2759.13	2.2836837500000007
2760.8	1.9020437500000011
2762.47	2.304183750000001
2764.14	1.878233750000001
2765.8	2.143193750000001
2767.47	1.672953750000001
2769.14	1.9305937500000012
2770.81	1.362143750000001
2772.48	1.6297137500000012
2774.14	1.1023937500000012
2775.81	1.4692237500000012
2777.48	1.138283750000001
2779.15	1.6171037500000012
2780.82	1.366143750000001
2782.49	1.8566037500000014
2784.15	1.4886537500000014
2785.82	1.920223750000001
2787.49	1.566343750000001
2789.16	2.023773750000001
2790.83	1.7138837500000013
2792.49	2.1942137500000007
2794.16	1.8859837500000012
2795.83	2.282643750000001
2797.5	1.8583737500000015
2799.17	2.166693750000001
2800.84	1.6903937500000012
2802.5	1.986363750000001
2804.17	1.5223937500000013
2805.84	1.9000337500000015
2807.51	1.547533750000001
2809.18	1.9745437500000012
2810.84	1.6354737500000014
2812.51	2.099003750000001
2814.18	1.831963750000001
2815.85	2.3693837500000012
2817.52	2.0759737500000006
2819.18	2.5062437500000017
2820.85	2.0218837500000015
2822.52	2.283663750000001
2824.19	1.744113750000001
2825.86	2.007083750000001
2827.53	1.5947537500000009
2829.19	1.968983750000001
2830.86	1.608413750000001
2832.53	2.025083750000001
2834.2	1.7001137500000012
2835.87	2.123433750000001
2837.53	1.8428737500000014
2839.2	2.345803750000001
2840.87	2.038833750000001
2842.54	2.4610337500000012
2844.21	2.115863750000001
2845.88	2.510683750000001
2847.54	2.2005637500000015
2849.21	2.539963750000001
2850.88	2.1524937500000005
2852.55	2.5473737500000007
2854.22	2.059493750000001
2855.88	2.3339337500000013
2857.55	1.8615337500000009
2859.22	2.1848737500000013
2860.89	1.821233750000001
2862.56	2.179403750000001
2864.22	1.7661537500000013
2865.89	2.1344537500000014
2867.56	1.703913750000001
2869.23	2.0503137500000017
2870.9	1.6104537500000007
2872.57	2.0270837500000014
2874.23	1.7145237500000015
2875.9	2.200153750000001
2877.57	2.003193750000001
2879.24	2.452543750000001
2880.91	2.1137637500000013
2882.57	2.4904437500000007
2884.24	2.0563937500000007
2885.91	2.416843750000001
2887.58	2.059583750000001
2889.25	2.449773750000001
2890.92	2.0879537500000014
2892.58	2.320833750000001
2894.25	1.8800337500000008
2895.92	2.212803750000001
2897.59	2.056973750000001
2899.26	2.667683750000001
2900.92	2.458833750000001
2902.59	2.8914137500000017
2904.26	2.465393750000001
2905.93	2.5895037500000013
2907.6	2.054903750000001
2909.27	2.280013750000001
2910.93	1.920353750000001
2912.6	2.3233537500000008
2914.27	2.020353750000001
2915.94	2.4230937500000014
2917.61	2.124553750000001
2919.27	2.587193750000001
2920.94	2.3129937500000013
2922.61	2.8908937500000014
2924.28	2.816143750000001
2925.95	3.2139037500000014
2927.61	2.9012237500000015
2929.28	3.1285437500000013
2930.95	2.5698537500000014
2932.62	2.8201737500000013
2934.29	2.420473750000001
2935.96	2.685943750000001
2937.62	2.452803750000001
2939.29	2.662423750000001
2940.96	2.183403750000001
2942.63	2.4934837500000016
2944.3	1.943123750000001
2945.96	2.031893750000001
2947.63	1.5076427500000011
2949.3	1.701893750000001
2950.97	1.6512297500000013
2952.64	2.393093750000001
2954.31	2.4136637500000013
2955.97	3.166513750000001
2957.64	3.0459437500000015
2959.31	3.3197237500000014
2960.98	2.9876337500000014
2962.65	3.2341037500000014
2964.31	3.1566737500000013
2965.98	3.4986637500000013
2967.65	3.4563237500000015
2969.32	3.840263750000001
2970.99	4.083743750000002
2972.66	5.785043750000002
2974.32	6.22042375
2975.99	6.976763750000001
2977.66	6.368038750000001
2979.33	6.550993750000002
2981.0	6.22279375
2982.66	6.722563750000002
2984.33	6.426974750000001
2986.0	7.3038637500000005
2987.67	6.141133750000001
2989.34	5.382263750000001
2991.0	3.420955750000001
2992.67	3.175213750000001
2994.34	2.4274807500000013
2996.01	2.6169337500000007
2997.68	2.1490657500000014
2999.35	2.6297507500000012
3001.01	2.171349750000001
3002.68	2.380442750000001
3004.35	1.783740750000001
3006.02	2.208190750000001
3007.69	1.9768887500000019
3009.35	2.6261237500000014
3011.02	2.5529437500000016
3012.69	3.0781337500000014
3014.36	2.698733750000001
3016.03	2.9657637500000016
3017.7	2.360813750000001
3019.36	2.658203750000001
3021.03	2.2551837500000014
3022.7	2.7486537500000012
3024.37	2.604743750000001
3026.04	3.179043750000001
3027.7	2.8689537500000006
3029.37	3.2063837500000014
3031.04	2.7363937500000013
3032.71	2.958133750000001
3034.38	2.643623750000001
3036.05	3.1541837500000005
3037.71	3.022903750000001
3039.38	3.6292737500000016
3041.05	3.4675237500000007
3042.72	3.9205637500000017
3044.39	3.5863937500000014
3046.05	3.7292237500000014
3047.72	3.202503750000001
3049.39	3.1867437500000007
3051.06	2.6052137500000017
3052.73	2.9485137500000014
3054.39	2.888093750000001
3056.06	3.500043750000001
3057.73	3.4141837500000016
3059.4	3.7034737500000015
3061.07	3.2514937500000016
3062.74	3.097483750000001
3064.4	2.402820750000001
3066.07	2.636163750000002
3067.74	2.7845357500000008
3069.41	3.844005750000001
3071.08	4.627243750000001
3072.74	5.583703750000001
3074.41	5.66965375
3076.08	5.66429875
3077.75	4.937486750000001
3079.42	4.683793750000001
3081.09	4.20036375
3082.75	4.31211375
3084.42	4.075763750000002
3086.09	3.87230775
3087.76	3.427382750000001
3089.43	3.289467750000001
3091.09	3.254709750000001
3092.76	3.667157750000001
3094.43	4.139524750000001
3096.1	4.462059750000002
3097.77	4.468262750000001
3099.44	4.428070550000002
3101.1	4.366801750000002
3102.77	4.57951375
3104.44	12.678817749999999
3106.11	27.005156749999998
3107.78	44.75631375
3109.44	59.16855375
3111.11	67.12352375
3112.78	67.26974375
3114.45	58.23897374999999
3116.12	44.906653750000004
3117.78	33.41836575000001
3119.45	27.845797750000003
3121.12	26.25474005
3122.79	26.097493749999995
3124.46	25.836978749999997
3126.13	26.570068749999997
3127.79	21.977483749999998
3129.46	17.465513750000003
3131.13	10.962673750000002
3132.8	7.538333750000001
3134.47	5.11484875
3136.13	4.778568750000002
3137.8	3.442737750000002
3139.47	3.7754607500000015
3141.14	3.5836787500000007
3142.81	10.334848750000003
3144.48	17.70423675
3146.14	25.285533750000003
3147.81	28.83300375
3149.48	27.945123750000004
3151.15	21.498533750000004
3152.82	14.714673750000003
3154.48	6.569136750000001
3156.15	4.312663750000001
3157.82	3.6000037500000013
3159.49	3.656973750000001
3161.16	3.2686247500000007
3162.83	3.5805177500000007
3164.49	3.4536647500000015
3166.16	3.907854750000001
3167.83	3.5842717500000014
3169.5	4.076913750000001
3171.17	3.803803750000001
3172.83	4.412613750000002
3174.5	4.451333750000001
3176.17	5.245123750000002
3177.84	5.054013750000001
3179.51	5.4402637500000015
3181.17	4.91969375
3182.84	4.948813750000001
3184.51	4.32374375
3186.18	4.451253750000002
3187.85	3.981403750000001
3189.52	4.4391137500000015
3191.18	4.067813750000002
3192.85	4.311123750000001
3194.52	4.229603750000001
3196.19	4.623083750000001
3197.86	4.7358237500000016
3199.52	5.41848375
3201.19	10.79805275
3202.86	24.751093750000003
3204.53	41.22232375000001
3206.2	55.70907375
3207.87	60.97406374999999
3209.53	55.75000375
3211.2	41.68620375
3212.87	24.66376675
3214.54	10.615467750000002
3216.21	5.54624675
3217.87	4.010253750000002
3219.54	4.50518075
3221.21	4.024695750000001
3222.88	6.0941427500000005
3224.55	6.968023750000002
3226.21	8.663108750000001
3227.88	8.474715750000001
3229.55	8.089037750000001
3231.22	6.070690750000001
3232.89	5.080944750000002
3234.56	3.1047607500000005
3236.22	3.634242750000001
3237.89	3.1105537500000002
3239.56	3.6699837500000014
3241.23	3.2146237500000003
3242.9	3.7371037500000006
3244.56	3.3192237500000012
3246.23	3.9408737500000006
3247.9	3.6491337500000007
3249.57	4.278523750000001
3251.24	3.97144375
3252.91	4.565823750000002
3254.57	4.013613750000001
3256.24	4.282333750000001
3257.91	3.672233750000001
3259.58	3.965103750000001
3261.25	3.6803837500000007
3262.91	4.25563375
3264.58	4.059203750000001
3266.25	4.585123750000002
3267.92	4.097143750000001
3269.59	4.26870375
3271.26	3.7368737500000018
3272.92	3.994873750000002
3274.59	3.6997137500000017
3276.26	4.177263750000002
3277.93	4.0028337500000015
3279.6	4.427473750000002
3281.26	4.049093750000002
3282.93	4.381673750000001
3284.6	4.04963375
3286.27	4.412573750000002
3287.94	4.111793750000002
3289.6	4.483213750000002
3291.27	4.152593750000001
3292.94	4.383163750000001
3294.61	3.9196537500000006
3296.28	4.122493750000001
3297.95	3.745763750000001
3299.61	4.0998437500000025
3301.28	3.843033750000001
3302.95	4.278163750000002
3304.62	3.9667837500000003
3306.29	4.197173750000002
3307.95	3.780113750000001
3309.62	4.134243750000001
3311.29	3.979043750000001
3312.96	4.67265375
3314.63	4.597083750000001
3316.3	5.035423750000001
3317.96	4.653963750000001
3319.63	4.8684037500000015
3321.3	4.436033750000001
3322.97	4.68741375
3324.64	4.289543750000001
3326.3	4.701863750000001
3327.97	4.50561375
3329.64	4.78639375
3331.31	4.27363375
3332.98	4.365843750000002
3334.65	3.706143750000001
3336.31	3.871873750000001
3337.98	3.505923750000001
3339.65	3.969433750000001
3341.32	3.959583750000001
3342.99	4.390623750000001
3344.65	3.9634737500000012
3346.32	4.199703750000001
3347.99	3.551523750000001
3349.66	3.77456375
3351.33	3.4699637500000002
3352.99	3.8139937500000007
3354.66	3.738113750000001
3356.33	4.320693750000001
3358.0	4.159643750000002
3359.67	4.715353750000001
3361.34	4.418003750000001
3363.0	4.688983750000001
3364.67	4.393033750000001
3366.34	4.642293750000001
3368.01	4.41055375
3369.68	4.866073750000001
3371.34	4.52824375
3373.01	4.810513750000001
3374.68	4.266373750000001
3376.35	4.2750537500000005
3378.02	3.8221837500000015
3379.69	4.118953750000001
3381.35	3.934123750000002
3383.02	4.423863750000001
3384.69	4.134173750000001
3386.36	4.531223750000001
3388.03	4.3034637500000015
3389.69	4.699243750000001
3391.36	4.537233750000001
3393.03	4.936193750000001
3394.7	4.610973750000001
3396.37	4.852233750000002
3398.04	4.443163750000001
3399.7	4.620293750000001
3401.37	4.292953750000002
3403.04	4.570933750000001
3404.71	4.348883750000001
3406.38	4.746743750000002
3408.04	4.569743750000001
3409.71	4.904733750000002
3411.38	4.701113750000001
3413.05	5.012063750000001
3414.72	4.83701375
3416.38	5.211393750000002
3418.05	4.964963750000001
3419.72	5.235933750000001
3421.39	4.869143750000001
3423.06	5.045033750000002
3424.73	4.702763750000001
3426.39	4.981853750000001
3428.06	4.754773750000001
3429.73	5.09884375
3431.4	4.7916837500000025
3433.07	5.018593750000001
3434.73	4.647213750000001
3436.4	4.832293750000001
3438.07	4.551813750000001
3439.74	4.878933750000002
3441.41	4.6564137500000005
3443.08	5.0032137500000005
3444.74	4.778303750000001
3446.41	5.102743750000001
3448.08	4.869433750000001
3449.75	5.127953750000001
3451.42	4.894793750000001
3453.08	5.153553750000002
3454.75	4.816643750000002
3456.42	5.002073750000002
3458.09	4.677223750000001
3459.76	4.9066937500000005
3461.43	4.649953750000002
3463.09	4.883823750000001
3464.76	4.64638375
3466.43	4.906793750000001
3468.1	4.625993750000001
3469.77	4.885273750000001
3471.43	4.7426037500000024
3473.1	5.15157375
3474.77	5.069023750000001
3476.44	5.4338137500000006
3478.11	5.16834375
3479.77	5.378243750000001
3481.44	5.051543750000001
3483.11	5.303823750000001
3484.78	5.072713750000002
3486.45	5.367413750000002
3488.12	5.0666037500000005
3489.78	5.275073750000002
3491.45	4.969673750000001
3493.12	5.290153750000002
3494.79	5.112163750000001
3496.46	5.552103750000001
3498.12	5.414173750000002
3499.79	5.749943750000002
3501.46	5.452283750000001
3503.13	5.707453750000002
3504.8	5.481833750000002
3506.47	5.7494337500000015
3508.13	5.587563750000001
3509.8	5.940253750000002
3511.47	5.831533750000002
3513.14	6.208513750000002
3514.81	6.109393750000001
3516.47	6.427553750000001
3518.14	6.210643750000001
3519.81	6.41835375
3521.48	6.065233750000001
3523.15	6.24811375
3524.82	6.094393750000001
3526.48	6.241993750000002
3528.15	6.072303750000001
3529.82	6.24697375
3531.49	5.887433750000001
3533.16	6.045173750000002
3534.82	5.728523750000001
3536.49	5.968893750000001
3538.16	5.811823750000001
3539.83	6.262443750000001
3541.5	6.3699737500000015
3543.16	6.830673750000001
3544.83	7.020823750000003
3546.5	7.385383750000001
3548.17	7.260853750000001
3549.84	7.45352175
3551.51	7.079515750000001
3553.17	7.360108750000002
3554.84	8.059213750000001
3556.51	9.691903750000002
3558.18	12.002183750000002
3559.85	14.462833750000001
3561.51	15.638163750000004
3563.18	15.26422375
3564.85	13.48215375
3566.52	11.130803750000002
3568.19	9.128209750000002
3569.86	8.088832750000002
3571.52	8.008381750000002
3573.19	9.059094750000002
3574.86	11.734382750000002
3576.53	24.279157749999996
3578.2	54.08511274999999
3579.86	94.86766374999999
3581.53	130.12543374999998
3583.2	147.66667374999997
3584.87	137.98255375
3586.54	107.07179375000001
3588.2	65.23561375
3589.87	29.44903375
3591.54	10.006235750000002
3593.21	5.796769750000001
3594.88	4.729763750000002
3596.55	5.254823750000002
3598.21	4.935013750000001
3599.88	6.535913750000001
3601.55	8.303573750000002
3603.22	10.921523750000002
3604.89	12.317063750000003
3606.55	13.266233750000001
3608.22	12.04155375
3609.89	10.65495375
3611.56	8.237253749999999
3613.23	7.235953750000002
3614.9	6.60654375
3616.56	6.71193375
3618.23	6.355293750000001
3619.9	6.468383750000001
3621.57	6.060313750000001
3623.24	6.4532637500000005
3624.9	6.239583750000001
3626.57	6.802673750000002
3628.24	6.654643750000001
3629.91	6.719323750000001
3631.58	6.099723750000001
3633.25	5.9220337500000015
3634.91	5.337863750000001
3636.58	5.518173750000001
3638.25	5.28154375
3639.92	5.480813750000001
3641.59	5.282793750000001
3643.25	5.4917837500000015
3644.92	5.1002437500000015
3646.59	5.3734937500000015
3648.26	5.223033750000001
3649.93	5.549773750000001
3651.59	5.2782937500000005
3653.26	5.251953750000001
3654.93	4.942523750000001
3656.6	5.158803750000002
3658.27	5.171403750000001
3659.94	5.6792137500000015
3661.6	5.804093750000002
3663.27	6.151773750000001
3664.94	5.909633750000001
3666.61	5.970653750000002
3668.28	5.842463750000001
3669.94	6.03041375
3671.61	5.947573750000001
3673.28	6.153613750000002
3674.95	6.032293750000001
3676.62	6.200453750000001
3678.29	6.16099375
3679.95	6.434823750000001
3681.62	6.460153750000001
3683.29	6.544303750000002
3684.96	6.22814375
3686.63	6.128953750000003
3688.29	5.800193750000002
3689.96	5.78536375
3691.63	5.634763750000002
3693.3	5.674263750000001
3694.97	5.463183750000001
3696.64	5.679443750000002
3698.3	6.495723750000001
3699.97	8.572423750000002
3701.64	10.26101375
3703.31	11.821263750000002
3704.98	11.925393750000001
3706.64	11.275543750000002
3708.31	9.644823750000002
3709.98	8.33102375
3711.65	7.168493750000001
3713.32	7.16048375
3714.98	6.634443750000001
3716.65	6.671973750000002
3718.32	6.4158437500000005
3719.99	6.668413750000001
3721.66	6.703013750000001
3723.33	6.885403750000002
3724.99	6.842803750000002
3726.66	7.045593750000002
3728.33	7.029793750000001
3730.0	7.22731375
3731.67	7.35668375
3733.33	7.495223750000001
3735.0	7.95229375
3736.67	8.01275375
3738.34	11.84686475
3740.01	23.217483750000003
3741.68	32.58334375
3743.34	40.37684375
3745.01	41.03601375
3746.68	34.59764375000001
3748.35	24.422803750000003
3750.02	13.893073750000003
3751.68	5.887254750000001
3753.35	6.601113750000001
3755.02	6.31867375
3756.69	6.92889375
3758.36	6.625833750000003
3760.03	7.095213750000002
3761.69	6.906013750000001
3763.36	7.115193750000001
3765.03	6.764843750000002
3766.7	6.925973750000002
3768.37	6.52363375
3770.03	6.7278237500000015
3771.7	6.41193375
3773.37	6.623103750000001
3775.04	6.483493750000003
3776.71	6.72880375
3778.37	6.5863537500000024
3780.04	6.98295375
3781.71	6.990393750000001
3783.38	7.433233749999999
3785.05	7.680193750000001
3786.72	8.79452375
3788.38	9.387393750000001
3790.05	9.992593750000001
3791.72	9.774543750000001
3793.39	9.214013750000003
3795.06	8.15651375
3796.72	7.476013750000002
3798.39	6.883573750000001
3800.06	6.9061037500000015
3801.73	8.29919375
3803.4	10.44770975
3805.07	12.01439775
3806.73	13.28830375
3808.4	12.848653750000002
3810.07	11.309203750000002
3811.74	9.493133750000002
3813.41	7.0684537500000015
3815.07	6.710223750000002
3816.74	13.656433750000001
3818.41	18.743323750000002
3820.08	24.48024375
3821.75	26.157333750000003
3823.42	23.839203750000003
3825.08	18.338283750000002
3826.75	13.016053750000001
3828.42	7.063823750000002
3830.09	7.866293750000002
3831.76	7.486883750000001
3833.42	7.980713750000001
3835.09	7.62105375
3836.76	8.02996375
3838.43	8.106563750000003
3840.1	9.09088375
3841.76	9.42494375
3843.43	10.093763750000003
3845.1	9.810423750000002
3846.77	9.706253750000002
3848.44	8.98468375
3850.11	8.68526375
3851.77	8.268943750000002
3853.44	8.46060375
3855.11	8.108303750000001
3856.78	8.152403750000001
3858.45	7.72304375
3860.11	7.864453750000001
3861.78	7.704203750000002
3863.45	7.995773750000002
3865.12	7.9833837500000016
3866.79	8.24242375
3868.46	8.110193750000002
3870.12	8.208773750000002
3871.79	7.99330375
3873.46	7.906183749999999
3875.13	7.771853750000001
3876.8	7.5069637500000015
3878.46	26.814773750000008
3880.13	45.885393750000006
3881.8	62.85692375000001
3883.47	73.09268374999999
3885.14	69.32168374999999
3886.81	58.009403750000004
3888.47	47.15042375
3890.14	30.803443749999996
3891.81	30.490003750000007
3893.48	28.144493750000002
3895.15	21.48293375
3896.81	15.914363750000001
3898.48	12.986526750000001
3900.15	17.048145750000003
3901.82	36.07302375
3903.49	51.904973749999996
3905.15	63.89195374999999
3906.82	65.04469375
3908.49	54.275433750000005
3910.16	36.730753750000005
3911.83	20.01588375
3913.5	6.558334750000002
3915.16	6.523263750000001
3916.83	7.0446637500000024
3918.5	6.900743750000001
3920.17	7.14754375
3921.84	7.069043750000001
3923.5	7.410953750000002
3925.17	7.456683750000001
3926.84	7.725143750000001
3928.51	7.69850375
3930.18	7.83566375
3931.85	7.60225375
3933.51	7.720173750000001
3935.18	7.5873437500000005
3936.85	7.855423750000003
3938.52	7.82652375
3940.19	7.958323750000001
3941.85	7.829483750000001
3943.52	7.951183750000001
3945.19	7.732273750000002
3946.86	7.906153750000001
3948.53	7.827063750000002
3950.19	8.12828375
3951.86	8.14295375
3953.53	8.38839375
3955.2	8.198963750000003
3956.87	8.278673750000001
3958.54	7.95071375
3960.2	7.955383749999998
3961.87	7.752473750000002
3963.54	7.864863750000003
3965.21	7.814753750000001
3966.88	8.136623750000002
3968.54	8.14322375
3970.21	8.45898375
3971.88	8.462983750000001
3973.55	8.645353750000002
3975.22	8.466493750000001
3976.89	8.53119375
3978.55	8.44546375
3980.22	8.579753750000002
3981.89	8.507363750000001
3983.56	8.58978375
3985.23	8.403973750000002
3986.89	8.442343750000001
3988.56	8.18756375
3990.23	8.26994375
3991.9	8.205033750000002
3993.57	8.313583750000001
3995.24	8.18189375
3996.9	8.304813750000003
3998.57	8.27538375
4000.24	8.44583375
4001.91	8.438023750000001
4003.58	8.602313750000002
4005.24	8.37953375
4006.91	8.367813750000002
4008.58	8.144013750000003
4010.25	8.308453750000002
4011.92	8.435743750000002
4013.58	8.79388375
4015.25	8.915163750000001
4016.92	9.127993750000002
4018.59	8.91246375
4020.26	8.804523750000001
4021.93	8.57940375
4023.59	8.64548375
4025.26	8.489573750000002
4026.93	8.62624375
4028.6	8.564983750000001
4030.27	8.70319375
4031.93	8.604013750000002
4033.6	8.726593750000003
4035.27	8.76737375
4036.94	8.987313750000002
4038.61	8.96060375
4040.28	9.05961375
4041.94	9.090893750000003
4043.61	9.32024375
4045.28	9.32270375
4046.95	9.48641375
4048.62	9.46142375
4050.28	9.518873750000001
4051.95	9.38236375
4053.62	9.30043375
4055.29	9.131623750000001
4056.96	9.12225375
4058.63	8.995853750000002
4060.29	9.132003750000003
4061.96	9.181873750000001
4063.63	9.468263750000002
4065.3	9.581553750000001
4066.97	9.76405375
4068.63	9.64566375
4070.3	9.588863750000002
4071.97	9.343133750000002
4073.64	9.252303750000001
4075.31	9.122333750000001
4076.97	9.17100375
4078.64	9.13995375
4080.31	9.312213750000002
4081.98	9.272603750000002
4083.65	9.384753750000002
4085.32	9.369893750000003
4086.98	9.44634375
4088.65	9.442813750000003
4090.32	9.587603750000003
4091.99	9.538513750000002
4093.66	9.61375375
4095.32	9.452793750000001
4096.99	9.37731375
4098.66	9.196523750000003
4100.33	9.27322375
4102.0	9.336903750000001
4103.67	9.531573750000002
4105.33	9.57364375
4107.0	9.584043750000003
4108.67	9.43205375
4110.34	9.383173750000001
4112.01	9.206073749999998
4113.67	9.180893750000001
4115.34	9.160433750000001
4117.01	9.175943750000002
4118.68	9.168153750000002
4120.35	9.242543750000003
4122.02	9.264173750000001
4123.68	9.315153750000002
4125.35	9.255783750000003
4127.02	9.286483750000002
4128.69	9.306433750000002
4130.36	9.484653750000001
4132.02	9.613193749999999
4133.69	9.696933750000003
4135.36	9.81986375
4137.03	9.83147375
4138.7	9.785493750000002
4140.36	9.850663750000002
4142.03	9.798893750000001
4143.7	9.841203750000002
4145.37	9.882653750000001
4147.04	9.849313750000002
4148.71	9.83881375
4150.37	9.831723750000002
4152.04	9.768043750000002
4153.71	9.87872375
4155.38	9.93147375
4157.05	10.044473750000002
4158.71	10.101103750000002
4160.38	10.10329375
4162.05	9.969253750000002
4163.72	9.935543750000003
4165.39	9.839573750000003
4167.06	9.861833749999999
4168.72	9.901193750000001
