0.0	-0.008339909459109968
1.66816	-0.008633978759109966
3.33631	-0.007796072759109951
5.00447	-0.002821316259109974
6.67263	0.003149351040890058
8.34078	0.009401953240890043
10.0089	0.018150138240889995
11.6771	0.021302593240890032
13.3453	0.020167196240890018
15.0134	0.015382421240890032
16.6816	0.004626913240890029
18.3497	-0.0028964667591099835
20.0179	-0.009459752759109962
21.686	-0.01110858675910995
23.3542	-0.001965391759109969
25.0223	0.009496212240890067
26.6905	0.01943383724089003
28.3587	0.02547007724089002
30.0268	0.013825487240890066
31.695	-0.00445890275910994
33.3631	-0.030056342759109934
35.0313	-0.07762812675910997
36.6994	-0.1685039727591099
38.3676	-0.19728898275910983
40.0358	-0.20637188275911003
41.7039	-0.16560738275910997
43.3721	-0.07929578275910994
45.0402	0.008098397240890075
46.7084	0.06547141764089007
48.3765	0.10533231724089005
50.0447	0.05094519724089001
51.7129	0.05871590724089004
53.381	0.06404897724089004
55.0492	0.09709471724089005
56.7173	0.10162191724089005
58.3855	0.07806535724089003
60.0536	0.07778698724089003
61.7218	0.08203646724089002
63.39	0.11439298724089005
65.0581	0.13696571724089007
66.7263	0.15432111724089007
68.3944	0.14676411724089006
70.0626	0.11823363924089003
71.7307	0.03986876724089004
73.3989	0.03413218724089006
75.067	0.019848617240890053
76.7352	0.12695348724089006
78.4034	0.33118961724089
80.0715	0.7037075583408902
81.7397	0.9853843372408901
83.4078	1.12734111724089
85.076	0.99075809824089
86.7441	0.7054088472408901
88.4123	0.31717135724089013
90.0805	0.041764567240890074
91.7486	-0.11247475275910994
93.4168	-0.052635272759109966
95.0849	-0.03940188275910997
96.7531	-0.008373342759109965
98.4212	-0.03714307275910997
100.089	-0.023181362759109952
101.758	-0.06535094275910998
103.426	-0.05546307275910996
105.094	-0.09259511275910995
106.762	-0.04730593275910996
108.43	-0.06822358275910996
110.098	-0.04095777275910996
111.766	-0.07748144275910995
113.435	-0.07267705275910999
115.103	-0.14924063675910998
116.771	-0.17401898275910999
118.439	-0.25871323275910996
120.107	-0.23248985275911
121.775	-0.18681079275910997
123.444	-0.03185254275910997
125.112	0.06517411724089003
126.78	0.20894330924089002
128.448	0.23420988724088998
130.116	0.30051996724089003
131.784	0.25635572724089
133.453	0.29440888724089004
135.121	0.25770791724089
136.789	0.26897724724089006
138.457	0.14977260724089006
140.125	0.12341954724089006
141.793	0.009139718240890044
143.461	0.05391421724089005
145.13	-0.0005343827591099664
146.798	0.09091080724089003
148.466	0.03091519224089005
150.134	0.10233141724089004
151.802	0.004163977240890027
153.47	0.08093067724089005
155.139	-0.024795272759109966
156.807	0.06414680724089003
158.475	-0.04042798275910998
160.143	0.09488391724089004
161.811	-0.05938136275910999
163.479	0.11226746724089003
165.148	-0.04972636275910995
166.816	0.15848733524089
168.484	-0.04970708275910998
170.152	0.21315901724089006
171.82	-0.08208800275910995
173.488	0.41683644724089
175.156	-0.23407603275910996
176.825	2.7353462172408904
178.493	7.11242021724089
180.161	10.70778521724089
181.829	13.331147217240892
183.497	12.92708721724089
185.165	9.70471821724089
186.834	6.147313217240889
188.502	1.7157383172408902
190.17	-0.15188851075910997
191.838	0.46962299724089007
193.506	-0.022352292759109937
195.174	0.21422554724089
196.842	-0.056974482759109935
198.511	0.19618741724089006
200.179	0.20906361724089004
201.847	0.83993541724089
203.515	3.217020217240891
205.183	6.12453051724089
206.851	8.427214217240891
208.52	9.738345217240887
210.188	9.205224217240891
211.856	7.0932382172408905
213.524	4.440641617240891
215.192	1.6907833572408901
216.86	0.57165293724089
218.529	0.24105741724088997
220.197	-0.02108735275910987
221.865	-0.1474932827591098
223.533	0.08481561724088996
225.201	0.10364081724089007
226.869	-0.017003552759109954
228.537	-0.06688328275910993
230.206	0.04963351724089009
231.874	0.12745066724089008
233.542	0.3908449572408901
235.21	0.4294749172408901
236.878	0.7319985172408899
238.546	0.9779256172408903
240.215	1.58842501724089
241.883	2.8832363172408906
243.551	6.794693217240891
245.219	12.742381217240888
246.887	17.311864217240892
248.555	19.795801217240893
250.223	18.47338221724089
251.892	14.00477921724089
253.56	8.19155121724089
255.228	2.98145136554089
256.896	-0.036062142759109864
258.564	0.07445961724089008
260.232	-0.26228728275910995
261.901	-0.20372193275910994
263.569	-0.3869897827591099
265.237	-0.36056486275910987
266.905	-0.4547144827591099
268.573	-0.2743552827591099
270.241	-0.08940566275911004
271.91	0.25748401724089004
273.578	0.4781979172408901
275.246	0.5795557372408899
276.914	0.49539513724089
278.582	0.31018889724089005
280.25	0.14341002724089
281.918	0.04009279724089006
283.587	0.07925029724089003
285.255	0.14906142724089
286.923	0.26522925724088997
288.591	0.27772857724089006
290.259	0.35127399724089003
291.927	0.34388347624089005
293.596	0.48281779724089
295.264	0.9492120172408901
296.932	1.2491871172408904
298.6	3.6743932172408904
300.268	7.6590257172408895
301.936	10.24602421724089
303.605	12.46383421724089
305.273	11.59097121724089
306.941	9.595066217240891
308.609	6.55360111724089
310.277	4.767017717240891
311.945	3.380418347590891
313.613	13.52023521724089
315.282	27.144644217240888
316.95	38.14483321724089
318.618	45.187227217240896
320.286	42.68360221724088
321.954	32.075405217240885
323.622	19.796648217240893
325.291	6.21308991724089
326.959	0.41094236724088995
328.627	1.77036581724089
330.295	0.7552266172408901
331.963	1.44217161724089
333.631	0.77476531724089
335.299	1.3406275172408904
336.968	2.9235969172408898
338.636	5.84973321724089
340.304	8.05494521724089
341.972	10.06280921724089
343.64	9.60852721724089
345.308	7.891893017240889
346.977	4.973908217240889
348.645	2.1673865372408896
350.313	0.9185757172408902
351.981	0.88729621724089
353.649	0.4008698172408901
355.317	0.64624961724089
356.986	0.62536151724089
358.654	0.90397301724089
360.322	1.04716281724089
361.99	1.2985849172408903
363.658	1.13460291724089
365.326	0.8847473172408902
366.994	0.44329521724089
368.663	-0.4600047827591097
370.331	0.8760367172408898
371.999	5.993190737240889
373.667	10.74798121724089
375.335	15.41454721724089
377.003	17.170268217240896
378.672	15.658270417240889
380.34	11.822295217240889
382.008	6.804762317240891
383.676	2.2056096372408893
385.344	1.52624521724089
387.012	0.4197283172408901
388.681	0.35475501724089
390.349	0.17058741724089002
392.017	1.33914351724089
393.685	1.53526311724089
395.353	2.77625411724089
397.021	3.3332470872408897
398.689	4.054052217240891
400.358	3.8470772572408896
402.026	3.5828021172408904
403.694	2.2227168072408894
405.362	1.5860406172408894
407.03	0.3617350872408901
408.698	0.25382581724089015
410.367	0.00572045724089012
412.035	0.17736017724088998
413.703	-0.02418458275910993
415.371	0.15853429724089
417.039	-0.03758920075910999
418.707	0.24633085724089004
420.375	0.19040888724089006
422.044	0.4119844872408902
423.712	0.26260921724089004
425.38	0.4325075392408901
427.048	0.28690641724088994
428.716	0.46069047024089
430.384	0.31679331724089
432.053	0.49774452724089
433.721	0.35635601724089006
435.389	0.4557692172408901
437.057	0.26561531724089005
438.725	0.38439174724089
440.393	0.26427717724089
442.062	0.35056551724089
443.73	0.17513551724089005
445.398	0.22320331724089004
447.066	0.03136581724089005
448.734	0.12407571724089006
450.402	0.00043291724089004056
452.07	0.14758291724089004
453.739	0.05803901724089002
455.407	0.21304771724089008
457.075	0.13060281724089007
458.743	0.23691631724089005
460.411	0.11909371724089009
462.079	0.2068963172408901
463.748	0.05236943724089005
465.416	0.13158921724089004
467.084	0.032706517240890055
468.752	0.14366891724089006
470.42	0.09309741724089005
472.088	0.19304861724089
473.756	0.14158205724089007
475.425	0.23084411724089007
477.093	0.18319581724089
478.761	0.30705011724089004
480.429	0.41586001724089006
482.097	0.7577090972408901
483.765	1.1027739172408901
485.434	1.2701533172408899
487.102	2.2192602172408895
488.77	3.91094491724089
490.438	5.52568073724089
492.106	6.9644372172408895
493.774	6.88447251724089
495.443	5.67022487724089
497.111	3.6911243172408903
498.779	1.52559971724089
500.447	0.09202941724089005
502.115	0.05288158724089005
503.783	-0.035172912759109984
505.451	0.34474161724089003
507.12	0.09601781724089001
508.788	0.12474976724089007
510.456	-0.09642786275910994
512.124	0.09092659724089003
513.792	-0.10782127275910995
515.46	0.05914024724089001
517.129	-0.19684618275910998
518.797	0.11835496724089004
520.465	-0.04237468275910997
522.133	0.20458591724089006
523.801	0.025572117240890015
525.469	0.08787841724089003
527.138	-0.40753620275911
528.806	-0.39644663275910996
530.474	-0.96124558275911
532.142	1.28307491724089
533.81	3.4536665172408902
535.478	5.983034817240891
537.146	7.419995217240891
538.815	7.5309032172408905
540.483	5.825304677240889
542.151	4.14027131724089
543.819	1.55508301724089
545.487	1.1704001172408902
547.155	0.9887468172408902
548.824	0.89357985724089
550.492	0.6725475042408899
552.16	0.68006921724089
553.828	0.50272181724089
555.496	0.47065011724089006
557.164	0.3060233472408901
558.832	0.30838681724089
560.501	0.18148436724089004
562.169	0.24000511724089008
563.837	0.12974534724089
565.505	0.27371101824089006
567.173	0.22974888724089002
568.841	0.32196358024089006
570.51	0.20481756724089006
572.178	0.27257535724089005
573.846	0.18779542724089007
575.514	0.27476161724089004
577.182	0.22189591724089003
578.85	0.31645001724089006
580.519	0.21335493724089
582.187	0.29420386724089
583.855	0.19177879724089006
585.523	0.32214912124089007
587.191	0.26802124724089005
588.859	0.40621660724089004
590.527	0.36749124724089
592.196	0.4026956172408901
593.864	0.25524669724089005
595.532	0.23370737724089005
597.2	0.07090917724089
598.868	0.16422651724089005
600.536	0.09235128724089008
602.205	0.30374019724089
603.873	0.35635951724089
605.541	0.51168555724089
607.209	0.44340231724089
608.877	0.46892871724088997
610.545	0.3685842872408901
612.213	0.42856397724089
613.882	0.31909441724089005
615.55	0.45204151724089003
617.218	0.3693799172408901
618.886	0.38741331724089006
620.554	0.29790178724089006
622.222	0.34513768724089006
623.891	0.32098381724089
625.559	0.48036391724089
627.227	0.45973741724089
628.895	0.68310674724089
630.563	0.71881595724089
632.231	1.89576371724089
633.9	2.79985621724089
635.568	3.6394952172408908
637.236	3.80670021724089
638.904	3.33913271724089
640.572	2.3262406172408903
642.24	1.5283563172408898
643.908	0.5207481172408899
645.577	0.79791721724089
647.245	1.2100597712408898
648.913	1.83647241724089
650.581	4.06935421724089
652.249	6.84588921724089
653.917	8.660131217240892
655.586	9.21965121724089
657.254	7.60402121724089
658.922	4.808650717240889
660.59	1.9069785072408902
662.258	-0.49004278275911
663.926	-1.10682784675911
665.595	-0.7232475827591098
667.263	-0.6779735827591099
668.931	-0.52037458275911
670.599	-0.57981982275911
672.267	-0.3743966977591101
673.935	-0.07217276275911004
675.603	0.2971329172408902
677.272	2.39320585724089
678.94	4.349465137240889
680.608	6.28097401724089
682.276	7.57300591724089
683.944	6.849461017240891
685.612	5.09757724724089
687.281	2.80278311724089
688.949	0.45451837724089
690.617	-0.23202988275911
692.285	-0.26076738275911
693.953	-0.24712398275910993
695.621	0.15239551724089004
697.289	-0.10116918275910994
698.958	-0.08267048275910996
700.626	-0.38959886275910993
702.294	-0.30874110075911
703.962	-0.5025117827591099
705.63	-0.37492175275910994
707.298	-0.48251631275911
708.967	-0.32628261275910997
710.635	-0.39097412275910987
712.303	-0.2215550827591099
713.971	-0.25795432875910995
715.639	-0.11495358275910998
717.307	-0.23428942275910997
718.976	-0.13823368275910997
720.644	-0.25294047275910997
722.312	-0.14785068275910995
723.98	-0.2325721277591099
725.648	-0.09260682275910996
727.316	-0.17289916275910994
728.984	-0.04776127275910996
730.653	-0.16394679275910998
732.321	-0.07937750675910996
733.989	-0.1880346827591099
735.657	-0.09533489675910994
737.325	-0.2016796607591099
738.993	-0.08069666275910994
740.662	-0.17763332275910998
742.33	-0.05382339775910996
743.998	-0.14796268475910998
745.666	-0.028847982759109953
747.334	-0.12343218275910997
749.002	-0.03125616275910996
750.67	-0.15099449935910997
752.339	-0.07805996275910995
754.007	-0.19626343275910996
755.675	-0.11217668275910994
757.343	-0.23388507275911002
759.011	-0.13683538775910994
760.679	-0.23428963275911002
762.348	-0.12869214275910995
764.016	-0.18810201275910998
765.684	-0.06223034275910995
767.352	-0.11273090275910995
769.02	0.01440046724089004
770.688	-0.07020973275910995
772.357	0.020960777240890033
774.025	-0.08684037275910998
775.693	-0.017743212759109957
777.361	-0.11969130275910997
779.029	-0.03892729275910996
780.697	-0.12877807875910996
782.365	-0.039217562759109974
784.034	-0.13518690275910994
785.702	-0.05700653275910996
787.37	-0.16041158275910997
789.038	-0.08366658275910994
790.706	-0.17323568275910994
792.374	-0.07561735275910998
794.043	-0.14771716275910998
795.711	-0.03864465275910997
797.379	-0.11455342275910993
799.047	-0.03725580275910996
800.715	-0.14128835275910995
802.383	-0.07816963275910996
804.052	-0.18467878275910996
805.72	-0.10341238275910995
807.388	-0.19633978275910993
809.056	-0.10438198275910997
810.724	-0.18116428275910995
812.392	-0.08822465275910996
814.06	-0.14919652275910994
815.729	-0.04317328275910996
817.397	-0.11517929275910996
819.065	-0.03497703275910997
820.733	-0.13090067275910997
822.401	-0.056875702759109956
824.069	-0.14158189275910993
825.738	-0.05391821275910995
827.406	-0.12181410275910994
829.074	-0.036702562759109957
830.742	-0.10503485275910998
832.41	-0.007794582759109969
834.078	-0.06195616275910996
835.746	0.04562412724089002
837.415	-0.01596751275910997
839.083	0.06562817724089001
840.751	-0.009795052759109968
842.419	0.04886548824089004
844.087	-0.04129921275910998
845.755	0.02690723724089003
847.424	-0.05267420275910996
849.092	0.016302627240890044
850.76	-0.055902592759109956
852.428	0.025323355140890035
854.096	-0.02280298275910998
855.764	0.056767308240890026
857.433	-0.0076295227591099525
859.101	0.05285526324089006
860.769	-0.010189312759109947
862.437	0.04149092224089003
864.105	0.02203398854089004
865.773	0.08603578724089002
867.441	0.4955624172408902
869.11	1.01283471724089
870.778	1.2635646172408903
872.446	1.4521143172408901
874.114	1.12002891724089
875.782	0.6926327172408902
877.45	0.18336894724089006
879.119	-0.22883144275910997
880.787	-0.30169449275911003
882.455	-0.11255583275910999
884.123	-0.17628950275910996
885.791	-0.05248614275910999
887.459	-0.14220867075910992
889.127	-0.06307088275910995
890.796	-0.16360732275910994
892.464	-0.09047481175910999
894.132	-0.17001252975910996
895.8	-0.07841189275910995
897.468	-0.15854443275910995
899.136	-0.07907431275910999
900.805	-0.16983716275910993
902.473	-0.10192456275911
904.141	-0.18548128275911
905.809	-0.11177021375910996
907.477	-0.17522663275910996
909.145	-0.08059092475910994
910.814	-0.13238944275911
912.482	-0.04163878275910994
914.15	-0.10356485075910997
915.818	-0.04037436275910996
917.486	-0.11304658275910995
919.154	-0.05529765275910996
920.822	-0.12796167275911
922.491	-0.07355735275910998
924.159	-0.14010008275910996
925.827	-0.09401670275910994
927.495	-0.15386649275910988
929.163	-0.09971944275910997
930.831	-0.15986659275910992
932.5	-0.11075961275910999
934.168	-0.15751138275911
935.836	-0.10374578275910999
937.504	-0.12349968275910998
939.172	-0.05921078275910996
940.84	-0.07529808275910994
942.509	-0.03547238275910998
944.177	-0.06267858275911001
945.845	-0.05304947625910996
947.513	-0.07262122275910995
949.181	-0.05662194445810995
950.849	-0.06921678275910996
952.517	-0.07124143275910995
954.186	-0.05014351275910989
955.854	-0.10851348275910996
957.522	-0.048668942759110004
959.19	-0.17306028275911003
960.858	0.025952017240890024
962.526	-0.4232315027591101
964.195	2.01109852724089
965.863	5.27564331724089
967.531	7.93129471724089
969.199	9.85461841724089
970.867	9.24731841724089
972.535	6.7649187172408904
974.203	3.96297121724089
975.872	0.7387740172408899
977.54	-0.08797898275910994
979.208	0.69179571724089
980.876	0.51944281724089
982.544	0.8024698172408901
984.212	0.41277221724088997
985.881	0.44223157424089
987.549	-0.0034451627591099766
989.217	0.08384378724089006
990.885	-0.08025603275910995
992.553	0.10107596724089
994.221	-0.05819641275910997
995.89	0.08966600024089003
997.558	-0.08283682275910997
999.226	0.039742137240890034
1000.89	-0.12248158275910995
1002.56	-0.013856612759109965
1004.23	-0.16841520275910996
1005.9	-0.04753328275911
1007.57	-0.18888858275910997
1009.23	-0.04256728275910995
1010.9	-0.14767140275910998
1012.57	0.01899032824089002
1014.24	-0.06515272305910998
1015.91	0.08752961724089006
1017.58	-0.02427703275910994
1019.24	0.09282631724089004
1020.91	-0.053183782759109954
1022.58	0.038924637240890056
1024.25	-0.11905831275910997
1025.92	-0.02695098275910996
1027.58	-0.15596965275910996
1029.25	-0.04793471275910996
1030.92	-0.14697012275910998
1032.59	-0.013751332759109964
1034.26	-0.10777148275910994
1035.93	0.02248549824089003
1037.59	-0.08713014275910995
1039.26	0.02146421724089003
1040.93	-0.09664611275910995
1042.6	-0.0002056327591099527
1044.27	-0.12131115275910995
1045.93	-0.024962272759109942
1047.6	-0.13944094275910998
1049.27	-0.025679552759109974
1050.94	-0.12187588275910995
1052.61	0.0006260772408900495
1054.28	-0.09270178275910994
1055.94	0.021512897240890026
1057.61	-0.10635176075910997
1059.28	-0.01749618275910997
1060.95	-0.13325938275910992
1062.62	-0.021539732759109982
1064.28	-0.10837685275910995
1065.95	0.033393067240890036
1067.62	-0.05732358275910994
1069.29	0.09972453724089003
1070.96	0.0073440772408900346
1072.62	0.15493631724089002
1074.29	0.12727411724089002
1075.96	0.52691379724089
1077.63	0.8813464172408901
1079.3	1.2963066172408901
1080.97	1.36048781724089
1082.63	1.30974401724089
1084.3	0.8346295172408901
1085.97	0.49742261724089004
1087.64	0.040328017240889955
1089.31	-0.036512682759109925
1090.97	-0.04522018275910998
1092.64	0.017906717240890036
1094.31	-0.05147978275910996
1095.98	0.018934497240890014
1097.65	-0.05451518275910996
1099.32	0.02561031724089005
1100.98	-0.03781906275910995
1102.65	0.04609611724089004
1104.32	-0.03098529275910994
1105.99	0.045979617240890044
1107.66	-0.03632196275910994
1109.32	0.04698992724089003
1110.99	-0.03043737275910996
1112.66	0.040319887240890036
1114.33	-0.03745498275910995
1116.0	0.042385727240890035
1117.66	-0.024384112759109965
1119.33	0.07199251724089004
1121.0	0.009245177240890013
1122.67	0.08545361724089004
1124.34	0.01608759724089004
1126.01	0.07083252724089005
1127.67	0.011969517240890043
1129.34	0.09801441724089006
1131.01	0.06705791724089005
1132.68	0.16553392724089003
1134.35	0.13360987724089007
1136.01	0.19693798724089004
1137.68	0.15815800324089002
1139.35	0.20738151724089002
1141.02	0.21417593724089
1142.69	0.28228244724089
1144.36	0.76458110724089
1146.02	1.3348838172408901
1147.69	1.64359211724089
1149.36	1.8293281172408904
1151.03	1.46805181724089
1152.7	0.92186042724089
1154.36	0.35725671724089003
1156.03	-0.22752638275911
1157.7	-0.058215682759109974
1159.37	0.3698085172408901
1161.04	0.49955661724088996
1162.71	0.7355845172408901
1164.37	0.5444921172408901
1166.04	0.34977881724089005
1167.71	0.03843028724089005
1169.38	-0.21658711275911
1171.05	-0.28690702275910995
1172.71	-0.13940838275910994
1174.38	-0.21247406875910996
1176.05	-0.10205098275910993
1177.72	-0.14763687275910997
1179.39	-0.05012437275910995
1181.05	-0.10201910275910997
1182.72	-0.06722694275910997
1184.39	-0.11033878275911
1186.06	-0.009334782759109966
1187.73	0.06782249724089003
1189.4	0.26845973224089004
1191.06	0.44080181724088996
1192.73	0.5288364172408901
1194.4	0.6389275872408902
1196.07	0.42850865724088993
1197.74	1.59452331724089
1199.4	5.30474831724089
1201.07	8.18116021724089
1202.74	10.787434217240891
1204.41	10.93140821724089
1206.08	8.74625641724089
1207.75	5.413491217240891
1209.41	1.9590300172408903
1211.08	-0.65137925275911
1212.75	-0.19981018275911
1214.42	-0.39522765275911
1216.09	-0.12084198275911
1217.75	-0.27337418275910996
1219.42	-0.10277988275910994
1221.09	-0.30927301275911
1222.76	-0.15809648275910998
1224.43	-0.32468904275911
1226.1	-0.16484645275910997
1227.76	-0.2710830967591099
1229.43	-0.10759119275910997
1231.1	-0.26630737275911
1232.77	-0.14181261275910997
1234.44	-0.3112595827591099
1236.1	-0.19156513275910997
1237.77	-0.33313236275910996
1239.44	-0.19479573275910997
1241.11	-0.32517374275911
1242.78	-0.15130946275910995
1244.44	-0.25132233275911
1246.11	-0.05887926475910996
1247.78	-0.15717018275910996
1249.45	-0.013887892759109954
1251.12	-0.16065228275910998
1252.79	-0.06896083275910998
1254.45	-0.24399518275910995
1256.12	-0.14315024275910998
1257.79	-0.2922772527591099
1259.46	-0.15337079275910998
1261.13	-0.2709101127591099
1262.79	-0.13074533275910993
1264.46	-0.25448916275910993
1266.13	-0.12872948275910995
1267.8	-0.26922997275910987
1269.47	-0.18355928275910993
1271.14	-0.31670666275910997
1272.8	-0.18991004275911
1274.47	-0.29347250275910997
1276.14	-0.15736577475910998
1277.81	-0.2952914227591099
1279.48	-0.17266738275910995
1281.14	-0.29193461035911
1282.81	-0.18750363275910994
1284.48	-0.29633977275911
1286.15	-0.17216293275910993
1287.82	-0.29335906275910995
1289.49	-0.16361339275910997
1291.15	-0.28399886975911
1292.82	-0.13549189275910994
1294.49	-0.20973623275910996
1296.16	-0.07281780275910996
1297.83	-0.19632115275911
1299.49	-0.09646924775910995
1301.16	-0.25098318275910997
1302.83	-0.15930998275910996
1304.5	-0.29430548275910995
1306.17	-0.1646819127591099
1307.83	-0.27955205275910994
1309.5	-0.16160646075910995
1311.17	-0.31002598275911
1312.84	-0.21298879275911
1314.51	-0.37933269275910997
1316.18	-0.27795322275910994
1317.84	-0.40552138275910987
1319.51	-0.26627717275910995
1321.18	-0.37123258275911
1322.85	-0.23524766275910997
1324.52	-0.36743497275911
1326.18	-0.26753886975910995
1327.85	-0.45589590275910996
1329.52	-0.37765371275910997
1331.19	-0.61618221275911
1332.86	-0.49216767275911
1334.53	-0.45904988275910996
1336.19	-0.14640357275910995
1337.86	-0.16036778475911
1339.53	-0.08393569275911
1341.2	-0.48381808275911
1342.87	-0.44985238275910994
1344.53	0.58651321724089
1346.2	2.05150563724089
1347.87	3.55821621724089
1349.54	4.654102217240889
1351.21	4.393617217240889
1352.88	3.49648241724089
1354.54	2.00951551724089
1356.21	0.6147557672408901
1357.88	0.12894141724089
1359.55	0.02685551724089006
1361.22	-0.30840996275911
1362.88	-0.35229941275910986
1364.55	-0.8253142827591098
1366.22	-0.9008930827591101
1367.89	-1.01058338275911
1369.56	-0.92781711275911
1371.22	-0.65386928275911
1372.89	-0.009560982759109882
1374.56	0.45026751724089015
1376.23	1.1195102172408902
1377.9	1.2660959002408896
1379.57	1.3583067172408902
1381.23	1.24859181724089
1382.9	0.9019521172408901
1384.57	0.60297081724089
1386.24	0.46909146724089
1387.91	0.34129438724089
1389.57	0.3473975072408901
1391.24	0.24135013724089008
1392.91	0.24962394724089004
1394.58	0.14330135724089005
1396.25	0.18696115724089007
1397.92	0.11046281724089005
1399.58	0.17519618724089
1401.25	0.11152756724089001
1402.92	0.20433221724089004
1404.59	0.12373831724089006
1406.26	0.20236452724089
1407.92	0.11212782524089004
1409.59	0.20341999724089002
1411.26	0.10875775724089003
1412.93	0.17035371724089005
1414.6	0.09022941724089006
1416.27	0.15758494724089
1417.93	0.06300506724089006
1419.6	0.14757471724089008
1421.27	0.061178387240890045
1422.94	0.15494179724089008
1424.61	0.09153361724089001
1426.27	0.17446649124089003
1427.94	0.09615550724089003
1429.61	0.16543831724089003
1431.28	0.06421372724089006
1432.95	0.1332704172408901
1434.61	0.03367495724089006
1436.28	0.10660819724089007
1437.95	0.03427293724089004
1439.62	0.15591261724089003
1441.29	0.08657161724089002
1442.96	0.17427416724089004
1444.62	0.08365619924089007
1446.29	0.13785161724089007
1447.96	0.010647617240890073
1449.63	0.07165851724089005
1451.3	-0.04777825275910995
1452.96	0.06238591724089003
1454.63	-0.021909332759109938
1456.3	0.08352141724089004
1457.97	-0.09942526275911001
1459.64	0.1662271272408901
1461.31	0.41975051724089
1462.97	0.7971745172408901
1464.64	0.9738095172408899
1466.31	1.06770461724089
1467.98	0.7891599932408899
1469.65	0.61400072424089
1471.31	0.1586478172408901
1472.98	0.08038568724089012
1474.65	0.06795651724089005
1476.32	0.09328736724089004
1477.99	0.018807907240890032
1479.65	0.043801945240890025
1481.32	0.0003401472408900319
1482.99	0.08099297624089002
1484.66	0.05243890724089002
1486.33	0.13357317724089007
1488.0	0.08034082424089004
1489.66	0.11356021724089005
1491.33	0.01990681724089003
1493.0	0.037237117240890016
1494.67	-0.029443332759109986
1496.34	0.012073617240890022
1498.0	-0.027144922759109968
1499.67	0.037435871240890047
1501.34	0.07836198724089002
1503.01	0.21500071724089004
1504.68	0.26652181724089
1506.35	0.34063332724089007
1508.01	0.35223661724089006
1509.68	0.32290941724089006
1511.35	2.38792761724089
1513.02	7.507208217240891
1514.69	11.89806221724089
1516.35	15.45466521724089
1518.02	15.620289217240892
1519.69	12.62611521724089
1521.36	7.932614217240891
1523.03	3.08618544724089
1524.7	-0.22735087375910998
1526.36	0.022462217240890016
1528.03	-0.16589048275910998
1529.7	0.07818941724089004
1531.37	-0.03782598275910996
1533.04	0.15947830724089002
1534.7	0.056847157240890026
1536.37	0.1996180172408901
1538.04	0.04981158724089003
1539.71	0.17842621724089003
1541.38	-0.00683716375910996
1543.04	0.08816719724089003
1544.71	-0.09178129275910996
1546.38	-0.027612842759109975
1548.05	-0.20267842275910994
1549.72	-0.09901637275910995
1551.39	-0.23086005275910995
1553.05	-0.07368995585910997
1554.72	-0.17575708275911
1556.39	-0.017098152759109968
1558.06	-0.15915572375910997
1559.73	-0.019687752759109944
1561.39	-0.20978898275910995
1563.06	-0.11817260275910994
1564.73	-0.37022363275910997
1566.4	-0.3333131627591099
1568.07	0.5152738172408899
1569.74	4.16371421724089
1571.4	8.63628421724089
1573.07	12.50260721724089
1574.74	14.34337721724089
1576.41	13.188652217240891
1578.08	9.651356217240892
1579.74	5.379530217240889
1581.41	1.59242484724089
1583.08	0.2816119172408901
1584.75	0.23676274024089
1586.42	0.07231905724089001
1588.09	0.07784725724089005
1589.75	0.04149069724089004
1591.42	0.016150687240890024
1593.09	0.035638917240890015
1594.76	0.007710117240890063
1596.43	0.050908417240890035
1598.09	0.041733317240890036
1599.76	0.10831201724089005
1601.43	0.08773621724089002
1603.1	0.17528241724089005
1604.77	0.13090341724089
1606.43	0.16841651724089002
1608.1	0.10471541724089004
1609.77	0.09626171724088999
1611.44	0.021983917240890077
1613.11	0.053744717240889986
1614.78	-0.05314498275910996
1616.44	-0.0018691927591099832
1618.11	-0.10949944275910999
1619.78	-0.08101938275910998
1621.45	-0.13387865975910995
1623.12	-0.07586368275910998
1624.78	-0.09198869275910997
1626.45	0.01342875724089001
1628.12	-0.03348728275910996
1629.79	0.02561870724089005
1631.46	-0.04516136275910998
1633.13	-0.011544422759109973
1634.79	-0.06254734275910996
1636.46	-0.05458359275910992
1638.13	-0.15922728275910997
1639.8	-0.16649828275910997
1641.47	-0.23467492275911
1643.13	-0.3682882827591101
1644.8	-0.38378798275910986
1646.47	-0.7603737827591097
1648.14	4.50769301724089
1649.81	10.41182821724089
1651.48	15.71227021724089
1653.14	19.12232921724089
1654.81	17.53809421724089
1656.48	12.85964521724089
1658.15	7.119205217240891
1659.82	0.8397172172408901
1661.48	-1.1094895827591098
1663.15	0.5439318172408898
1664.82	4.00030321724089
1666.49	7.666737787240889
1668.16	10.638326217240891
1669.82	11.728151317240892
1671.49	9.924902917240889
1673.16	7.40318421724089
1674.83	3.7370134172408904
1676.5	1.32770227724089
1678.17	1.4361345672408903
1679.83	0.9362872172408899
1681.5	0.7589420672408901
1683.17	0.4240210172408901
1684.84	0.45392161724089003
1686.51	0.41138121724089005
1688.17	0.4834401172408899
1689.84	0.46027721724089005
1691.51	0.4548912172408901
1693.18	0.43015741724089
1694.85	0.42846321724089
1696.52	0.45204731724089003
1698.18	0.49726251724089005
1699.85	0.4989010172408901
1701.52	0.49925532724089
1703.19	0.39712741724089007
1704.86	0.3883735172408901
1706.52	0.44199311724089013
1708.19	0.6485045572408901
1709.86	0.8873406172408901
1711.53	2.40097081724089
1713.2	7.75336621724089
1714.87	12.36798321724089
1716.53	16.24345421724089
1718.2	16.95931521724089
1719.87	14.224750217240887
1721.54	9.34311221724089
1723.21	4.33025921724089
1724.87	-0.03530918275911001
1726.54	-0.07593188275911004
1728.21	-0.25022968275910995
1729.88	-0.08715472275910993
1731.55	-0.18388269275910993
1733.21	-0.021213172759109923
1734.88	-0.09293058475910995
1736.55	0.04667497724089004
1738.22	-0.03281659225910998
1739.89	0.07824671724089005
1741.56	0.017825917240890044
1743.22	0.12062751724089008
1744.89	0.027945117240890032
1746.56	0.10591541724089004
1748.23	0.011596217240890055
1749.9	0.12568091724089003
1751.56	0.018286017240890046
1753.23	0.035681117240890056
1754.9	-0.004664882759109978
1756.57	0.09780631724089003
1758.24	0.10832131724089003
1759.91	0.30946755724089003
1761.57	0.29253596724089004
1763.24	0.3893671172408901
1764.91	0.23440701724089003
1766.58	0.17577981724089004
1768.25	0.05248007724089003
1769.91	0.07242126724089004
1771.58	-0.00877397275910998
1773.25	0.09588758724089004
1774.92	0.06447260724089006
1776.59	0.20574589724089
1778.25	0.15327744724089004
1779.92	0.27404403724089005
1781.59	0.22446968724089
1783.26	0.31820257724089007
1784.93	0.2492543972408901
1786.6	0.31249865724089004
1788.26	0.23546166724089007
1789.93	0.2903611172408901
1791.6	0.19889583724089005
1793.27	0.2559574472408901
1794.94	0.18315611724089004
1796.6	0.23793391724089002
1798.27	0.17962711724089003
1799.94	0.24119455724089006
1801.61	0.20511420524089002
1803.28	0.28160255724089006
1804.95	0.27035891724089006
1806.61	0.35911101724089006
1808.28	0.4118521172408901
1809.95	0.4945523172408901
1811.62	0.7932710172408901
1813.29	3.1545162172408903
1814.95	4.78418321724089
1816.62	6.373968217240891
1818.29	6.503549217240891
1819.96	5.26450065724089
1821.63	3.1114338172408904
1823.3	1.18499911724089
1824.96	-0.7536410827591099
1826.63	-0.3432388827591099
1828.3	-0.40855979275911
1829.97	-0.19640731275910994
1831.64	-0.26296588275911
1833.3	-0.11180201275910995
1834.97	-0.15955196275911
1836.64	0.00041574724089003535
1838.31	-0.06639697275910994
1839.98	0.03978279724089007
1841.64	-0.09122854275910997
1843.31	-0.02873853275910998
1844.98	-0.11564683475910995
1846.65	0.018051217240890045
1848.32	-0.03420359275910996
1849.99	0.10438384724089003
1851.65	0.02938258724089004
1853.32	0.08969341724089001
1854.99	-0.055668812759109954
1856.66	-0.0010314627591099552
1858.33	-0.12967982275910994
1859.99	-0.04745427275910996
1861.66	-0.13510715275910995
1863.33	-0.011139532759109972
1865.0	-0.051928952759109956
1866.67	0.07462575724089004
1868.34	-0.008214782759109973
1870.0	0.08903648724089004
1871.67	-0.021829262759109968
1873.34	0.031906137240890045
1875.01	-0.07988117275910997
1876.68	0.005553127240890016
1878.34	-0.06127628275910994
1880.01	0.03542523224089001
1881.68	-0.06404883275910997
1883.35	0.011014427240890051
1885.02	-0.11145850275910998
1886.69	-0.06715681275910997
1888.35	-0.17348822275910997
1890.02	-0.09150465975910997
1891.69	-0.16376098275910994
1893.36	-0.03266532275910996
1895.03	-0.08863705275910996
1896.69	0.04582739724089004
1898.36	0.0014136172408900222
1900.03	0.09147456724089004
1901.7	0.003420687240890052
1903.37	0.07928556424089003
1905.03	-0.015329202759109973
1906.7	0.07712178224089003
1908.37	-0.005522106759109957
1910.04	0.08867213724089004
1911.71	0.01284332724089005
1913.38	0.10173927424089002
1915.04	0.014933277240890044
1916.71	0.09000379724089003
1918.38	-0.014912152759109972
1920.05	0.042730950240890034
1921.72	-0.07145570275910998
1923.38	-0.01891988275910994
1925.05	-0.11097106275910998
1926.72	-0.034640762759109975
1928.39	-0.11839581275910996
1930.06	-0.029711152759109953
1931.73	-0.09889098975910994
1933.39	-0.008459562759109956
1935.06	-0.04403118275910997
1936.73	0.08044741204089004
1938.4	0.054191347240890045
1940.07	0.15853022724089003
1941.73	0.06967906724089004
1943.4	0.11858280724089006
1945.07	0.008587837240890045
1946.74	0.04729034724089003
1948.41	-0.04487611275910997
1950.08	0.05754576724089004
1951.74	0.0035852472408900273
1953.41	0.09781230724089003
1955.08	0.018458667140890034
1956.75	0.08390853724089006
1958.42	-0.03030134805910998
1960.08	0.02125267724089
1961.75	-0.08623979275910995
1963.42	0.0009441372408900472
1965.09	-0.04293692275910997
1966.76	0.06715229924088999
1968.42	0.022642427240890058
1970.09	0.11401214724089001
1971.76	0.02293175724089002
1973.43	0.10462734724089004
1975.1	0.03846967724089002
1976.77	0.14909923724089008
1978.43	0.11111256724089003
1980.1	0.18753880724089003
1981.77	0.08218825724089004
1983.44	0.10687745724089007
1985.11	-0.04800740275910995
1986.77	-0.038913922759109994
1988.44	-0.17501288275910992
1990.11	-0.10072113275910996
1991.78	-0.16058535275910996
1993.45	-0.05591083275910998
1995.12	-0.12826681275910998
1996.78	-0.06464319275910997
1998.45	-0.17427606275910995
2000.12	-0.13471768275910995
2001.79	-0.24385117975910994
2003.46	-0.14028658275910996
2005.12	-0.17103548275910999
2006.79	-0.020689352759109964
2008.46	-0.04183072275910997
2010.13	0.05502967724089004
2011.8	-0.02346198275910997
2013.47	0.059274623123890056
2015.13	-0.039597102759109964
2016.8	0.011036267240890029
2018.47	-0.07892422275910997
2020.14	0.01649728724089003
2021.81	-0.03727771275910995
2023.47	0.07512167724089006
2025.14	0.036698767240890044
2026.81	0.17874389724089002
2028.48	0.13120612724089006
2030.15	0.19418433724089004
2031.81	0.05706418724089004
2033.48	0.09158924724089004
2035.15	-0.01997661275910995
2036.82	0.02426305724089004
2038.49	-0.06044335275910997
2040.16	0.006403957240890029
2041.82	-0.08231339275910994
2043.49	-0.00793786275910996
2045.16	-0.09087621380910996
2046.83	-0.004251969759109964
2048.5	-0.06825390275910995
2050.16	0.007770707240890043
2051.83	-0.06432040275910995
2053.5	0.016116327240890044
2055.17	-0.04658583275910995
2056.84	0.04720182124089005
2058.51	-0.027998352759109973
2060.17	0.025622414240890012
2061.84	-0.08955262275910998
2063.51	-0.05902183275910997
2065.18	-0.16011547275910995
2066.85	-0.07816263375910995
2068.51	-0.13944484275910998
2070.18	-0.035470355759109964
2071.85	-0.06965373275910998
2073.52	0.04103752724089003
2075.19	0.006800227240890039
2076.86	0.11414240724089005
2078.52	0.07672446224089005
2080.19	0.17761564624089002
2081.86	0.10719899724089003
2083.53	0.14499484724089004
2085.2	0.02047424724089002
2086.86	0.036855803240890044
2088.53	-0.09055375875910995
2090.2	-0.048704432759109975
2091.87	-0.11955473275910995
2093.54	-0.03168682275910996
2095.2	-0.06745032275910996
2096.87	0.014846057240890031
2098.54	-0.02286627275910996
2100.21	0.04512091724089004
2101.88	-0.04234072275910995
2103.55	0.004306758940890026
2105.21	-0.08841505275910996
2106.88	-0.029825352759109962
2108.55	-0.08230785275910997
2110.22	0.008455417240890056
2111.89	-0.010940147759109958
2113.55	0.09078974724089003
2115.22	0.010938767240890029
2116.89	0.054974567240890025
2118.56	-0.06772428375910997
2120.23	-0.040458752759109956
2121.9	-0.14063967275910993
2123.56	-0.09181481275910996
2125.23	-0.17259698275911
2126.9	-0.055931452759109955
2128.57	-0.09818674275910995
2130.24	0.012042887240890046
2131.9	-0.034732432759109935
2133.57	0.039694196240890024
2135.24	-0.03324590275910997
2136.91	0.0026620016408900327
2138.58	-0.07450913275910995
2140.24	0.01178135324089003
2141.91	-0.05158054275910997
2143.58	0.005535087240890041
2145.25	-0.06903054275910996
2146.92	0.014459403640890045
2148.59	-0.03285105275910997
2150.25	0.07559661724089003
2151.92	0.04289781724089004
2153.59	0.13102918724089005
2155.26	0.05206369724089005
2156.93	0.08560464724089004
2158.59	-0.017247462759109967
2160.26	0.04152756524089005
2161.93	-0.05895075275910995
2163.6	0.01347457724089006
2165.27	-0.07576575275910997
2166.94	-0.013373192759109956
2168.6	-0.09608667275910995
2170.27	-0.05466139275910995
2171.94	-0.14954694275910996
2173.61	-0.08994445275910996
2175.28	-0.16500591275910997
2176.94	-0.06287865675910997
2178.61	-0.10165841275910995
2180.28	0.011549987240890031
2181.95	-0.040540792759109955
2183.62	0.03398851724089004
2185.29	-0.05002569275910995
2186.95	0.019669077240890037
2188.62	-0.047769442759109965
2190.29	0.04571215724089005
2191.96	-0.04416578275910997
2193.63	0.033952464240890046
2195.29	-0.07836701275910998
2196.96	-0.03173590275910997
2198.63	-0.12489976275910997
2200.3	-0.05870643275910995
2201.97	-0.13641649275910997
2203.63	-0.00874438275910997
2205.3	-0.04564899275910994
2206.97	0.08438179224089001
2208.64	0.050876067240890034
2210.31	0.13619189724089004
2211.98	0.035783051240890054
2213.64	0.07693708224089005
2215.31	-0.07141864575910997
2216.98	-0.017584756759109966
2218.65	-0.08523220275910998
2220.32	0.019516997240890028
2221.98	-0.004986562759109939
2223.65	0.09197953724089003
2225.32	0.026317147240890033
2226.99	0.059880224240890054
2228.66	-0.07589948275910996
2230.33	-0.05215137275910995
2231.99	-0.16471599275910995
2233.66	-0.08669782175910994
2235.33	-0.09032103275910996
2237.0	0.05268703624089005
2238.67	0.09022193724089003
2240.33	0.21297840724089
2242.0	0.15501016724089003
2243.67	0.19919564724089003
2245.34	0.07998481724089002
2247.01	0.08235541724089004
2248.68	-0.011148862759109956
2250.34	0.023174597240890046
2252.01	-0.07658296275910997
2253.68	-0.06241672275910999
2255.35	-0.17179968275910995
2257.02	-0.12114714275910998
2258.68	-0.17072679275911
2260.35	-0.07420731275910994
2262.02	-0.09355807275910999
2263.69	0.02668636724089002
2265.36	-0.00713482275910996
2267.02	0.06184257724089004
2268.69	-0.014694652759109972
2270.36	0.052903767240890034
2272.03	-0.024344212759109956
2273.7	0.04827402724089004
2275.37	-0.04373553275910996
2277.03	0.02158044724089005
2278.7	-0.07961674675910997
2280.37	-0.044270202759109964
2282.04	-0.10427279275910997
2283.71	-0.024366882759109948
2285.37	-0.08087360475910996
2287.04	0.02084504724089003
2288.71	-0.050421582759109976
2290.38	0.02687570724089005
2292.05	-0.028817552759109955
2293.72	0.027122791240890037
2295.38	-0.02093428275910995
2297.05	0.06214330724089005
2298.72	-0.039009982759109954
2300.39	0.026481757240890032
2302.06	-0.050406554759109955
2303.72	0.028265954240890047
2305.39	-0.002703962759109957
2307.06	0.10821454724089001
2308.73	0.07294431724089005
2310.4	0.16254781724089007
2312.07	0.09602904724089005
2313.73	0.15409296724089
2315.4	0.06334427324089005
2317.07	0.09655202724089006
2318.74	0.0068245472408900495
2320.41	0.03200540724089002
2322.07	-0.044286352759109957
2323.74	0.011626237240890024
2325.41	-0.02122640275910998
2327.08	0.07318033724089004
2328.75	0.026992567240890036
2330.41	0.08006526724089005
2332.08	-0.0007888727591099709
2333.75	0.011961657240890045
2335.42	-0.09927169775910996
2337.09	-0.02973008275910994
2338.76	-0.08485102975910996
2340.42	0.015438927240890044
2342.09	-0.043186512759109966
2343.76	0.038370377240890055
2345.43	-0.04320788275910995
2347.1	0.01757715424089005
2348.76	-0.07249928775910999
2350.43	-0.010322382759109966
2352.1	-0.09941338275910996
2353.77	-0.04332781275910995
2355.44	-0.15032625275911
2357.11	-0.07366109275910995
2358.77	-0.18570741275910999
2360.44	-0.13080793275910996
2362.11	-0.17791440275910994
2363.78	-0.10954779275910995
2365.45	-0.15110405275910993
2367.11	0.03619644724089002
2368.78	-0.01489977275910998
2370.45	0.08493319024089004
2372.12	0.06057542724089003
2373.79	0.15985159724089
2375.46	0.19222563224089004
2377.12	0.34176605124089005
2378.79	0.28262695724089004
2380.46	0.40018647724089007
2382.13	0.28883909724089
2383.8	0.26966148424089004
2385.46	0.13587821724089005
2387.13	0.11669131724089006
2388.8	-0.03888308275910997
2390.47	-0.02808694675910996
2392.14	-0.10067702275910997
2393.8	-0.0071151917591099675
2395.47	0.00804152724089005
2397.14	0.17247298724089005
2398.81	0.12486906924089006
2400.48	0.16087850024089004
2402.15	0.0007281072408900191
2403.81	-0.048745782759109964
2405.48	-0.18544728275910996
2407.15	-0.19176197275910994
2408.82	-0.2511997357591099
2410.49	-0.13226018275910995
2412.15	-0.13797167275911
2413.82	0.009821667240890036
2415.49	0.024225083240890056
2417.16	0.13340411724089005
2418.83	0.08991727724089005
2420.5	0.13620201724089004
2422.16	0.05275411724089003
2423.83	0.08948405724089004
2425.5	-0.017966352759109943
2427.17	0.03903771724089005
2428.84	-0.02422230275910995
2430.5	0.03711325724089003
2432.17	-0.032464082759109975
2433.84	0.06120975224089005
2435.51	0.018140607240890033
2437.18	0.10177689724089004
2438.85	0.047106139240890035
2440.51	0.12067834724089004
2442.18	0.059234547240890036
2443.85	0.11406081724089004
2445.52	0.03026351724089004
2447.19	0.10576278524089004
2448.85	0.03873177324089004
2450.52	0.12483296724089006
2452.19	0.09075468724089003
2453.86	0.18371934724089004
2455.53	0.10698676724089004
2457.19	0.12578256024089002
2458.86	0.01923783724089003
2460.53	0.03786925724089005
2462.2	-0.09280934555910994
2463.87	-0.03904085275910997
2465.54	-0.10650588275910995
2467.2	-0.006223682759109972
2468.87	-0.04301558275910995
2470.54	0.03150083724089004
2472.21	0.009871287240890047
2473.88	0.12056661724089004
2475.54	0.08331071724089004
2477.21	0.16812247724089002
2478.88	0.07924117724089005
2480.55	0.11714017724089006
2482.22	-0.004899149759109961
2483.89	-0.001635442759109962
2485.55	-0.10258256275910997
2487.22	-0.03813608275910998
2488.89	-0.10823998275910998
2490.56	-0.022364982759109954
2492.23	-0.08928165275910999
2493.89	-0.013157582759109965
2495.56	-0.07289100275910997
2497.23	-0.027238582759109953
2498.9	-0.11868867275910996
2500.57	-0.03994686975910997
2502.23	-0.12257425275910998
2503.9	-0.04569917555910996
2505.57	-0.09210939275910997
2507.24	-0.013048062759109972
2508.91	-0.03760330275910996
2510.58	0.08607051724089003
2512.24	0.06771448724089005
2513.91	0.18301171724089005
2515.58	0.14087505224089
2517.25	0.17596239724089005
2518.92	0.06216944724089003
2520.58	0.06637363724089004
2522.25	-0.059124952759109985
2523.92	-0.03803431975910996
2525.59	-0.09820968275910996
2527.26	-0.02768715275910999
2528.93	-0.051505362759109975
2530.59	0.036224607240890064
2532.26	-0.02706970275910997
2533.93	0.007345427240890034
2535.6	-0.06993829275910997
2537.27	-0.036682172759109996
2538.93	-0.12365982275910996
2540.6	-0.06846387275910996
2542.27	-0.12514788275910999
2543.94	-0.032095882759109975
2545.61	-0.022941782759109963
2547.28	0.09759891724089002
2548.94	0.10067781724089002
2550.61	0.21585661924089
2552.28	0.12270868924089
2553.95	0.17034937424089006
2555.62	0.09781161724089005
2557.28	0.16137336724089002
2558.95	0.12304525724089004
2560.62	0.17790972424089008
2562.29	0.08630885724089006
2563.96	0.09997816724089008
2565.62	-0.04946972275910995
2567.29	-0.05026736275910999
2568.96	-0.14557486275910997
2570.63	-0.05226011275910993
2572.3	-0.05486014275910998
2573.97	0.048043837240890036
2575.63	-0.00971602075910995
2577.3	0.03435897724089006
2578.97	-0.10019106275910997
2580.64	-0.09580999775910995
2582.31	-0.20223308275910998
2583.97	-0.13882578275910998
2585.64	-0.16605434275910996
2587.31	-0.07907426275910996
2588.98	-0.12382727275910996
2590.65	-0.0036984227591099483
2592.32	-0.03056697275910995
2593.98	0.10913554724089003
2595.65	0.10437045724089004
2597.32	0.19006140724089005
2598.99	0.13771221724089006
2600.66	0.14176498724089
2602.32	-0.002627015759109952
2603.99	0.009525097240890035
2605.66	-0.09686268275910995
2607.33	-0.030249152759109943
2609.0	-0.04246514275910995
2610.67	0.03904130724089004
2612.33	0.027716977240890027
2614.0	0.10536504724088999
2615.67	0.035700107240890025
2617.34	0.06783345724089004
2619.01	-0.013205952759109973
2620.67	0.022721767240890013
2622.34	-0.02342676275910995
2624.01	0.06478848524089002
2625.68	0.043358308240890014
2627.35	0.10062397724089003
2629.01	0.04039419724089003
2630.68	0.08138565724089002
2632.35	-0.012326772759109938
2634.02	0.025945477240890025
2635.69	-0.06131074275910997
2637.36	-0.021653542759109974
2639.02	-0.07065997275910998
2640.69	-0.029666152759109977
2642.36	-0.05157058275910997
2644.03	0.03576305724089003
2645.7	-0.024443182759109942
2647.36	0.013957897240890044
2649.03	-0.07673208475910998
2650.7	-0.05106063275910997
2652.37	-0.11635627275910995
2654.04	-0.09459868275910996
2655.71	-0.19717653275910993
2657.37	-0.18976735275911
2659.04	-0.31128691275910997
2660.71	-0.25122930275910993
2662.38	-0.26008296775911
2664.05	-0.08322718275910997
2665.71	-0.029622682759109974
2667.38	0.16539211724089004
2669.05	0.1440387272408901
2670.72	0.22261399724089004
2672.39	0.14929096724089003
2674.06	0.18906226724088998
2675.72	0.08045605024089005
2677.39	0.15405592724089
2679.06	0.06753080724089003
2680.73	0.16098067724089002
2682.4	-0.0021831827591099417
2684.06	-0.056149912759109966
2685.73	-0.2674575767591099
2687.4	-0.31836650275910994
2689.07	-0.45337450275910995
2690.74	-0.34420556275910996
2692.4	-0.3622649527591099
2694.07	-0.18335681275910998
2695.74	-0.20970008275910995
2697.41	-0.10760516275910995
2699.08	-0.14328172275910994
2700.75	-0.06115778275910997
2702.41	-0.11932104275910996
2704.08	-0.07415061275910995
2705.75	-0.17916859275910996
2707.42	-0.13320114575910996
2709.09	-0.17447188275910996
2710.75	-0.03419742975910996
2712.42	-0.017619892759109988
2714.09	0.10311355824089001
2715.76	0.08366103724089007
2717.43	0.15676092724089005
2719.1	0.08633277724089006
2720.76	0.18088851724089006
2722.43	0.17992815724089004
2724.1	0.25119219724089004
2725.77	0.19619049724089002
2727.44	0.17624542724089004
2729.1	-0.0010657827591099623
2730.77	-0.034141562759109956
2732.44	-0.15457908275910995
2734.11	-0.14348071275911
2735.78	-0.1489415097591099
2737.45	-0.05854188275910999
2739.11	-0.04732976275911001
2740.78	0.07029587724089
2742.45	0.04587759724089002
2744.12	0.11474191724089007
2745.79	0.05398512724089004
2747.45	0.08960837724089003
2749.12	-0.02345499275910998
2750.79	-0.010102542759109951
2752.46	-0.10670260275910999
2754.13	-0.08662539275910996
2755.79	-0.17562703275910999
2757.46	-0.12331215275910996
2759.13	-0.18992786275910997
2760.8	-0.07986590275910996
2762.47	-0.07497578275910996
2764.14	0.07471600724089003
2765.8	0.06411146724089001
2767.47	0.16005801724089003
2769.14	0.05051976624089003
2770.81	0.03157096724089003
2772.48	-0.05202158275910997
2774.14	0.01910290724089004
2775.81	-0.03680848275910996
2777.48	0.05966544724089005
2779.15	-0.045582492759109985
2780.82	-0.009720922759109985
2782.49	-0.12514970275910994
2784.15	-0.13310011275910996
2785.82	-0.15615368275910999
2787.49	-0.04498608275910995
2789.16	-0.04422578275910996
2790.83	0.09355760724088998
2792.49	0.09317311724089006
2794.16	0.18381884724088998
2795.83	0.10010421724089011
2797.5	0.052565317240890065
2799.17	-0.07529215275910994
2800.84	-0.09599178275910997
2802.5	-0.19085131275910994
2804.17	-0.17594811275911
2805.84	-0.2550974727591099
2807.51	-0.22503562275911
2809.18	-0.32385370275911
2810.84	-0.28720558275910996
2812.51	-0.34725435275910993
2814.18	-0.27112360275910996
2815.85	-0.28980008075910996
2817.52	-0.22043479275911
2819.18	-0.20179794275910998
2820.85	-0.06741448275910995
2822.52	-0.059096092759109965
2824.19	0.05072551724089001
2825.86	-0.010232742759109964
2827.53	-0.0026655227591099563
2829.19	-0.12164092275910994
2830.86	-0.16845629275910998
2832.53	-0.25247668275911
2834.2	-0.16874237025910993
2835.87	-0.17359376275910995
2837.53	-0.04374605275910996
2839.2	-0.01349264275910996
2840.87	0.06949585224089005
2842.54	0.027625420240890035
2844.21	0.025274727240890048
2845.88	-0.10724218275910997
2847.54	-0.06994558275910998
2849.21	-0.14892408275910998
2850.88	-0.10012598275910997
2852.55	-0.12858548275910997
2854.22	-0.04576233275910995
2855.88	-0.09028358275910994
2857.55	-0.011961512759109977
2859.22	-0.10285148275910998
2860.89	-0.019219512759109963
2862.56	-0.07773833175910996
2864.22	0.01398572724089005
2865.89	-0.015608242759109941
2867.56	0.08806376724089002
2869.23	0.01467536724089003
2870.9	0.07675731724089004
2872.57	-0.02081430275910997
2874.23	0.029078877240890033
2875.9	-0.049784382759109944
2877.57	-0.001481162759109933
2879.24	-0.11259259275910996
2880.91	-0.09736748275910997
2882.57	-0.2116541127591099
2884.24	-0.22682028275910998
2885.91	-0.3133095827591099
2887.58	-0.27297926275911
2889.25	-0.3416849827591099
2890.92	-0.24338360275910995
2892.58	-0.28742648275911
2894.25	-0.19859618275910995
2895.92	-0.19969798275910994
2897.59	-0.13541762275910993
2899.26	-0.13441756275910996
2900.92	-0.02560580275911002
2902.59	-0.031078382759109957
2904.26	0.07013621724089
2905.93	0.06205681724089005
2907.6	0.16335541724089
2909.27	0.18097801724089008
2910.93	0.20468846724089004
2912.6	0.14257977724089
2914.27	0.07454951724089003
2915.94	-0.06472313275910994
2917.61	-0.12730594275911
2919.27	-0.20284970275911
2920.94	-0.02755960275910998
2922.61	-0.044024382759109956
2924.28	0.22613751724088998
2925.95	0.34576378024089005
2927.61	0.5066253172408901
2929.28	0.52335401724089
2930.95	0.51301361724089
2932.62	0.27050531724089
2934.29	0.22628725724089005
2935.96	-0.11918308275910997
2937.62	-0.14054501275911
2939.29	-0.30759949275910997
2940.96	-0.26647948275910993
2942.63	-0.35028468275911007
2944.3	-0.29351418275911
2945.96	-0.26879358275911003
2947.63	-0.18155128275910998
2949.3	-0.18857398275911
2950.97	-0.07336481275910998
2952.64	-0.14664260275910998
2954.31	0.09838495724089004
2955.97	0.18187999824089002
2957.64	0.35505575724089006
2959.31	0.47773931724089
2960.98	0.54367672724089
2962.65	0.54704522624089
2964.31	0.6149692102408901
2965.98	0.44353815724089
2967.65	0.49072697724089
2969.32	0.3221458172408901
2970.99	0.31686461724089005
2972.66	0.2839034172408901
2974.32	0.29428771724089
2975.99	0.20703431724089
2977.66	0.19661431724089
2979.33	-0.05928808275910995
2981.0	-0.19771978275910995
2982.66	-0.41219932275911
2984.33	-0.44381379875911
2986.0	-0.4881338214591099
2987.67	-0.41413021275911
2989.34	-0.34597338275910994
2991.0	-0.09738688275910995
2992.67	0.12156817724089
2994.34	0.7015266172408899
2996.01	1.3891809172408902
2997.68	2.4107254172408905
2999.35	4.7901742172408905
3001.01	7.40521221724089
3002.68	8.938266217240889
3004.35	9.29186721724089
3006.02	7.53160021724089
3007.69	4.8962832172408906
3009.35	2.08949491724089
3011.02	-0.1460810827591099
3012.69	-0.8577005827591098
3014.36	-0.44642348275911
3016.03	-0.45642994275911
3017.7	-0.2996543327591099
3019.36	-0.4606944827591099
3021.03	-0.37732578275911
3022.7	-0.5020312827591099
3024.37	-0.30544628275911
3026.04	-0.30513808275911
3027.7	-0.13391368275911
3029.37	-0.21799480275910996
3031.04	-0.18370388275910993
3032.71	-0.35865408275911
3034.38	-0.20513098275910996
3036.05	-0.20599158275910998
3037.71	-0.03545606275910997
3039.38	-0.09584708275910997
3041.05	0.0010290172408900845
3042.72	-0.19932695475910997
3044.39	-0.1897313827591099
3046.05	-0.42768468275911
3047.72	-0.26376907275910993
3049.39	-0.2915646827591099
3051.06	-0.013534582759109876
3052.73	0.012447317240890049
3054.39	0.2587320172408901
3056.06	0.03240933124089005
3057.73	-0.06639338275911
3059.4	-0.5193332827591098
3061.07	-0.6773422627591099
3062.74	-0.6978378827591099
3064.4	-0.17029283275910986
3066.07	0.18157571724089
3067.74	0.8622731172408902
3069.41	0.79931938724089
3071.08	0.78074629624089
3072.74	0.12594421724089014
3074.41	-0.35772678275911
3076.08	-0.9094360827591099
3077.75	-0.8465155827591098
3079.42	-1.0393600827591096
3081.09	-0.7668052827591099
3082.75	-1.0291287827591098
3084.42	-0.5486347827591102
3086.09	-0.45470278275911014
3087.76	0.73257221724089
3089.43	0.9928312172408902
3091.09	1.72993521724089
3092.76	1.4699655872408897
3094.43	1.9382307172408901
3096.1	0.9600662172408898
3097.77	1.5590220972408901
3099.44	0.33939421724089
3101.1	1.5802228172408899
3102.77	-0.5533077827591097
3104.44	14.666731417240891
3106.11	44.89174121724089
3107.78	77.21412421724088
3109.44	102.99340721724089
3111.11	109.26422721724089
3112.78	92.69985721724088
3114.45	64.7870392172409
3116.12	29.98357541724089
3117.78	7.540204217240889
3119.45	3.4576958172408903
3121.12	1.57216837224089
3122.79	2.62759651724089
3124.46	1.98393676724089
3126.13	2.6543650172408895
3127.79	1.87334981724089
3129.46	2.2175847172408902
3131.13	1.4047423172408902
3132.8	1.76462101724089
3134.47	1.5493862172408899
3136.13	2.4208177172408893
3137.8	2.3880218172408894
3139.47	3.03172421724089
3141.14	2.5637302172408902
3142.81	2.33606531724089
3144.48	1.14903611724089
3146.14	0.8684453172408901
3147.81	0.7625932172408901
3149.48	1.71772141724089
3151.15	2.14950061724089
3152.82	2.98873481724089
3154.48	2.71511021724089
3156.15	2.94644641724089
3157.82	1.98565031724089
3159.49	1.78468940724089
3161.16	0.9815072172408901
3162.83	0.8654712172408902
3164.49	0.011034617240890054
3166.16	0.18937061724089013
3167.83	-0.52023788275911
3169.5	0.00799211724088993
3171.17	-0.9707077827591102
3172.83	-0.46131478275911053
3174.5	-3.18508768275911
3176.17	4.42861971724089
3177.84	21.15028121724089
3179.51	38.772796217240895
3181.17	57.12199721724089
3182.84	67.3113072172409
3184.51	63.80661771724088
3186.18	52.9826262172409
3187.85	33.35426971724089
3189.52	17.25288611724089
3191.18	10.47468921724089
3192.85	4.00222911724089
3194.52	1.6966008172408895
3196.19	2.68491921724089
3197.86	4.83855251724089
3199.52	5.89420541724089
3201.19	6.919432417240889
3202.86	6.37708331724089
3204.53	5.0126016072408905
3206.2	3.30161170724089
3207.87	1.6800924172408898
3209.53	0.5858596172408901
3211.2	1.0137012172408901
3212.87	0.6758406172408901
3214.54	0.8281457272408901
3216.21	0.5571721172408901
3217.87	0.7178985472408901
3219.54	0.57028500724089
3221.21	0.6644938952408899
3222.88	0.47373712724089
3224.55	0.52760540724089
3226.21	0.38925031724089
3227.88	0.48413841724089013
3229.55	0.3477970172408901
3231.22	0.5269965172408901
3232.89	0.6518315172408901
3234.56	0.8797393172408899
3236.22	0.98195471724089
3237.89	1.19425291724089
3239.56	1.15412841724089
3241.23	1.0437046172408901
3242.9	0.7537730172408901
3244.56	0.53577401724089
3246.23	0.32752976724089
3247.9	0.26352401724089003
3249.57	0.17600231724089005
3251.24	0.26205431724089007
3252.91	0.30097696724089007
3254.57	0.40667154724089
3256.24	0.38603501724089007
3257.91	0.39191291724089006
3259.58	0.29034716724089005
3261.25	0.19796481724089005
3262.91	0.10615761724089001
3264.58	0.11037837724089009
3266.25	0.1981589872408901
3267.92	0.34590822724089004
3269.59	0.3827207802408901
3271.26	0.4328571772408901
3272.92	0.27908734724089
3274.59	0.10490611724089002
3276.26	-0.04553598275910993
3277.93	-0.03940425275910995
3279.6	0.15778841724089
3281.26	0.38720051724089
3282.93	0.54590321724089
3284.6	0.64919846724089
3286.27	0.48170151724089
3287.94	0.15709451724089005
3289.6	-0.19027758275911
3291.27	-0.4584693827591099
3292.94	-0.49434098275911
3294.61	-0.38402570275910997
3296.28	-0.16332321275910996
3297.95	0.10019251724089004
3299.61	0.3021607572408901
3301.28	0.32929412724088997
3302.95	0.33863147724089004
3304.62	0.31889273724089007
3306.29	0.29911641724089
3307.95	0.30074588724089
3309.62	0.31355042724089005
3311.29	0.33158781724089004
3312.96	0.24232582724089005
3314.63	0.15847601724089005
3316.3	0.06614306724089006
3317.96	-0.004920482759109968
3319.63	-0.06804618275910994
3321.3	-0.03198465275910996
3322.97	0.014769017240890048
3324.64	0.19126531724089005
3326.3	0.21631712724089006
3327.97	0.30924098724089
3329.64	0.46068081724089005
3331.31	0.60361660724089
3332.98	0.6509977172408901
3334.65	0.6450630772408901
3336.31	0.59193481724089
3337.98	0.4734201972408901
3339.65	0.2935613072408901
3341.32	0.20736131724089005
3342.99	0.12313238724089004
3344.65	0.10305089724089007
3346.32	0.059872917240890035
3347.99	-0.015609412759109997
3349.66	-0.03467869275910994
3351.33	-0.007743982759109947
3352.99	0.04172437724089002
3354.66	0.17161167224089008
3356.33	0.23783221724089004
3358.0	0.19990501724089002
3359.67	0.36688041724089004
3361.34	0.64352211724089
3363.0	0.9785321172408901
3364.67	1.2122174172408902
3366.34	1.30587421724089
3368.01	1.12848211724089
3369.68	0.7896815612408901
3371.34	0.32493771724089004
3373.01	0.12553345824089004
3374.68	0.03242224724089003
3376.35	0.09375896724089003
3378.02	0.08323344724089002
3379.69	0.13541071724089004
3381.35	0.19437841724089006
3383.02	0.20945041724089003
3384.69	0.24770601724089003
3386.36	0.28184761724089
3388.03	0.2770156172408901
3389.69	0.25273941724089
3391.36	0.13397651724089005
3393.03	0.004421837240890058
3394.7	-0.17079976275910996
3396.37	-0.28064301275911
3398.04	-0.3017825827591099
3399.7	-0.26954428275910997
3401.37	-0.17192058275910999
3403.04	-0.08206983275910995
3404.71	-0.04346308275910997
3406.38	0.002849717240890004
3408.04	-0.0037110827591099625
3409.71	-0.017970882759109963
3411.38	-0.010566422759109967
3413.05	-0.00570011475911002
3414.72	0.028785217240890032
3416.38	0.09048421724089006
3418.05	0.07586717724089002
3419.72	0.033550127240890036
3421.39	0.030044317240890052
3423.06	0.026544517240890027
3424.73	0.06825746724089003
3426.39	0.15603834724089002
3428.06	0.22023757724089005
3429.73	0.14349519724089002
3431.4	0.05376761724089004
3433.07	-0.034895482759109975
3434.73	-0.02244364875910998
3436.4	0.13689302724089
3438.07	0.29547711724089004
3439.74	0.37708771724089
3441.41	0.4334658372408901
3443.08	0.2827727172408901
3444.74	0.16121008724089006
3446.41	0.09758226724089004
3448.08	0.028949077240890065
3449.75	0.033032677240890054
3451.42	0.07953385724089006
3453.08	0.11077014724089004
3454.75	0.15976891724089004
3456.42	0.16134159724089006
3458.09	0.15681799724089004
3459.76	0.23345429024088998
3461.43	0.2715550472408901
3463.09	0.35227362724089006
3464.76	0.44201880724089004
3466.43	0.47550622924089003
3468.1	0.43088111724089
3469.77	0.30737525724089004
3471.43	0.15879855724089
3473.1	0.07941846724089005
3474.77	0.04814205724089001
3476.44	0.07949541724089003
3478.11	0.12493116724089004
3479.77	0.15368966724089
3481.44	0.06400601724089003
3483.11	-0.059852722759109966
3484.78	-0.12620923275910995
3486.45	-0.12339618275910998
3488.12	-0.049536522759109955
3489.78	0.09162078124089001
3491.45	0.13511801724089004
3493.12	0.16977851724089005
3494.79	0.11613721724089002
3496.46	0.09943321724089002
3498.12	0.11100044724089005
3499.79	0.18718564724088999
3501.46	0.18855978724088998
3503.13	0.2096430972408901
3504.8	0.15125434724089004
3506.47	0.11466943724089003
3508.13	0.035897517240890034
3509.8	0.025769937240890068
3511.47	-0.006190152759109923
3513.14	0.014235517240890061
3514.81	0.016104917240890054
3516.47	0.03570961724089007
3518.14	0.057420517240890055
3519.81	0.13914313724089006
3521.48	0.15050231724089003
3523.15	0.20604901724089006
3524.82	0.2038312172408901
3526.48	0.20382865724089
3528.15	0.14354391724089002
3529.82	0.06005111724089002
3531.49	-0.05930438275910993
3533.16	-0.09483212275910999
3534.82	-0.12685096275910998
3536.49	-0.06202581275910997
3538.16	0.004390717240890024
3539.83	0.11588101724089006
3541.5	0.16130486424089
3543.16	0.17095469724089002
3544.83	0.14039386724089006
3546.5	0.13634954724089005
3548.17	0.11909911424089004
3549.84	0.19001081724089003
3551.51	0.21626512724089006
3553.17	0.3033395072408901
3554.84	0.24294570724089004
3556.51	0.1717977272408901
3558.18	0.04088721724089005
3559.85	-0.06237558275910995
3561.51	-0.10895093275910997
3563.18	-0.01252240275910993
3564.85	0.04198101724089001
3566.52	0.18951231724089007
3568.19	0.16014721724089007
3569.86	0.10716201724089006
3571.52	0.04771555724089009
3573.19	0.02297910724089003
3574.86	-0.019695946099109983
3576.53	-0.005931182759109999
3578.2	-0.062168182759109944
3579.86	-0.06852818275910993
3581.53	-0.06351010275911
3583.2	0.00031221724089002814
3584.87	0.09293131724089007
3586.54	0.29771911724089006
3588.2	0.35010881724089005
3589.87	0.4551008172408901
3591.54	0.39097425724088997
3593.21	0.33944286024089004
3594.88	0.24091708724089003
3596.55	0.14609327724089005
3598.21	-0.009379742759109971
3599.88	-0.017547352759109968
3601.55	-0.11654983275910993
3603.22	-0.07245029275910994
3604.89	-0.07337159275910994
3606.55	-0.028981002759110013
3608.22	-0.02007308275911005
3609.89	0.018322317240890083
3611.56	-0.057534982759109954
3613.23	-0.01566498275910999
3614.9	-0.060513213059110005
3616.56	-0.13842038275910998
3618.23	-0.26011523275910997
3619.9	-0.33016313275911
3621.57	-0.43354288275911
3623.24	-0.35474217275910985
3624.9	-0.31734138275910995
3626.57	-0.09681078275910993
3628.24	0.03119079724089005
3629.91	0.14449506724089
3631.58	0.16471191724089002
3633.25	0.30016473724089004
3634.91	0.29018447224089006
3636.58	0.36708771424089004
3638.25	0.33107557724089
3639.92	0.41012410324089005
3641.59	0.33487969724089006
3643.25	0.37997655424089005
3644.92	0.30851443224089004
3646.59	0.33069323724089006
3648.26	0.27305002724089
3649.93	0.24161901724089008
3651.59	0.10282601724089005
3653.26	0.09762391724089
3654.93	-0.07803822275910999
3656.6	-0.08625428275910993
3658.27	-0.08082598275910993
3659.94	0.0017258572408900108
3661.6	0.014543107240890057
3663.27	0.09414199724089004
3664.94	0.062191537240890014
3666.61	0.19074909124089004
3668.28	0.23876691724088994
3669.94	0.38931531724089
3671.61	0.42549671724089
3673.28	0.5716144072408901
3674.95	0.60488801724089
3676.62	0.8066242172408898
3678.29	0.90432261724089
3679.95	0.9993952172408902
3681.62	0.8733869172408901
3683.29	0.7066988172408901
3684.96	0.4159417172408901
3686.63	0.3167653172408902
3688.29	0.31260711724089
3689.96	0.47251631724089005
3691.63	0.7555432172408902
3693.3	0.9983449172408904
3694.97	1.31677801724089
3696.64	1.3897218952408903
3698.3	2.28235721724089
3699.97	14.05749321724089
3701.64	23.119677217240888
3703.31	31.835207217240896
3704.98	34.197857217240895
3706.64	28.77399721724089
3708.31	18.467931217240885
3709.98	8.618710217240892
3711.65	-1.9146317827591097
3713.32	-0.6860638827591098
3714.98	-0.82145108275911
3716.65	-0.41120008275910996
3718.32	-0.6270269827591103
3719.99	-0.3126207527591101
3721.66	-0.57890958275911
3723.33	-0.30806298275911004
3724.99	-0.5279897827591098
3726.66	-0.26666325695911
3728.33	-0.4776964827591098
3730.0	-0.2479510827591099
3731.67	-0.40032528275910984
3733.33	-0.22217028275910997
3735.0	-0.44379818275911004
3736.67	-0.26484638275910993
3738.34	-0.5058819827591098
3740.01	-0.2881075727591099
3741.68	-0.42274888275911
3743.34	-0.20537068275910988
3745.01	-0.3286187127591099
3746.68	-0.18299188275911
3748.35	-0.5083071827591099
3750.02	-0.43419818275910993
3751.68	-0.68021035275911
3753.35	-0.52451686275911
3755.02	-0.6321296827591099
3756.69	-0.33745378275911
3758.36	-0.4447314827591099
3760.03	-0.14117452275910994
3761.69	-0.2629707627591099
3763.36	-0.04640716275910995
3765.03	-0.2173289827591099
3766.7	-0.040532282759109986
3768.37	-0.25544188275910995
3770.03	-0.050549082759109965
3771.7	-0.27465628275911
3773.37	-0.08158198275910995
3775.04	-0.3408284827591099
3776.71	-0.22106688275910996
3778.37	-0.48311458275911
3780.04	-0.30261688275911
3781.71	-0.54174616275911
3783.38	-0.34932858275911
3785.05	-0.6387594827591099
3786.72	-0.40940858275910985
3788.38	-0.6765076827591099
3790.05	-0.4789439827591099
3791.72	-0.80123618275911
3793.39	-0.5259526927591098
3795.06	1.1008322072408898
3796.72	3.3420076172408906
3798.39	5.09820957724089
3800.06	6.492243917240889
3801.73	5.85148521724089
3803.4	4.61878321724089
3805.07	2.60483041724089
3806.73	0.9877056172408902
3808.4	0.52747171724089
3810.07	1.02257501724089
3811.74	0.8401007172408901
3813.41	0.9811515972408902
3815.07	0.51386041724089
3816.74	0.43664951724089
3818.41	-0.15370918275910997
3820.08	-0.01756338275910998
3821.75	-0.5152684827591099
3823.42	-0.11500223275911003
3825.08	-0.3705595827591099
3826.75	-0.12530118275910998
3828.42	-0.46031408275910995
3830.09	-0.06606638275910996
3831.76	-0.28767168275910987
3833.42	0.26512991724089
3835.09	0.09719491724089013
3836.76	0.6109961172408899
3838.43	0.22452201724088994
3840.1	0.4587475172408901
3841.76	-0.25570448275910995
3843.43	-0.09356658275910992
3845.1	-0.7082713827591098
3846.77	-0.22687188275911013
3848.44	-0.64909288275911
3850.11	-0.027256982759110128
3851.77	-0.4982407827591098
3853.44	0.05252771724088996
3855.11	-0.5888837627591099
3856.78	-0.04323168275910989
3858.45	-0.8191467827591101
3860.11	-0.14793778275910993
3861.78	-0.9357787827591098
3863.45	-0.1724048827591099
3865.12	-1.0055727827591099
3866.79	-0.08218298275911003
3868.46	-0.9822148827591098
3870.12	0.07364641724089008
3871.79	-1.04441178275911
3873.46	0.1585497172408898
3875.13	-1.18297008275911
3876.8	0.2934415172408899
3878.46	-1.5438907827591106
3880.13	0.2574572172408903
3881.8	-2.41080778275911
3883.47	0.5731833672408901
3885.14	-4.34323508275911
3886.81	11.25882321724089
3888.47	88.4882572172409
3890.14	151.30457721724088
3891.81	210.64964721724087
3893.48	229.1033472172409
3895.15	194.82814721724088
3896.81	134.14997721724086
3898.48	67.20530121724089
3900.15	4.395095217240891
3901.82	9.51208021724089
3903.49	3.06398221724089
3905.15	3.03816369724089
3906.82	0.36665483724088965
3908.49	1.91250801724089
3910.16	0.11816181724088963
3911.83	1.43003251724089
3913.5	0.15053441724088984
3915.16	1.2952066172408903
3916.83	0.26006631724088997
3918.5	1.2012593172408903
3920.17	0.27082197724089013
3921.84	0.96004996724089
3923.5	0.14340636724089
3925.17	0.82613401724089
3926.84	0.11266631724089012
3928.51	0.71688121724089
3930.18	0.14461358724089002
3931.85	0.75177661724089
3933.51	0.32471984724089
3935.18	0.9850204172408901
3936.85	0.6155683172408899
3938.52	1.12521001724089
3940.19	0.53930981724089
3941.85	0.8142999672408902
3943.52	0.24453612724089008
3945.19	0.6503153172408901
3946.86	0.25241371724089
3948.53	0.72307531724089
3950.19	0.39712461724089004
3951.86	0.7019238172408901
3953.53	0.19266268624089009
3955.2	0.4000898272408901
3956.87	-0.018716632759109952
3958.54	0.32267211724089007
3960.2	-0.003906882759109909
3961.87	0.36440293724089
3963.54	0.09201714124089
3965.21	0.41069491724088997
3966.88	0.15569931724089012
3968.54	0.47178471724089005
3970.21	0.1505993172408901
3971.88	0.48274921724089
3973.55	0.28324051724089
3975.22	0.6334136172408901
3976.89	0.5005144172408901
3978.55	0.7169871172408899
3980.22	0.43292983724089007
3981.89	0.53660461724089
3983.56	0.16315791724089007
3985.23	0.32575851724089006
3986.89	0.20253541724089005
3988.56	0.41743391724089
3990.23	0.23344521724089
3991.9	0.32739741724089005
3993.57	0.12852324724089015
3995.24	0.32212931724089006
3996.9	0.23085439724089002
3998.57	0.44937405724089013
4000.24	0.33652821724089
4001.91	0.4714206372408899
4003.58	0.23977281724088995
4005.24	0.34964801724088995
4006.91	0.13478211724089
4008.58	0.3078172472408901
4010.25	0.24673741724089004
4011.92	0.41719891724089003
4013.58	0.32853701724089
4015.25	0.46542649724089
4016.92	0.33439421724089
4018.59	0.5297917172408901
4020.26	0.38446325724089003
4021.93	0.53205611724089
4023.59	0.4076855272408901
4025.26	0.3956726172408901
4026.93	0.16452635954089004
4028.6	0.20446261724089004
4030.27	0.019961117240890048
4031.93	0.15493059724089003
4033.6	-0.021683962759109977
4035.27	0.07890381724089005
4036.94	0.0017145172408900677
4038.61	0.04543788724089004
4040.28	-0.14251507275910996
4041.94	-0.07816612275910995
4043.61	-0.27303378275910994
4045.28	-0.17574238275910994
4046.95	-0.25582098275910997
4048.62	-0.06884415275910996
4050.28	-0.09771388275910997
4051.95	0.016418517240890072
4053.62	-0.07962508275910993
4055.29	0.04677055124089004
4056.96	-0.047909282759109974
4058.63	0.06285141724089002
4060.29	-0.0334477227591099
4061.96	0.10566952424089004
4063.63	0.07146786724089009
4065.3	0.2289061172408901
4066.97	0.27075911724089
4068.63	0.33708430724089
4070.3	0.04215654724089011
4071.97	-0.12935368675910996
4073.64	-0.39482318275911
4075.31	-0.37769338275911
4076.97	-0.32678068275910993
4078.64	-0.08618308275910995
4080.31	0.09845901724089008
4081.98	0.4023463172408901
4083.65	0.43032380724089
4085.32	0.53306881724089
4086.98	0.4865562642408901
4088.65	0.43294978424089
4090.32	0.2579450172408901
4091.99	0.13601841724089003
4093.66	-0.10919408275910994
4095.32	-0.18182688275910996
4096.99	-0.2722264627591099
4098.66	-0.22062825275910997
4100.33	-0.1301844127591099
4102.0	0.12945831724089005
4103.67	0.32060387724089007
4105.33	0.43210756724089006
4107.0	0.31711873724089007
4108.67	0.16673351724089006
4110.34	0.0063067872408900496
4112.01	0.03312981724089008
4113.67	0.03102481724088999
4115.34	0.18164534724089004
4117.01	0.1542011172408901
4118.68	0.020304517240890087
4120.35	-0.21482290275910992
4122.02	-0.32762280275911
4123.68	-0.39660808275910997
4125.35	-0.23206898275911003
4127.02	-0.057929452759109934
4128.69	0.17156556724089
4130.36	0.27437281724089
4132.02	0.32254167724089006
4133.69	0.32520921724089
4135.36	0.35648563724089
4137.03	0.45553741724089003
4138.7	0.62263531724089
4140.36	0.7690736172408899
4142.03	0.8349753172408901
4143.7	0.7533148172408902
4145.37	0.58586001724089
4147.04	0.4577213172408901
4148.71	0.2931049172408901
4150.37	0.2331225172408901
4152.04	0.32721591724089
4153.71	0.35798731724089
4155.38	0.41991041724088995
4157.05	0.4539233172408901
4158.71	0.42223093724089
4160.38	0.36759731724088995
4162.05	0.2146306172408901
4163.72	0.06178131724089009
4165.39	-0.014483082759109967
4167.06	-0.05209718275910995
4168.72	-0.02300831575910991
