0.0	0.9628021033333326
1.66816	1.1341401033333327
3.33631	0.9202771033333331
5.00447	1.0863471033333327
6.67263	0.8689851033333328
8.34078	1.0714541033333327
10.0089	0.874945103333333
11.6771	1.0446041033333329
13.3453	0.8262131033333329
15.0134	0.9964071033333328
16.6816	0.8083751033333328
18.3497	0.9980331033333331
20.0179	0.8356491033333331
21.686	1.059798103333333
23.3542	0.900883103333333
25.0223	1.129174103333333
26.6905	0.9729311033333328
28.3587	1.2755391033333328
30.0268	1.319397103333333
31.695	1.6256841033333331
33.3631	1.4659321033333328
35.0313	1.531707303333333
36.6994	1.0715301033333329
38.3676	0.9967001033333329
40.0358	0.6085721033333328
41.7039	0.7350861033333329
43.3721	0.6945271033333327
45.0402	0.959786103333333
46.7084	0.7630031033333329
48.3765	0.958998103333333
50.0447	0.775615103333333
51.7129	1.002056103333333
53.381	0.8596151033333328
55.0492	1.0906151033333331
56.7173	0.9512981033333328
58.3855	1.140958103333333
60.0536	0.9055461033333326
61.7218	1.0604871033333327
63.39	0.8582881033333329
65.0581	1.1590911033333329
66.7263	1.315346103333333
68.3944	1.917833103333333
70.0626	2.133498303333333
71.7307	2.494217523333333
73.3989	2.194297303333333
75.067	2.045118303333333
76.7352	1.4127301033333328
78.4034	1.2161211033333328
80.0715	0.9208571033333326
81.7397	1.091669103333333
83.4078	0.947298103333333
85.076	1.1449831033333326
86.7441	0.9585051033333329
88.4123	1.1151691033333329
90.0805	0.8651411033333328
91.7486	1.0086221033333327
93.4168	0.8759621033333328
95.0849	1.1624871033333328
96.7531	1.0598861033333327
98.4212	1.2655181033333327
100.089	1.0564811033333328
101.758	1.188323103333333
103.426	0.9269071033333329
105.094	1.0763451033333329
106.762	0.8975711033333329
108.43	1.1115721033333328
110.098	0.8866351033333331
111.766	1.017274103333333
113.435	0.8078411033333328
115.103	1.004649103333333
116.771	0.8457011033333328
118.439	1.0665471033333327
120.107	0.916825103333333
121.775	1.1061351033333326
123.444	0.9175621033333329
125.112	1.1511661033333327
126.78	0.9977421033333329
128.448	1.224656103333333
130.116	1.027530103333333
131.784	1.155023103333333
133.453	0.9154741033333329
135.121	1.0756561033333327
136.789	0.8909651033333328
138.457	1.1202381033333328
140.125	0.9435711033333327
141.793	1.113710103333333
143.461	0.8569351033333328
145.13	1.0207021033333326
146.798	0.788234103333333
148.466	1.004121103333333
150.134	0.851235103333333
151.802	1.0371091033333328
153.47	0.901152103333333
155.139	1.120557103333333
156.807	0.9195801033333328
158.475	1.1489721033333327
160.143	0.915371103333333
161.811	1.104491103333333
163.479	0.8982711033333327
165.148	1.057725103333333
166.816	0.9111491033333328
168.484	1.1378421033333328
170.152	0.9479521033333329
171.82	1.1670391033333327
173.488	0.9366191033333328
175.156	1.1223921033333328
176.825	0.9013331033333329
178.493	1.1035231033333326
180.161	0.9000701033333328
181.829	1.173693503333333
183.497	0.912547503333333
185.165	1.502527803333333
186.834	1.936845903333333
188.502	2.652200103333333
190.17	2.8614641033333332
191.838	3.0900588033333323
193.506	2.535620003333333
195.174	2.358876803333333
196.842	1.6774529033333327
198.511	1.8885662533333332
200.179	2.221835043333333
201.847	3.1413685033333327
203.515	4.474267603333333
205.183	6.290606203333333
206.851	7.604805603333332
208.52	8.239279103333335
210.188	7.447797703333333
211.856	6.106728503333334
213.524	4.072834203333333
215.192	2.555007203333333
216.86	1.5926104033333328
218.529	1.3804979033333329
220.197	1.2633750033333329
221.865	1.3252129333333331
223.533	1.0927120033333328
225.201	1.2136287033333328
226.869	1.006694103333333
228.537	1.1266731033333333
230.206	1.020347103333333
231.874	1.191044103333333
233.542	1.0833251033333327
235.21	1.3462117033333327
236.878	1.3726008033333326
238.546	1.6957351033333332
240.215	1.693498103333333
241.883	1.9769320033333329
243.551	1.698311421333333
245.219	2.064177003333333
246.887	2.3901086033333323
248.555	3.292537573333333
250.223	4.961540103333332
251.892	9.075623403333333
253.56	15.727353103333332
255.228	22.532820103333332
256.896	26.001290103333332
258.564	25.89354010333333
260.232	21.061423103333333
261.901	14.169237103333334
263.569	7.146744103333333
265.237	2.6961551033333326
266.905	1.4725529333333331
268.573	1.8681448333333328
270.241	1.665689103333333
271.91	1.9067091033333328
273.578	1.8560021033333327
275.246	2.218177103333333
276.914	2.121683103333333
278.582	2.3236222033333327
280.25	2.0529169033333323
281.918	2.046087103333333
283.587	1.7510540033333328
285.255	1.6594611033333329
286.923	1.4150317033333328
288.591	1.613380963333333
290.259	1.542608403333333
291.927	1.955170303333333
293.596	2.215279533333333
295.264	2.5446250033333326
296.932	2.614269203333333
298.6	2.716059383333333
300.268	2.6638416033333328
301.936	4.232712103333332
303.605	6.648652203333333
305.273	11.279984303333332
306.941	19.116103103333334
308.609	25.00932110333333
310.277	27.722427203333332
311.945	26.44502200333333
313.613	20.292743103333333
315.282	13.319389103333332
316.95	7.048896103333332
318.618	2.9373551033333327
320.286	3.4436911033333324
321.954	4.031027103333332
323.622	3.742027903333333
325.291	3.227977103333333
326.959	1.9189640533333328
328.627	1.119280403333333
330.295	0.402170703333333
331.963	0.6618334533333329
333.631	1.7120029233333327
335.299	2.5692325033333328
336.968	3.0570461033333327
338.636	3.886416503333333
340.304	4.464941003333333
341.972	5.921711103333333
343.64	6.221354603333333
345.308	6.155344203333333
346.977	5.140676803333333
348.645	3.4627711033333326
350.313	1.2478706033333329
351.981	-0.058696096666667155
353.649	-0.861345386666667
355.317	-0.31123139666666716
356.986	0.014195693333332838
358.654	0.6453796933333329
360.322	0.8777163633333327
361.99	1.1698612133333328
363.658	0.9749663033333329
365.326	0.9457445033333329
366.994	0.7421137033333328
368.663	0.8249715033333327
370.331	0.6243974033333328
371.999	0.8110367033333328
373.667	0.7403464033333329
375.335	1.038674003333333
377.003	0.9199768033333328
378.672	1.1260848433333328
380.34	0.912515003333333
382.008	1.0293832033333328
383.676	0.9878915033333329
385.344	1.940337103333333
387.012	4.080787803333332
388.681	7.919457843333333
390.349	10.931711403333335
392.017	13.220786103333333
393.685	13.102638103333334
395.353	11.547557103333332
397.021	8.580015103333334
398.689	5.920313103333333
400.358	3.6951000333333335
402.026	2.9993620033333324
403.694	1.893298703333333
405.362	1.310829003333333
407.03	0.6089371033333328
408.698	0.6604081033333328
410.367	0.49796510333333277
412.035	0.759438103333333
413.703	0.6277491033333329
415.371	0.8144831033333327
417.039	0.5950391033333329
418.707	0.7329141033333328
420.375	0.5131951033333328
422.044	0.6640841033333329
423.712	0.523007103333333
425.38	0.7593411033333329
427.048	0.6389171033333328
428.716	0.8819071033333328
430.384	0.717668103333333
432.053	0.9148101033333329
433.721	0.7787031033333328
435.389	0.932413103333333
437.057	0.7256321033333328
438.725	0.8606761033333328
440.393	0.6465841033333329
442.062	0.8642441033333327
443.73	0.791607103333333
445.398	0.959414103333333
447.066	0.7308401033333328
448.734	0.7195071033333328
450.402	0.2991461033333328
452.07	0.32067910333333294
453.739	0.10395610333333286
455.407	0.3659351033333329
457.075	0.32718610333333287
458.743	0.6066091033333331
460.411	0.5351611033333329
462.079	0.8495291033333329
463.748	0.7871841033333329
465.416	1.145595103333333
467.084	1.0261411033333327
468.752	1.314404703333333
470.42	1.0426241033333328
472.088	1.2419908033333331
473.756	0.8500802333333329
475.425	2.436320603333333
477.093	4.837912755233333
478.761	7.139783103333332
480.429	8.431201403333334
482.097	8.243994103333334
483.765	6.114646103333333
485.434	3.987810103333333
487.102	1.3460412333333327
488.77	0.3917597633333328
490.438	0.6408265033333327
492.106	0.7210210033333329
493.774	0.5953617033333328
495.443	0.677017873333333
497.111	0.601341803333333
498.779	0.7968420033333329
500.447	0.7127401033333329
502.115	0.7381511033333329
503.783	0.5086991033333329
505.451	0.5581857033333328
507.12	0.4637669033333328
508.788	0.7153677033333329
510.456	0.9103308033333329
512.124	1.4804366033333327
513.792	1.865842303333333
515.46	2.493336003333333
517.129	3.0472960033333325
518.797	3.749631803333333
520.465	3.9432684033333323
522.133	4.091515103333333
523.801	3.5382785033333333
525.469	3.109830803333333
527.138	2.2925322733333333
528.806	1.7734412033333329
530.474	1.3048070033333328
532.142	1.408239103333333
533.81	1.1379929033333327
535.478	1.3143476633333329
537.146	1.046190303333333
538.815	1.1398074033333327
540.483	0.8834629033333329
542.151	1.049654353333333
543.819	0.9378303033333332
545.487	1.6252861333333328
547.155	3.114940003333332
548.824	5.025768303333333
550.492	6.1660991933333325
552.16	6.710876103333334
553.828	5.570731203333333
555.496	4.025748903333333
557.164	1.950566803333333
558.832	0.557981103333333
560.501	0.12554710333333285
562.169	0.45689210333333286
563.837	0.35512110333333285
565.505	0.5585131033333328
567.173	0.28085210333333294
568.841	0.38498710333333286
570.51	0.12672010333333286
572.178	0.37369810333333287
573.846	0.3036091033333329
575.514	0.6510611033333328
577.182	0.562927103333333
578.85	0.7459051033333328
580.519	0.5036911033333329
582.187	0.6739241033333331
583.855	0.4668231033333329
585.523	0.6872801033333327
587.191	0.513940103333333
588.859	0.7068931033333328
590.527	0.49945010333333284
592.196	0.665843103333333
593.864	0.4436451033333329
595.532	0.6623691033333329
597.2	0.4620341033333329
598.868	0.6661851033333328
600.536	0.4941821033333329
602.205	0.7013081033333328
603.873	0.5045531033333329
605.541	0.6848161033333329
607.209	0.459526103333333
608.877	0.6591511033333329
610.545	0.42383310333333285
612.213	0.6424441033333329
613.882	0.45811210333333274
615.55	0.6777551033333329
617.218	0.5017061033333328
618.886	0.7280251033333329
620.554	0.5199841033333329
622.222	0.751146103333333
623.891	0.5401201033333329
625.559	0.7649491033333328
627.227	0.6114451033333328
628.895	0.8239241033333329
630.563	0.6251091033333328
632.231	1.8746729033333327
633.9	2.311750443333333
635.568	3.1575477033333335
637.236	2.9443527033333323
638.904	2.522105303333333
640.572	1.2623731033333332
642.24	0.6032882033333329
643.908	-0.596293896666667
645.577	-0.12502589666666708
647.245	-0.2802408966666671
648.913	0.14631710333333287
650.581	-0.037143896666667155
652.249	0.3195371033333328
653.917	0.07243210333333287
655.586	0.48358410333333274
657.254	0.306237103333333
658.922	0.7098481033333328
660.59	0.34256710333333285
662.258	0.8029876033333331
663.926	0.6129841033333329
665.595	1.224312403333333
667.263	0.9795422033333328
668.931	1.6430021033333329
670.599	0.5345825033333329
672.267	3.558890103333333
673.935	14.979674103333332
675.603	26.036269103333332
677.272	35.95620010333333
678.94	39.43323010333334
680.608	34.07818910333334
682.276	24.411487103333336
683.944	12.673742603333332
685.612	2.977804103333333
687.281	2.600559203333333
688.949	1.9537150033333326
690.617	1.7777153033333328
692.285	1.4287296033333328
693.953	1.349540403333333
695.621	1.2667751033333328
697.289	1.2262193033333328
698.958	1.2310176033333327
700.626	1.191820003333333
702.294	1.2354066033333329
703.962	1.1451508033333329
705.63	1.169383003333333
707.298	1.079482803333333
708.967	1.0916696033333328
710.635	0.9625519033333327
712.303	0.9761729033333328
713.971	0.802876903333333
715.639	0.8224281033333328
717.307	0.6826321033333328
718.976	0.7539091033333329
720.644	0.6922341033333328
722.312	0.8071961033333329
723.98	0.7467541033333329
725.648	0.8679801033333329
727.316	0.7857911033333329
728.984	0.8906131033333329
730.653	0.7622171033333329
732.321	0.8588231033333328
733.989	0.7119401033333329
735.657	0.8228681033333327
737.325	0.7066651033333329
738.993	0.8239001033333327
740.662	0.704845103333333
742.33	0.8113191033333329
743.998	0.6599551033333328
745.666	0.7586361033333329
747.334	0.6162311033333328
749.002	0.7517571033333329
750.67	0.6370191033333328
752.339	0.7917561033333329
754.007	0.6798391033333329
755.675	0.8313371033333328
757.343	0.7196301033333329
759.011	0.8554771033333328
760.679	0.7184701033333328
762.348	0.8452461033333328
764.016	0.6793301033333329
765.684	0.7944791033333329
767.352	0.627540103333333
769.02	0.7493231033333327
770.688	0.6153151033333328
772.357	0.759388103333333
774.025	0.611906103333333
775.693	0.7544011033333329
777.361	0.606626103333333
779.029	0.7530371033333327
780.697	0.6125571033333328
782.365	0.7542781033333329
784.034	0.6161171033333329
785.702	0.7694101033333328
787.37	0.6214751033333329
789.038	0.7689771033333329
790.706	0.627327103333333
792.374	0.7773611033333327
794.043	0.6278911033333328
795.711	0.7717091033333329
797.379	0.6258561033333329
799.047	0.785855103333333
800.715	0.6395011033333329
802.383	0.7975461033333329
804.052	0.6617341033333328
805.72	0.828220103333333
807.388	0.6841331033333329
809.056	0.8379071033333328
810.724	0.6772221033333329
812.392	0.8214881033333328
814.06	0.6481761033333326
815.729	0.7777751033333328
817.397	0.614911103333333
819.065	0.7642001033333328
820.733	0.6104031033333327
822.401	0.7775221033333328
824.069	0.6344791033333329
825.738	0.798298103333333
827.406	0.6432441033333329
829.074	0.780365103333333
830.742	0.6074561033333328
832.41	0.7514371033333329
834.078	0.579032103333333
835.746	0.7411191033333328
837.415	0.594409103333333
839.083	0.7663121033333329
840.751	0.6181491033333328
842.419	0.779269103333333
844.087	0.6123041033333328
845.755	0.7614301033333329
847.424	0.5831921033333328
849.092	0.7398151033333328
850.76	0.5802841033333329
852.428	0.7549081033333328
854.096	0.5949081033333328
855.764	0.768169103333333
857.433	0.5958841033333327
859.101	0.742647103333333
860.769	0.5518921033333329
862.437	0.7274991033333328
864.105	0.5652231033333328
865.773	1.3473912033333328
867.441	1.8663513033333328
869.11	2.6119060133333325
870.778	2.769998603333333
872.446	2.744032903333333
874.114	2.031146103333333
875.782	1.6100910033333329
877.45	0.7825792033333329
879.119	0.825601103333333
880.787	0.7051361033333329
882.455	0.8200981033333328
884.123	0.6500801033333329
885.791	0.7993761033333329
887.459	0.6421421033333328
889.127	0.806570103333333
890.796	0.644102103333333
892.464	0.799294103333333
894.132	0.621774103333333
895.8	0.7634411033333327
897.468	0.5745561033333328
899.136	0.7264231033333328
900.805	0.5505371033333327
902.473	0.7308011033333328
904.141	0.5781151033333329
905.809	0.7766451033333327
907.477	0.6286081033333327
909.145	0.8392981033333328
910.814	0.6891831033333329
912.482	0.8977801033333328
914.15	0.7224051033333329
915.818	0.9050941033333327
917.486	0.692884103333333
919.154	0.8490511033333329
920.822	0.6139081033333328
922.491	0.7831441033333328
924.159	0.5531531033333329
925.827	0.7427881033333328
927.495	0.518114103333333
929.163	0.7345061033333329
930.831	0.5270811033333329
932.5	0.7879221033333328
934.168	0.5985031033333328
935.836	0.8971771033333328
937.504	0.6600901033333328
939.172	0.9535241033333328
940.84	0.6572421033333329
942.509	1.1005705033333328
944.177	0.7221838033333329
945.845	3.243697103333333
947.513	6.066157603333332
949.181	8.732154503333334
950.849	10.144029603333333
952.517	9.682383703333333
954.186	7.072315103333333
955.854	4.579799003333333
957.522	1.2914881033333327
959.19	0.43523411333333295
960.858	0.5918308033333328
962.526	0.515884103333333
964.195	0.5150821033333328
965.863	0.5467131033333328
967.531	0.5182071033333329
969.199	0.6089751033333329
970.867	0.5759611033333328
972.535	0.6848011033333329
974.203	0.624973103333333
975.872	0.7301461033333329
977.54	0.6294201033333329
979.208	0.7245801033333329
980.876	0.6167661033333329
982.544	0.6707721033333328
984.212	0.5190711033333327
985.881	0.5560201033333328
987.549	0.38457710333333284
989.217	0.47308510333333287
990.885	0.3555361033333328
992.553	0.5033741033333328
994.221	0.42967510333333286
995.89	0.550372103333333
997.558	0.44130910333333284
999.226	0.5603081033333328
1000.89	0.4330261033333329
1002.56	0.5669611033333329
1004.23	0.4493121033333328
1005.9	0.5933181033333328
1007.57	0.4780761033333329
1009.23	0.6242451033333328
1010.9	0.5078861033333328
1012.57	0.6539391033333327
1014.24	0.515344103333333
1015.91	0.6415111033333328
1017.58	0.49765110333333296
1019.24	0.6238441033333328
1020.91	0.48937710333333284
1022.58	0.635948103333333
1024.25	0.5042701033333328
1025.92	0.6507521033333328
1027.58	0.5101911033333328
1029.25	0.6422561033333327
1030.92	0.48001710333333286
1032.59	0.589247103333333
1034.26	0.4201961033333329
1035.93	0.520986103333333
1037.59	0.35591210333333295
1039.26	0.48752510333333293
1040.93	0.3377091033333328
1042.6	0.47786710333333293
1044.27	0.3372501033333327
1045.93	0.4973421033333329
1047.6	0.3486831033333328
1049.27	0.5032281033333329
1050.94	0.33527710333333294
1052.61	0.4765081033333328
1054.28	0.2022235033333329
1055.94	0.44492210333333304
1057.61	0.585665303333333
1059.28	1.1025525533333327
1060.95	1.2941275033333326
1062.62	1.645077903333333
1064.28	1.448747103333333
1065.95	1.4470442033333328
1067.62	0.9560131033333329
1069.29	0.8847121033333328
1070.96	0.6888061033333328
1072.62	0.8013161033333329
1074.29	0.6294211033333328
1075.96	0.7688391033333329
1077.63	0.6189481033333329
1079.3	0.762688103333333
1080.97	0.5959691033333329
1082.63	0.7226151033333329
1084.3	0.569529103333333
1085.97	0.7221841033333329
1087.64	0.5694011033333328
1089.31	0.7105311033333328
1090.97	0.5452811033333329
1092.64	0.6983221033333328
1094.31	0.5405411033333329
1095.98	0.6915061033333327
1097.65	0.5449801033333328
1099.32	0.6722401033333328
1100.98	0.4818611033333329
1102.65	0.5914841033333329
1104.32	0.4096641033333328
1105.99	0.5570031033333327
1107.66	0.4128031033333328
1109.32	0.5845461033333328
1110.99	0.49520910333333285
1112.66	0.646844103333333
1114.33	0.5689101033333328
1116.0	0.7237323033333329
1117.66	1.0325674033333327
1119.33	3.517051603333333
1121.0	5.367046403333333
1122.67	7.410038833333333
1124.34	7.828875003333332
1126.01	7.079289843333333
1127.67	4.941233203333333
1129.34	3.024730563333333
1131.01	0.8430051033333328
1132.68	0.9822131033333328
1134.35	0.6915983033333329
1136.01	0.9669438033333329
1137.68	0.7351353883333328
1139.35	1.0630621033333327
1141.02	0.8277406033333328
1142.69	1.0518302033333327
1144.36	0.829574263333333
1146.02	1.2183527033333328
1147.69	1.4094294033333328
1149.36	2.4563481033333328
1151.03	3.371765503333333
1152.7	4.441735103333333
1154.36	4.549753103333332
1156.03	4.413777810333333
1157.7	3.116252303333333
1159.37	2.186180103333333
1161.04	0.973720088333333
1162.71	0.7267380033333328
1164.37	0.47681690333333293
1166.04	0.8588103633333329
1167.71	0.637383503333333
1169.38	1.0046383033333328
1171.05	0.6920834833333329
1172.71	1.0752673033333326
1174.38	0.7481109033333329
1176.05	1.3107571033333327
1177.72	0.8296641033333328
1179.39	1.6087681033333332
1181.05	0.8722701033333331
1182.72	6.930267803333334
1184.39	15.541099103333332
1186.06	23.458273903333332
1187.73	28.625006103333334
1189.4	27.935607103333332
1191.06	21.269459803333334
1192.73	13.524881403333334
1194.4	4.207609103333334
1196.07	0.43492310333333306
1197.74	0.7936892933333329
1199.4	0.3413764733333329
1201.07	0.5083721033333329
1202.74	0.2070364033333329
1204.41	0.2979521033333327
1206.08	0.19539310333333287
1207.75	0.30089710333333286
1209.41	0.2854793033333328
1211.08	0.3650891033333329
1212.75	0.3609627033333328
1214.42	0.3932929033333329
1216.09	0.3860867033333329
1217.75	0.3941244033333328
1219.42	0.4207910033333329
1221.09	0.44393010333333294
1222.76	0.47606850333333295
1224.43	0.46951310333333274
1226.1	0.4893560033333328
1227.76	0.4497481033333329
1229.43	0.5016671033333328
1231.1	0.46986510333333287
1232.77	0.5371461033333328
1234.44	0.5081291033333329
1236.1	0.549034103333333
1237.77	0.49114510333333283
1239.44	0.5175101033333329
1241.11	0.4326621033333328
1242.78	0.48573210333333294
1244.44	0.40932910333333294
1246.11	0.47772410333333293
1247.78	0.4288171033333327
1249.45	0.4995011033333331
1251.12	0.43242510333333284
1252.79	0.5017871033333329
1254.45	0.39691610333333277
1256.12	0.44153010333333265
1257.79	0.33685510333333285
1259.46	0.382918103333333
1261.13	0.31983210333333284
1262.79	0.41063510333333275
1264.46	0.3348851033333329
1266.13	0.4297961033333328
1267.8	0.3360871033333328
1269.47	0.3850271033333328
1271.14	0.2809841033333328
1272.8	0.3521821033333329
1274.47	0.2724401033333329
1276.14	0.3934891033333328
1277.81	0.3287591033333329
1279.48	0.43165010333333276
1281.14	0.35143410333333286
1282.81	0.4325501033333328
1284.48	0.32209110333333285
1286.15	0.4098081033333328
1287.82	0.3158511033333328
1289.49	0.40679610333333294
1291.15	0.3194591033333329
1292.82	0.39802710333333285
1294.49	0.2764431033333329
1296.16	0.34833710333333284
1297.83	0.2139131033333328
1299.49	0.26650810333333286
1301.16	0.15792610333333287
1302.83	0.2257551033333328
1304.5	0.09741810333333292
1306.17	0.19260210333333286
1307.83	0.07690810333333294
1309.5	0.18270410333333276
1311.17	0.1502831033333329
1312.84	0.2889731033333329
1314.51	0.27423310333333284
1316.18	0.37893210333333277
1317.84	0.21473310333333293
1319.51	0.2227681033333328
1321.18	0.025130103333332966
1322.85	0.027278103333332915
1324.52	-0.09933689666666709
1326.18	-0.10016689666666707
1327.85	-0.27442789666666717
1329.52	-0.36567589666666717
1331.19	-0.7133908966666671
1332.86	-1.0894748966666672
1334.53	-0.6941928966666672
1336.19	0.492258503333333
1337.86	1.9029016033333328
1339.53	3.5715823933333324
1341.2	4.582729803333333
1342.87	6.0765915533333335
1344.53	7.011759503333333
1346.2	6.886035403333333
1347.87	6.369869503333333
1349.54	5.031589703333333
1351.21	3.811185103333332
1352.88	3.9860527033333333
1354.54	4.197998473333333
1356.21	5.712892103333333
1357.88	6.464251633333333
1359.55	5.911685003333333
1361.22	4.514924303333333
1362.88	2.7993587033333327
1364.55	1.4600508033333328
1366.22	1.3736661033333328
1367.89	1.004166803333333
1369.56	0.9723498033333329
1371.22	0.7146681033333329
1372.89	0.758216803333333
1374.56	0.5471671033333327
1376.23	0.6468699033333329
1377.9	0.5419341033333329
1379.57	0.7340042033333328
1381.23	0.6907571033333328
1382.9	0.8737469033333328
1384.57	0.796898103333333
1386.24	0.9266891033333329
1387.91	0.7815621033333329
1389.57	0.8583131033333329
1391.24	0.7031991033333328
1392.91	0.7903411033333329
1394.58	0.6525121033333329
1396.25	0.7448461033333329
1397.92	0.6329501033333328
1399.58	0.726445103333333
1401.25	0.6026391033333327
1402.92	0.6987781033333329
1404.59	0.6215891033333328
1406.26	0.808943103333333
1407.92	0.7373861033333328
1409.59	0.863870103333333
1411.26	0.7437411033333329
1412.93	0.8051621033333329
1414.6	0.6650241033333328
1416.27	0.7124811033333327
1417.93	0.5763431033333329
1419.6	0.6949181033333328
1421.27	0.567070103333333
1422.94	0.6732141033333328
1424.61	0.5823031033333328
1426.27	0.7071361033333329
1427.94	0.6318091033333328
1429.61	0.7418161033333328
1431.28	0.6631611033333329
1432.95	0.7736631033333328
1434.61	0.6622571033333329
1436.28	0.747045103333333
1437.95	0.6306561033333329
1439.62	0.7020761033333329
1441.29	0.5924091033333329
1442.96	0.7002651033333328
1444.62	0.6570971033333329
1446.29	0.8208941033333328
1447.96	0.8502071033333329
1449.63	1.053028203333333
1451.3	1.1333937033333332
1452.96	1.3636413633333329
1454.63	2.2518095433333327
1456.3	2.9036846433333325
1457.97	3.132249403333333
1459.64	2.9911195033333327
1461.31	2.0499221033333326
1462.97	1.055910103333333
1464.64	0.17959210333333284
1466.31	-0.4246528966666673
1467.98	-0.1566268966666672
1469.65	0.17290910333333293
1471.31	0.1806801033333328
1472.98	0.33500310333333283
1474.65	0.23602910333333282
1476.32	0.3003981033333329
1477.99	0.19481110333333276
1479.65	0.28313810333333295
1481.32	0.2031031033333328
1482.99	0.29244210333333287
1484.66	0.2260171033333329
1486.33	0.30767110333333275
1488.0	0.24974810333333286
1489.66	0.35099410333333286
1491.33	0.3205071033333327
1493.0	0.4319131033333329
1494.67	0.44978910333333283
1496.34	0.575695103333333
1498.0	0.5978831033333329
1499.67	0.6171551033333329
1501.34	0.530955803333333
1503.01	0.47850840333333283
1504.68	0.4491076033333329
1506.35	0.9491196646333329
1508.01	1.3234645033333328
1509.68	1.3603143033333327
1511.35	1.893534703333333
1513.02	1.6180031033333329
1514.69	3.4839498033333327
1516.35	8.115974103333333
1518.02	11.568960103333334
1519.69	14.967343203333332
1521.36	15.025561903333335
1523.03	11.972623103333333
1524.7	7.965568703333332
1526.36	3.5390983033333328
1528.03	0.4213683033333327
1529.7	0.7537851033333328
1531.37	0.21033310333333294
1533.04	0.5267401033333329
1534.7	0.24467310333333284
1536.37	0.5222021033333328
1538.04	0.3164586033333328
1539.71	0.554738503333333
1541.38	0.3709418033333328
1543.04	0.570063603333333
1544.71	0.4104081033333328
1546.38	0.5886581033333328
1548.05	0.49563810333333275
1549.72	0.700764103333333
1551.39	0.7027222033333329
1553.05	0.830671303333333
1554.72	0.8936769033333329
1556.39	0.7019819033333328
1558.06	1.390475103333333
1559.73	7.777382103333332
1561.39	13.86508310333333
1563.06	19.48384110333333
1564.73	21.450003103333334
1566.4	18.844638903333333
1568.07	13.201596103333333
1569.74	7.5278101033333344
1571.4	1.886731103333333
1573.07	2.048620803333333
1574.74	1.9725824033333332
1576.41	1.608502983333333
1578.08	0.5602838033333329
1579.74	0.17733515333333302
1581.41	-0.3941536966666671
1583.08	0.01713730333333281
1584.75	0.012350103333332951
1586.42	0.3824182033333329
1588.09	0.23230513333333286
1589.75	0.30336240333333303
1591.42	0.023499103333332893
1593.09	0.17028280333333273
1594.76	-0.016863096666667188
1596.43	0.1549424033333328
1598.09	0.04589600333333297
1599.76	0.27120880333333297
1601.43	0.1890561033333329
1603.1	0.4091501033333329
1604.77	0.25717010333333284
1606.43	0.35067110333333285
1608.1	0.22558210333333287
1609.77	0.355780103333333
1611.44	0.29561710333333285
1613.11	0.3545642033333329
1614.78	0.0921249033333329
1616.44	0.14520790333333294
1618.11	-0.08119759666666723
1619.78	0.03117466333333292
1621.45	-0.017150696666667152
1623.12	0.2015865033333329
1624.78	0.12634470333333292
1626.45	0.20677850333333292
1628.12	0.015968803333332816
1629.79	0.18135490333333276
1631.46	0.06551710333333287
1633.13	0.24497810333333292
1634.79	0.10438520333333287
1636.46	0.20750850333333287
1638.13	0.020000103333332797
1639.8	-0.004238236666667117
1641.47	-0.16110689666666717
1643.13	-0.12679499666666713
1644.8	-0.10106199666666713
1646.47	0.22631110333333276
1648.14	0.9905913033333329
1649.81	4.714589403333333
1651.48	7.773415103333332
1653.14	10.917142103333333
1654.81	11.678545103333333
1656.48	10.352745103333334
1658.15	7.209513303333333
1659.82	3.9470943033333326
1661.48	0.5266097233333328
1663.15	0.1415741033333328
1664.82	0.5174231033333327
1666.49	2.2560371033333326
1668.16	3.4207308033333335
1669.82	4.822484103333333
1671.49	4.775845103333333
1673.16	4.118226803333333
1674.83	2.653776003333333
1676.5	1.2229270033333328
1678.17	0.3018871033333329
1679.83	0.4256361033333329
1681.5	0.07781310333333291
1683.17	0.27822110333333294
1684.84	0.10680810333333293
1686.51	0.5688251033333328
1688.17	1.1324986033333326
1689.84	2.413359383333333
1691.51	3.107550303333333
1693.18	3.923113603333333
1694.85	3.5886118033333325
1696.52	3.1562945033333327
1698.18	2.032543903333333
1699.85	1.335112103333333
1701.52	0.5795434033333329
1703.19	0.6618337033333329
1704.86	0.15495910333333285
1706.52	1.584326603333333
1708.19	2.881217903333333
1709.86	4.480731103333333
1711.53	5.258296103333333
1713.2	5.231880803333333
1714.87	3.897951103333333
1716.53	2.7351174033333328
1718.2	0.8865514033333326
1719.87	0.6203901033333329
1721.54	0.5407611033333328
1723.21	0.577139103333333
1724.87	0.4630471033333329
1726.54	0.5662101033333328
1728.21	0.42795510333333286
1729.88	0.5378801033333328
1731.55	0.3594911033333329
1733.21	0.4601381033333329
1734.88	0.29468910333333287
1736.55	0.45345310333333283
1738.22	0.31841910333333295
1739.89	0.4671131033333328
1741.56	0.30831510333333284
1743.22	0.4332581033333328
1744.89	0.2487151033333328
1746.56	0.38740810333333275
1748.23	0.23354810333333292
1749.9	0.3860431033333328
1751.56	0.20563810333333285
1753.23	0.306967103333333
1754.9	0.10181210333333283
1756.57	0.2712391033333329
1758.24	0.11558310333333281
1759.91	0.3040871033333329
1761.57	0.20474410333333287
1763.24	0.3713201033333328
1764.91	0.22350910333333288
1766.58	0.3724141033333329
1768.25	0.18181410333333284
1769.91	0.34073410333333276
1771.58	0.18812010333333284
1773.25	0.36348910333333284
1774.92	0.26643810333333284
1776.59	0.46804510333333293
1778.25	0.36283810333333294
1779.92	0.5414411033333328
1781.59	0.3794521033333328
1783.26	0.4875111033333329
1784.93	0.2851531033333328
1786.6	0.38111610333333285
1788.26	0.18033410333333286
1789.93	0.30090910333333293
1791.6	0.16007110333333294
1793.27	0.3249021033333329
1794.94	0.18214010333333283
1796.6	0.31830910333333284
1798.27	0.16058410333333284
1799.94	0.280647103333333
1801.61	0.13250310333333276
1803.28	0.24989410333333292
1804.95	0.07678810333333293
1806.61	0.16877310333333287
1808.28	-0.030718896666667207
1809.95	0.041083103333333114
1811.62	-0.20089829666666717
1813.29	0.0024171033333329817
1814.95	1.0672570033333328
1816.62	2.566732543333333
1818.29	3.7667602833333333
1819.96	4.665433403333332
1821.63	4.306073403333333
1823.3	3.5099554033333327
1824.96	2.138381103333333
1826.63	0.9822725033333327
1828.3	0.5763261033333328
1829.97	0.6589181033333328
1831.64	0.4484751033333329
1833.3	0.5637221033333331
1834.97	0.399867103333333
1836.64	0.585161103333333
1838.31	0.45623110333333283
1839.98	0.6076511033333327
1841.64	0.43849410333333283
1843.31	0.5446181033333329
1844.98	0.3317171033333328
1846.65	0.4410801033333328
1848.32	0.27526410333333284
1849.99	0.4550281033333328
1851.65	0.3276131033333329
1853.32	0.511519103333333
1854.99	0.35948210333333286
1856.66	0.4798011033333328
1858.33	0.281666103333333
1859.99	0.3844551033333327
1861.66	0.20533510333333282
1863.33	0.36631310333333283
1865.0	0.2271421033333329
1866.67	0.3955501033333329
1868.34	0.23989310333333275
1870.0	0.36867910333333287
1871.67	0.20960110333333293
1873.34	0.3507181033333328
1875.01	0.21124610333333288
1876.68	0.35848610333333286
1878.34	0.18865310333333282
1880.01	0.3148031033333327
1881.68	0.14943110333333287
1883.35	0.29421810333333287
1885.02	0.17723710333333295
1886.69	0.33102810333333277
1888.35	0.16079910333333283
1890.02	0.28491210333333294
1891.69	0.09926110333333286
1893.36	0.23038610333333298
1895.03	0.10487210333333277
1896.69	0.2742511033333328
1898.36	0.1540061033333328
1900.03	0.3163771033333328
1901.7	0.1518161033333329
1903.37	0.3196631033333329
1905.03	0.19138410333333283
1906.7	0.3491931033333328
1908.37	0.22134710333333282
1910.04	0.3712081033333329
1911.71	0.2072121033333329
1913.38	0.3393661033333329
1915.04	0.1467021033333329
1916.71	0.27112010333333275
1918.38	0.11636010333333284
1920.05	0.2514511033333328
1921.72	0.11742210333333278
1923.38	0.24280910333333283
1925.05	0.08307410333333287
1926.72	0.21151110333333287
1928.39	0.041491103333332814
1930.06	0.18185310333333288
1931.73	0.03849410333333299
1933.39	0.17258310333333293
1935.06	0.02983310333333291
1936.73	0.16287610333333294
1938.4	0.036891103333332745
1940.07	0.21074710333333294
1941.73	0.08433210333333294
1943.4	0.2510561033333328
1945.07	0.11584610333333276
1946.74	0.2750111033333329
1948.41	0.13484910333333286
1950.08	0.28239210333333287
1951.74	0.12359410333333284
1953.41	0.2567771033333329
1955.08	0.10158310333333276
1956.75	0.2401451033333329
1958.42	0.08002510333333293
1960.08	0.22941110333333276
1961.75	0.0659741033333329
1963.42	0.21162910333333285
1965.09	0.08651910333333288
1966.76	0.2605281033333328
1968.42	0.13919310333333282
1970.09	0.2898051033333328
1971.76	0.12784610333333277
1973.43	0.23706710333333283
1975.1	0.04146410333333295
1976.77	0.13422010333333279
1978.43	-0.04061189666666713
1980.1	0.06821010333333284
1981.77	-0.1251598966666671
1983.44	-0.01732689666666718
1985.11	-0.14233689666666716
1986.77	0.052571103333332835
1988.44	0.022801103333332896
1990.11	0.30202610333333296
1991.78	0.25730510333333284
1993.45	0.4135941033333329
1995.12	0.2077241033333328
1996.78	0.2289181033333329
1998.45	-0.029650896666667093
2000.12	0.05067210333333279
2001.79	-0.0951918966666672
2003.46	0.10569810333333293
2005.12	0.04859710333333282
2006.79	0.24690310333333296
2008.46	0.14718210333333293
2010.13	0.31373510333333277
2011.8	0.17660010333333281
2013.47	0.31779910333333283
2015.13	0.15743110333333293
2016.8	0.25988310333333275
2018.47	0.06813810333333295
2020.14	0.16549610333333287
2021.81	0.001947103333332878
2023.47	0.16167110333333284
2025.14	0.05781410333333294
2026.81	0.23397710333333288
2028.48	0.10531810333333294
2030.15	0.25813610333333287
2031.81	0.10545910333333289
2033.48	0.23688210333333276
2035.15	0.08325010333333283
2036.82	0.2165251033333328
2038.49	0.07955410333333282
2040.16	0.21918910333333294
2041.82	0.07709810333333293
2043.49	0.24256410333333278
2045.16	0.08935810333333279
2046.83	0.24228510333333286
2048.5	0.11104310333333287
2050.16	0.24035810333333293
2051.83	0.08339210333333277
2053.5	0.18466510333333286
2055.17	-0.012825896666667136
2056.84	0.11306610333333285
2058.51	-0.052397896666667165
2060.17	0.0875031033333328
2061.84	-0.024301896666667135
2063.51	0.12186410333333271
2065.18	-0.012443896666667075
2066.85	0.15411310333333295
2068.51	0.003303103333332924
2070.18	0.1317401033333328
2071.85	-0.014397896666667086
2073.52	0.11006010333333287
2075.19	-0.02215089666666712
2076.86	0.13296110333333283
2078.52	-0.011758896666667119
2080.19	0.17105510333333282
2081.86	0.03983410333333297
2083.53	0.15971810333333286
2085.2	0.011869103333332864
2086.86	0.12944810333333295
2088.53	-0.042358896666667256
2090.2	0.08667410333333288
2091.87	-0.06576089666666718
2093.54	0.10157410333333279
2095.2	-0.005066896666667065
2096.87	0.15608710333333278
2098.54	0.03714110333333296
2100.21	0.19041510333333306
2101.88	0.02900110333333288
2103.55	0.12180910333333292
2105.21	-0.0707448966666671
2106.88	0.03965910333333285
2108.55	-0.11421789666666711
2110.22	0.03667710333333281
2111.89	-0.08273089666666719
2113.55	0.08416410333333295
2115.22	-0.033837896666667214
2116.89	0.12912110333333288
2118.56	0.02567210333333292
2120.23	0.2132761033333328
2121.9	0.11266910333333291
2123.56	0.25533210333333295
2125.23	0.0966891033333328
2126.9	0.2012791033333329
2128.57	0.02226010333333277
2130.24	0.12934910333333285
2131.9	-0.03049889666666723
2133.57	0.10045010333333289
2135.24	-0.012131896666667119
2136.91	0.1459711033333329
2138.58	0.007732103333332718
2140.24	0.16207310333333286
2141.91	-0.002088896666667095
2143.58	0.10386410333333287
2145.25	-0.08382489666666718
2146.92	0.010647103333332898
2148.59	-0.12503789666666715
2150.25	0.02827610333333297
2151.92	-0.09155789666666711
2153.59	0.10679310333333283
2155.26	-0.0010348966666671622
2156.93	0.13229910333333286
2158.59	-0.03406589666666711
2160.26	0.061117103333332826
2161.93	-0.11593789666666705
2163.6	-0.007071896666667144
2165.27	-0.16552989666666712
2166.94	-0.029762896666667028
2168.6	-0.1259238966666672
2170.27	0.05819410333333286
2171.94	-0.04716889666666706
2173.61	0.12665610333333283
2175.28	-0.009654896666667145
2176.94	0.10330710333333286
2178.61	-0.06119989666666701
2180.28	0.0462141033333328
2181.95	-0.1050168966666671
2183.62	0.032062103333332856
2185.29	-0.13136789666666715
2186.95	0.0032941033333328206
2188.62	-0.11814189666666715
2190.29	0.025291103333332864
2191.96	-0.10206089666666714
2193.63	0.04424010333333293
2195.29	-0.10519989666666714
2196.96	0.02850610333333283
2198.63	-0.08413089666666713
2200.3	0.10675610333333285
2201.97	0.03096710333333279
2203.63	0.2051091033333329
2205.3	0.08022110333333288
2206.97	0.21535410333333282
2208.64	0.03735810333333282
2210.31	0.0948611033333329
2211.98	-0.0733418966666671
2213.64	0.03195210333333298
2215.31	-0.10244889666666719
2216.98	0.049212103333332854
2218.65	-0.07336889666666706
2220.32	0.06644810333333284
2221.98	-0.06320089666666714
2223.65	0.04167310333333289
2225.32	-0.08013289666666709
2226.99	0.03537010333333286
2228.66	-0.13905389666666718
2230.33	-0.04685889666666716
2231.99	-0.22810289666666703
2233.66	-0.12215989666666713
2235.33	-0.2588818966666671
2237.0	-0.11703489666666722
2238.67	-0.21792389666666723
2240.33	-0.026294896666667178
2242.0	-0.1466148966666671
2243.67	-0.0052028966666671115
2245.34	-0.17449789666666712
2247.01	-0.086184896666667
2248.68	-0.25978789666666713
2250.34	-0.16165889666666705
2252.01	-0.3173838966666671
2253.68	-0.1593308966666671
2255.35	-0.3187298966666672
2257.02	-0.2003608966666671
2258.68	-0.3490088966666672
2260.35	-0.19605289666666711
2262.02	-0.26996889666666724
2263.69	-0.06887189666666708
2265.36	-0.14790789666666707
2267.02	0.0405061033333328
2268.69	-0.10111289666666719
2270.36	0.013856103333332736
2272.03	-0.1756178966666671
2273.7	-0.09212789666666707
2275.37	-0.2699568966666671
2277.03	-0.1324988966666671
2278.7	-0.25431289666666707
2280.37	-0.0767988966666671
2282.04	-0.18719489666666714
2283.71	-0.027251896666667053
2285.37	-0.1608268966666672
2287.04	-0.0147658966666671
2288.71	-0.15390089666666715
2290.38	0.010196103333332918
2292.05	-0.11295289666666716
2293.72	0.03939210333333278
2295.38	-0.09298289666666718
2297.05	0.02358910333333295
2298.72	-0.13808889666666718
2300.39	-0.034042896666667176
2302.06	-0.20380789666666704
2303.72	-0.09757989666666714
2305.39	-0.25055389666666705
2307.06	-0.11256089666666717
2308.73	-0.2682248966666671
2310.4	-0.17136589666666713
2312.07	-0.3573448966666671
2313.73	-0.2890348966666671
2315.4	-0.4375948966666671
2317.07	-0.2975768966666673
2318.74	-0.39432689666666704
2320.41	-0.19999989666666704
2322.07	-0.29355389666666715
2323.74	-0.1353828966666672
2325.41	-0.24989089666666717
2327.08	-0.13855089666666723
2328.75	-0.2813668966666671
2330.41	-0.1670378966666671
2332.08	-0.300066896666667
2333.75	-0.15233489666666705
2335.42	-0.2611778966666671
2337.09	-0.09645789666666711
2338.76	-0.20683189666666713
2340.42	-0.046654896666667243
2342.09	-0.15386189666666703
2343.76	-0.011725896666667124
2345.43	-0.1274528966666671
2347.1	0.018733103333332935
2348.76	-0.1225138966666671
2350.43	0.005195103333332884
2352.1	-0.15069989666666722
2353.77	-0.04363989666666712
2355.44	-0.20907289666666712
2357.11	-0.10648689666666714
2358.77	-0.22961489666666707
2360.44	-0.0753948966666671
2362.11	-0.1726978966666671
2363.78	-0.03423789666666712
2365.45	-0.19290989666666714
2367.11	-0.0978738966666671
2368.78	-0.2970498966666672
2370.45	-0.1834338966666671
2372.12	-0.31244989666666717
2373.79	-0.16927889666666718
2375.46	-0.29974889666666726
2377.12	-0.1820918966666672
2378.79	-0.34648889666666716
2380.46	-0.2161088966666672
2382.13	-0.36348989666666726
2383.8	-0.21172989666666703
2385.46	-0.3594198966666672
2387.13	-0.24759489666666717
2388.8	-0.3970248966666671
2390.47	-0.25833089666666714
2392.14	-0.34854589666666713
2393.8	-0.15223989666666723
2395.47	-0.23250389666666718
2397.14	-0.08791989666666718
2398.81	-0.26154889666666714
2400.48	-0.17917889666666711
2402.15	-0.3382438966666671
2403.81	-0.20859889666666714
2405.48	-0.31256489666666715
2407.15	-0.16898489666666724
2408.82	-0.2925328966666672
2410.49	-0.16390189666666705
2412.15	-0.3112658966666671
2413.82	-0.1871618966666672
2415.49	-0.33417589666666714
2417.16	-0.21930489666666703
2418.83	-0.35096889666666725
2420.5	-0.2270338966666671
2422.16	-0.366434896666667
2423.83	-0.22738089666666714
2425.5	-0.3381968966666672
2427.17	-0.19270689666666718
2428.84	-0.2818668966666671
2430.5	-0.08910689666666709
2432.17	-0.14653189666666716
2433.84	0.009996103333332895
2435.51	-0.1430118966666672
2437.18	-0.09088189666666717
2438.85	-0.29268489666666714
2440.51	-0.23592389666666708
2442.18	-0.39441889666666713
2443.85	-0.23607389666666712
2445.52	-0.33285889666666724
2447.19	-0.2060098966666672
2448.85	-0.34897089666666703
2450.52	-0.2416388966666672
2452.19	-0.39896589666666726
2453.86	-0.28677989666666714
2455.53	-0.4378748966666672
2457.19	-0.3255598966666672
2458.86	-0.47456689666666724
2460.53	-0.3816548966666672
2462.2	-0.49421789666666704
2463.87	-0.2854688966666671
2465.54	-0.32049789666666706
2467.2	-0.1095478966666672
2468.87	-0.20205989666666718
2470.54	-0.09655289666666707
2472.21	-0.27328389666666714
2473.88	-0.2103258966666673
2475.54	-0.37093289666666707
2477.21	-0.24538789666666708
2478.88	-0.39266689666666704
2480.55	-0.2840258966666671
2482.22	-0.44481589666666715
2483.89	-0.32318989666666714
2485.55	-0.45621989666666707
2487.22	-0.30709289666666717
2488.89	-0.42445689666666714
2490.56	-0.26416989666666707
2492.23	-0.382187896666667
2493.89	-0.2398018966666672
2495.56	-0.36002889666666704
2497.23	-0.2144528966666671
2498.9	-0.3325288966666672
2500.57	-0.1784248966666672
2502.23	-0.30171989666666715
2503.9	-0.17063789666666723
2505.57	-0.33933889666666717
2507.24	-0.2645458966666671
2508.91	-0.4860798966666673
2510.58	-0.4525648966666672
2512.24	-0.6303578966666671
2513.91	-0.4931838966666673
2515.58	-0.5484648966666672
2517.25	-0.33608189666666727
2518.92	-0.4311598966666671
2520.58	-0.27211389666666697
2522.25	-0.4479508966666671
2523.92	-0.36395489666666714
2525.59	-0.47604489666666705
2527.26	-0.28153489666666714
2528.93	-0.32782989666666706
2530.59	-0.1573788966666671
2532.26	-0.29725889666666716
2533.93	-0.19902389666666725
2535.6	-0.37118789666666707
2537.27	-0.2559968966666671
2538.93	-0.37212789666666707
2540.6	-0.2257508966666672
2542.27	-0.35509089666666727
2543.94	-0.26137289666666713
2545.61	-0.40266389666666724
2547.28	-0.28636689666666726
2548.94	-0.41855889666666724
2550.61	-0.269180896666667
2552.28	-0.40849389666666713
2553.95	-0.3262548966666673
2555.62	-0.511165896666667
2557.28	-0.40089989666666714
2558.95	-0.4986458966666671
2560.62	-0.3318608966666673
2562.29	-0.4133648966666671
2563.96	-0.240600896666667
2565.62	-0.37242089666666717
2567.29	-0.2816908966666671
2568.96	-0.43654489666666707
2570.63	-0.3226468966666672
2572.3	-0.4392238966666673
2573.97	-0.3133288966666671
2575.63	-0.44105289666666714
2577.3	-0.3176708966666672
2578.97	-0.4314508966666672
2580.64	-0.31969389666666725
2582.31	-0.4330728966666671
2583.97	-0.3141928966666672
2585.64	-0.49333989666666705
2587.31	-0.4446408966666672
2588.98	-0.6255888966666673
2590.65	-0.5330018966666672
2592.32	-0.6192258966666672
2593.98	-0.4037598966666671
2595.65	-0.42732089666666706
2597.32	-0.21263189666666707
2598.99	-0.29849289666666723
2600.66	-0.20369389666666712
2602.32	-0.38049089666666713
2603.99	-0.29513289666666714
2605.66	-0.4684708966666672
2607.33	-0.3721378966666672
2609.0	-0.5202178966666672
2610.67	-0.445569896666667
2612.33	-0.6120038966666671
2614.0	-0.5433428966666671
2615.67	-0.6986298966666671
2617.34	-0.5370288966666671
2619.01	-0.6131458966666671
2620.67	-0.46991589666666717
2622.34	-0.5888958966666671
2624.01	-0.4995578966666672
2625.68	-0.659502896666667
2627.35	-0.557171896666667
2629.01	-0.6874098966666671
2630.68	-0.545436896666667
2632.35	-0.645331896666667
2634.02	-0.5028898966666672
2635.69	-0.6079488966666672
2637.36	-0.433513896666667
2639.02	-0.5342038966666671
2640.69	-0.38835489666666717
2642.36	-0.5293758966666671
2644.03	-0.4151788966666672
2645.7	-0.5707888966666672
2647.36	-0.4580808966666671
2649.03	-0.6432438966666669
2650.7	-0.560663896666667
2652.37	-0.7403438966666672
2654.04	-0.6175628966666672
2655.71	-0.7388228966666671
2657.37	-0.5473628966666673
2659.04	-0.646044896666667
2660.71	-0.5095628966666671
2662.38	-0.6988228966666672
2664.05	-0.646100896666667
2665.71	-0.7905288966666671
2667.38	-0.6464888966666671
2669.05	-0.7272078966666673
2670.72	-0.573318896666667
2672.39	-0.6704808966666673
2674.06	-0.5456808966666671
2675.72	-0.704977896666667
2677.39	-0.636184896666667
2679.06	-0.7629638966666671
2680.73	-0.6507688966666672
2682.4	-0.720679896666667
2684.06	-0.5525788966666673
2685.73	-0.5840948966666671
2687.4	-0.3823408966666671
2689.07	-0.4574718966666671
2690.74	-0.3255788966666671
2692.4	-0.4271318966666671
2694.07	-0.33365489666666714
2695.74	-0.5082818966666671
2697.41	-0.447687896666667
2699.08	-0.6512128966666673
2700.75	-0.6168098966666671
2702.41	-0.7840208966666671
2704.08	-0.7090988966666671
2705.75	-0.8441918966666669
2707.42	-0.730382896666667
2709.09	-0.8802498966666672
2710.75	-0.7531438966666671
2712.42	-0.8854658966666671
2714.09	-0.761846896666667
2715.76	-0.7921738966666672
2717.43	-0.5662508966666671
2719.1	-0.5584448966666672
2720.76	-0.3106498966666671
2722.43	-0.36088189666666715
2724.1	-0.23875189666666713
2725.77	-0.4629938966666673
2727.44	-0.48150189666666704
2729.1	-0.673454896666667
2730.77	-0.6094518966666671
2732.44	-0.7261238966666671
2734.11	-0.5864978966666671
2735.78	-0.6879578966666673
2737.45	-0.5606788966666671
2739.11	-0.698534896666667
2740.78	-0.573862896666667
2742.45	-0.653347896666667
2744.12	-0.49159889666666706
2745.79	-0.6188208966666672
2747.45	-0.5327988966666671
2749.12	-0.6962058966666671
2750.79	-0.6236388966666672
2752.46	-0.7527138966666672
2754.13	-0.6128768966666673
2755.79	-0.7113448966666672
2757.46	-0.526615896666667
2759.13	-0.6248288966666672
2760.8	-0.507200896666667
2762.47	-0.5477248966666672
2764.14	-0.38696689666666717
2765.8	-0.4711658966666672
2767.47	-0.3593778966666672
2769.14	-0.5024058966666674
2770.81	-0.45459589666666717
2772.48	-0.641409896666667
2774.14	-0.5709988966666671
2775.81	-0.7095448966666673
2777.48	-0.5666518966666672
2779.15	-0.6630708966666671
2780.82	-0.5356408966666673
2782.49	-0.5952918966666673
2784.15	-0.467031896666667
2785.82	-0.5740588966666671
2787.49	-0.4330018966666673
2789.16	-0.5562418966666671
2790.83	-0.43312689666666715
2792.49	-0.5343988966666673
2794.16	-0.4350428966666671
2795.83	-0.5778488966666673
2797.5	-0.5663258966666671
2799.17	-0.7538658966666671
2800.84	-0.6922188966666672
2802.5	-0.8039198966666671
2804.17	-0.6807198966666671
2805.84	-0.7629948966666673
2807.51	-0.6271698966666671
2809.18	-0.7615578966666672
2810.84	-0.704155896666667
2812.51	-0.9042208966666673
2814.18	-0.8818758966666671
2815.85	-1.082123896666667
2817.52	-1.002182896666667
2819.18	-1.1019288966666672
2820.85	-0.9006718966666671
2822.52	-0.906436896666667
2824.19	-0.7061268966666671
2825.86	-0.7633838966666672
2827.53	-0.6213618966666672
2829.19	-0.7684218966666673
2830.86	-0.6822518966666671
2832.53	-0.8284818966666669
2834.2	-0.760626896666667
2835.87	-0.873154896666667
2837.53	-0.7552018966666669
2839.2	-0.8521338966666668
2840.87	-0.720330896666667
2842.54	-0.8323178966666672
2844.21	-0.7190038966666672
2845.88	-0.8421108966666673
2847.54	-0.7458418966666671
2849.21	-0.849656896666667
2850.88	-0.7496898966666672
2852.55	-0.8666798966666673
2854.22	-0.7416078966666672
2855.88	-0.8601228966666671
2857.55	-0.762677896666667
2859.22	-0.9094298966666672
2860.89	-0.8794318966666671
2862.56	-1.0450768966666673
2864.22	-0.9334678966666671
2865.89	-1.0102368966666673
2867.56	-0.840358896666667
2869.23	-0.897459896666667
2870.9	-0.7537548966666672
2872.57	-0.8488878966666669
2874.23	-0.7515208966666671
2875.9	-0.8715438966666671
2877.57	-0.7568568966666672
2879.24	-0.8595278966666673
2880.91	-0.7388298966666669
2882.57	-0.8459718966666671
2884.24	-0.740520896666667
2885.91	-0.894904896666667
2887.58	-0.8480548966666671
2889.25	-1.0025208966666672
2890.92	-0.9384768966666671
2892.58	-1.039948896666667
2894.25	-0.9049458966666671
2895.92	-1.0031908966666672
2897.59	-0.8957358966666671
2899.26	-0.9943948966666669
2900.92	-0.8078148966666671
2902.59	-0.830807896666667
2904.26	-0.6615038966666671
2905.93	-0.7595738966666671
2907.6	-0.6548798966666671
2909.27	-0.8639728966666672
2910.93	-0.8391988966666668
2912.6	-1.0361138966666672
2914.27	-0.9854568966666672
2915.94	-1.1073658966666673
2917.61	-0.9466948966666671
2919.27	-0.975927896666667
2920.94	-0.7607968966666672
2922.61	-0.8683408966666673
2924.28	-0.7890698966666673
2925.95	-0.9689918966666673
2927.61	-0.9763158966666673
2929.28	-1.086068896666667
2930.95	-0.9385108966666669
2932.62	-0.9868198966666671
2934.29	-0.8146028966666672
2935.96	-0.9879528966666673
2937.62	-0.918739896666667
2939.29	-1.0510568966666671
2940.96	-0.9976288966666671
2942.63	-1.114410896666667
2944.3	-1.021645896666667
2945.96	-1.1254068966666668
2947.63	-0.982141896666667
2949.3	-1.1154988966666668
2950.97	-1.0055068966666671
2952.64	-1.1017358966666673
2954.31	-1.021901896666667
2955.97	-1.2001338966666673
2957.64	-1.1790578966666672
2959.31	-1.3337888966666671
2960.98	-1.197936896666667
2962.65	-1.2439148966666669
2964.31	-1.012626896666667
2965.98	-0.9935068966666671
2967.65	-0.7742708966666669
2969.32	-0.9774268966666672
2970.99	-0.9251398966666672
2972.66	-1.2196598966666674
2974.32	-1.2742928966666676
2975.99	-1.442741896666667
2977.66	-1.2850568966666671
2979.33	-1.2536298966666675
2981.0	-1.0387018966666672
2982.66	-1.1383548966666672
2984.33	-1.0195528966666672
2986.0	-1.1083118966666672
2987.67	-1.004900896666667
2989.34	-1.074516896666667
2991.0	-0.9357498966666672
2992.67	-1.023703896666667
2994.34	-1.0240128966666673
2996.01	-1.2385488966666671
2997.68	-1.214342896666667
2999.35	-1.3894018966666672
3001.01	-1.3054208966666674
3002.68	-1.444039896666667
3004.35	-1.215713896666667
3006.02	-1.2355938966666673
3007.69	-0.8406168966666672
3009.35	-0.7792888966666671
3011.02	0.7780197033333328
3012.69	4.388250103333332
3014.36	8.654975103333333
3016.03	12.294951103333334
3017.7	14.014806903333334
3019.36	12.642554903333334
3021.03	9.511987703333332
3022.7	5.142646103333333
3024.37	1.5734631033333326
3026.04	0.21716810333333295
3027.7	-0.31081889666666723
3029.37	-0.5672068966666671
3031.04	-0.646533896666667
3032.71	-0.7929944966666672
3034.38	-0.7645117966666672
3036.05	-0.8298862966666671
3037.71	-0.766651896666667
3039.38	-0.7585328966666671
3041.05	-0.6720418966666671
3042.72	-0.704025896666667
3044.39	-0.6606848966666672
3046.05	-0.6823498966666673
3047.72	-0.5481688966666669
3049.39	-0.4546589966666671
3051.06	-0.22675909666666721
3052.73	-0.2839301966666672
3054.39	-0.34034049666666727
3056.06	-0.6677028966666669
3057.73	-0.9088808966666673
3059.4	-1.225592896666667
3061.07	-1.2860688966666671
3062.74	-1.4154308966666673
3064.4	-1.315011896666667
3066.07	-1.4450758966666668
3067.74	-1.394344896666667
3069.41	-1.517183896666667
3071.08	-1.4389118966666672
3072.74	-1.5000488966666672
3074.41	-1.338049896666667
3076.08	-1.2954888966666671
3077.75	-1.0399588966666673
3079.42	-0.924714296666667
3081.09	-0.7138731966666669
3082.75	-0.7726810966666672
3084.42	-0.5190342966666671
3086.09	-0.5987087966666671
3087.76	-0.3981838966666672
3089.43	-0.4429025966666672
3091.09	-0.43321429666666733
3092.76	-0.7115098966666673
3094.43	-0.8272438966666673
3096.1	-1.278555896666667
3097.77	-1.145297896666667
3099.44	-1.310096896666667
3101.1	-0.6363978966666669
3102.77	-0.3389738966666672
3104.44	-0.20712889666666717
3106.11	-0.5807231966666672
3107.78	-1.090753396666667
3109.44	-2.063622896666667
3111.11	-2.515244896666667
3112.78	-3.175089896666667
3114.45	-3.040199896666667
3116.12	-2.829380896666667
3117.78	-2.714727896666667
3119.45	-2.5675568966666673
3121.12	-2.2952778966666676
3122.79	-2.472536896666667
3124.46	-2.236785896666667
3126.13	-1.365622896666667
3127.79	0.21963110333333313
3129.46	1.779643003333333
3131.13	3.0811911033333335
3132.8	5.7406311033333335
3134.47	14.347176103333334
3136.13	33.09246010333333
3137.8	52.53151010333333
3139.47	67.87131010333334
3141.14	72.67806010333332
3142.81	63.74233710333334
3144.48	46.29484510333333
3146.14	26.951164103333333
3147.81	11.609435103333336
3149.48	6.434530103333334
3151.15	4.199529403333334
3152.82	2.4258416333333326
3154.48	1.798310303333333
3156.15	1.1313794033333326
3157.82	1.0988822033333328
3159.49	1.082341903333333
3161.16	1.4737723333333328
3162.83	1.565344803333333
3164.49	1.858226503333333
3166.16	1.6258124233333326
3167.83	1.5894010033333328
3169.5	1.1071229033333327
3171.17	0.9342731033333329
3172.83	0.26239190333333284
3174.5	0.10698470333333274
3176.17	-0.1441148966666672
3177.84	-0.16763179666666703
3179.51	-0.1449270966666671
3181.17	0.23832699733333293
3182.84	0.16835890333333295
3184.51	0.3247502033333328
3186.18	-0.019851896666667247
3187.85	0.006473103333332797
3189.52	-6.896666667177698e-06
3191.18	0.0682744033333329
3192.85	-0.08451329666666725
3194.52	-0.23878636666666703
3196.19	-0.6181869966666671
3197.86	-0.9791751966666672
3199.52	-0.6377064466666671
3201.19	-0.041745296666667195
3202.86	0.5324371033333329
3204.53	1.1064981033333328
3206.2	1.233790699333333
3207.87	1.051784703333333
3209.53	0.5331450033333327
3211.2	-0.1636695966666671
3212.87	-0.4784218966666673
3214.54	-0.6247298966666671
3216.21	-0.819954896666667
3217.87	-0.7944658966666671
3219.54	-0.8155638966666674
3221.21	-0.6666818966666671
3222.88	-0.7718288966666671
3224.55	-0.5897288966666671
3226.21	-0.6376738966666673
3227.88	-0.503985896666667
3229.55	-0.5746798966666672
3231.22	-0.4660488966666672
3232.89	-0.6418888966666672
3234.56	-0.6573308966666673
3236.22	-0.892624896666667
3237.89	-0.9536728966666672
3239.56	-1.124653896666667
3241.23	-1.0318368966666671
3242.9	-1.1166818966666672
3244.56	-1.038617896666667
3246.23	-1.193933896666667
3247.9	-1.2100918966666674
3249.57	-1.3715568966666674
3251.24	-1.2891018966666672
3252.91	-1.351873896666667
3254.57	-1.1388138966666674
3256.24	-1.1608658966666672
3257.91	-1.036820896666667
3259.58	-1.0683838966666672
3261.25	-0.9865958966666669
3262.91	-1.090213896666667
3264.58	-0.923543896666667
3266.25	-0.9696418966666673
3267.92	-0.7487458966666672
3269.59	-0.6993048966666672
3271.26	-0.4878028966666671
3272.92	-0.5855728966666673
3274.59	-0.6108968966666671
3276.26	-0.8712658966666671
3277.93	-0.9312628966666672
3279.6	-1.1187108966666672
3281.26	-1.053243896666667
3282.93	-1.1640208966666674
3284.6	-1.037482896666667
3286.27	-1.180532896666667
3287.94	-1.1187478966666675
3289.6	-1.178691896666667
3291.27	-1.0505558966666673
3292.94	-1.072752896666667
3294.61	-0.9545838966666672
3296.28	-1.0536968966666673
3297.95	-1.0267088966666669
3299.61	-1.1856468966666671
3301.28	-1.159264896666667
3302.95	-1.2238638966666673
3304.62	-1.1128268966666672
3306.29	-1.099549896666667
3307.95	-1.0124848966666673
3309.62	-1.1291158966666672
3311.29	-1.142663896666667
3312.96	-1.3427768966666673
3314.63	-1.394872896666667
3316.3	-1.508779896666667
3317.96	-1.3488198966666674
3319.63	-1.2566068966666673
3321.3	-1.0085918966666672
3322.97	-0.9279738966666672
3324.64	-0.8517818966666673
3326.3	-1.0583388966666671
3327.97	-1.2338248966666672
3329.64	-1.6729338966666671
3331.31	-1.857336896666667
3332.98	-2.141326896666667
3334.65	-2.1818398966666672
3336.31	-2.194536896666667
3337.98	-2.034723896666667
3339.65	-1.932781896666667
3341.32	-1.660947896666667
3342.99	-1.5902148966666672
3344.65	-1.3623658966666672
3346.32	-1.401949896666667
3347.99	-1.3028698966666672
3349.66	-1.3605098966666673
3351.33	-1.263096896666667
3352.99	-1.243777896666667
3354.66	-1.0956998966666671
3356.33	-1.155584896666667
3358.0	-1.0711638966666672
3359.67	-1.2873838966666669
3361.34	-1.3029098966666672
3363.0	-1.4548038966666672
3364.67	-1.4279728966666674
3366.34	-1.511585896666667
3368.01	-1.3686548966666672
3369.68	-1.4519978966666671
3371.34	-1.3415108966666673
3373.01	-1.4464278966666673
3374.68	-1.3411938966666672
3376.35	-1.4251998966666668
3378.02	-1.3787558966666673
3379.69	-1.467524896666667
3381.35	-1.3551768966666675
3383.02	-1.393155896666667
3384.69	-1.2293828966666671
3386.36	-1.304719896666667
3388.03	-1.1850168966666672
3389.69	-1.3229988966666673
3391.36	-1.3562618966666673
3393.03	-1.5239288966666673
3394.7	-1.5385158966666672
3396.37	-1.715143896666667
3398.04	-1.690889896666667
3399.7	-1.8911338966666673
3401.37	-1.873093896666667
3403.04	-1.9873318966666673
3404.71	-1.9205788966666675
3406.38	-1.9373008966666672
3408.04	-1.8155868966666673
3409.71	-1.8382888966666673
3411.38	-1.6755938966666672
3413.05	-1.7018458966666672
3414.72	-1.631492896666667
3416.38	-1.7013758966666672
3418.05	-1.6793368966666673
3419.72	-1.7518998966666672
3421.39	-1.6475468966666669
3423.06	-1.633562896666667
3424.73	-1.458767896666667
3426.39	-1.443479896666667
3428.06	-1.3642688966666674
3429.73	-1.4691988966666671
3431.4	-1.3979258966666674
3433.07	-1.4906678966666675
3434.73	-1.3961668966666672
3436.4	-1.469218896666667
3438.07	-1.399123896666667
3439.74	-1.5177108966666668
3441.41	-1.507358896666667
3443.08	-1.6446458966666668
3444.74	-1.586410896666667
3446.41	-1.5837078966666671
3448.08	-1.3482528966666671
3449.75	-1.172795896666667
3451.42	-0.8924368966666674
3453.08	-0.896827896666667
3454.75	-0.8674048966666673
3456.42	-1.0832318966666672
3458.09	-1.200871896666667
3459.76	-1.366450896666667
3461.43	-1.394322896666667
3463.09	-1.5074438966666672
3464.76	-1.5188958966666675
3466.43	-1.662955896666667
3468.1	-1.6333818966666669
3469.77	-1.8234978966666673
3471.43	-1.8029208966666672
3473.1	-1.9427228966666679
3474.77	-1.9297628966666676
3476.44	-1.986833896666667
3478.11	-1.8939528966666672
3479.77	-1.8159668966666669
3481.44	0.13465510333333283
3483.11	4.1052668033333335
3484.78	8.804472203333333
3486.45	12.262734103333333
3488.12	13.418554103333332
3489.78	11.313904103333332
3491.45	7.427745203333333
3493.12	2.697521403333333
3494.79	-0.5566563966666671
3496.46	-1.627954896666667
3498.12	-1.5886678966666672
3499.79	-1.7560378966666672
3501.46	-1.7005948966666673
3503.13	-1.7876768966666674
3504.8	-1.7360858966666668
3506.47	-1.8207408966666674
3508.13	-1.844196896666667
3509.8	-1.9751368966666671
3511.47	-1.928631896666667
3513.14	-2.0153028966666673
3514.81	-1.9105198966666677
3516.47	-1.9426048966666674
3518.14	-1.7732408966666675
3519.81	-1.665877896666667
3521.48	-1.537255896666667
3523.15	-1.5498918966666673
3524.82	-1.5064508966666674
3526.48	-1.7346968966666672
3528.15	-1.830890896666667
3529.82	-2.0415658966666674
3531.49	-2.0064328966666674
3533.16	-1.9806048966666672
3534.82	-1.896645896666667
3536.49	-1.9101038966666668
3538.16	-1.7560788966666672
3539.83	-1.7460968966666672
3541.5	-1.534485896666667
3543.16	-1.4702718966666672
3544.83	-1.3791978966666671
3546.5	-1.518982896666667
3548.17	-1.6598378966666671
3549.84	-1.9210698966666668
3551.51	-1.9588428966666673
3553.17	-2.075938896666668
3554.84	-2.034767896666667
3556.51	-2.094330896666667
3558.18	-2.027780896666667
3559.85	-2.066723896666667
3561.51	-1.9721188966666676
3563.18	-1.935377896666667
3564.85	-1.7652528966666672
3566.52	-1.7112948966666668
3568.19	-1.6484138966666673
3569.86	-1.7099198966666673
3571.52	-1.655101896666667
3573.19	-1.7012938966666673
3574.86	-1.6754198966666671
3576.53	-1.7140888966666672
3578.2	-1.6641448966666672
3579.86	-1.721789896666667
3581.53	-1.733979896666667
3583.2	-1.8432288966666668
3584.87	-1.777176896666667
3586.54	-1.8364158966666673
3588.2	-1.7798188966666673
3589.87	-1.873356896666667
3591.54	-1.9238208966666677
3593.21	-2.080127896666667
3594.88	-2.1362488966666673
3596.55	-2.2321728966666674
3598.21	-2.083968896666667
3599.88	-2.013897896666667
3601.55	-1.8197378966666669
3603.22	-1.807825896666667
3604.89	-1.800466896666667
3606.55	-1.921757896666667
3608.22	-1.980272896666667
3609.89	-2.0823608966666667
3611.56	-2.080263896666667
3613.23	-2.1102128966666673
3614.9	-2.038395896666667
3616.56	-2.073501896666667
3618.23	-2.065329896666667
3619.9	-2.1158748966666674
3621.57	-2.1521988966666674
3623.24	-2.2111788966666674
3624.9	-2.140273896666667
3626.57	-2.131495896666667
3628.24	-1.9723128966666672
3629.91	-1.9116208966666672
3631.58	-1.8660588966666674
3633.25	-1.9151078966666675
3634.91	-1.913217896666667
3636.58	-2.0549688966666673
3638.25	-2.0639208966666667
3639.92	-2.1696628966666673
3641.59	-2.132148896666667
3643.25	-2.1938308966666673
3644.92	-2.111507896666667
3646.59	-2.1197668966666674
3648.26	-1.9543588966666672
3649.93	-1.9508938966666676
3651.59	-1.8714358966666669
3653.26	-1.9447688966666672
3654.93	-1.9123178966666667
3656.6	-2.014068896666667
3658.27	-1.9672308966666674
3659.94	-1.9908098966666672
3661.6	-1.9309518966666672
3663.27	-2.006198896666667
3664.94	-1.9616668966666668
3666.61	-2.019387896666667
3668.28	-1.8770788966666672
3669.94	-1.8539678966666666
3671.61	-1.755213896666667
3673.28	-1.6897278966666671
3674.95	-1.653403896666667
3676.62	-1.6716168966666671
3678.29	-1.6349318966666673
3679.95	-1.6647738966666672
3681.62	-1.5941508966666669
3683.29	-1.5720338966666672
3684.96	-1.5643668966666673
3686.63	-1.3935248966666671
3688.29	-1.2671808966666671
3689.96	0.3026264033333329
3691.63	1.866884703333333
3693.3	3.012077203333333
3694.97	3.3718993033333335
3696.64	2.351004103333333
3698.3	0.4763541033333327
3699.97	-1.3568983966666675
3701.64	-3.0954464966666673
3703.31	-3.3307158966666677
3704.98	-3.064076896666667
3706.64	-3.047578896666667
3708.31	-2.8456868966666677
3709.98	-2.853226896666667
3711.65	-2.742398896666667
3713.32	-2.7652148966666674
3714.98	-2.7269008966666677
3716.65	-2.7840668966666673
3718.32	-2.9089868966666677
3719.99	-3.031773896666667
3721.66	-3.026298896666667
3723.33	-3.0444258966666666
3724.99	-2.937436896666667
3726.66	-2.814998896666667
3728.33	-2.7161978966666664
3730.0	-2.5983998966666673
3731.67	-2.5505568966666674
3733.33	-2.4608168966666666
3735.0	-2.3215568966666673
3736.67	-2.2449648966666667
3738.34	-2.231351896666667
3740.01	-2.348283896666667
3741.68	-2.5095568966666675
3743.34	-2.6897058966666667
3745.01	-2.783619896666667
3746.68	-2.810148896666667
3748.35	-2.7732718966666665
3750.02	-2.7080348966666667
3751.68	-2.6972708966666668
3753.35	-2.742968896666667
3755.02	-2.808474896666667
3756.69	-2.761973896666668
3758.36	-2.696381896666667
3760.03	-2.542174896666667
3761.69	-2.5121928966666673
3763.36	-2.4610058966666672
3765.03	-2.588196896666667
3766.7	-2.680159896666667
3768.37	-2.8743938966666667
3770.03	-2.8146738966666676
3771.7	-2.9216778966666666
3773.37	-2.8794708966666667
3775.04	-3.163196896666667
3776.71	-3.2406318966666676
3778.37	-3.5633578966666675
3780.04	-3.4548068966666667
3781.71	-3.774037896666667
3783.38	-3.429706596666667
3785.05	-4.021336176666668
3786.72	-3.736607896666667
3788.38	-5.7359478966666675
3790.05	1.3763661033333336
3791.72	11.513023103333333
3793.39	21.114843103333335
3795.06	28.43379010333333
3796.72	28.415937103333334
3798.39	21.597539103333332
3800.06	13.165737103333333
3801.73	1.868604803333333
3803.4	-2.750005896666667
3805.07	0.6520009533333329
3806.73	2.2473008033333324
3808.4	5.764406103333332
3810.07	7.119277103333333
3811.74	7.283126463333334
3813.41	4.842404903333333
3815.07	2.6692699033333325
3816.74	-1.221056896666667
3818.41	-1.3203178966666673
3820.08	-1.9469138966666673
3821.75	-1.6280328966666673
3823.42	-1.8574638966666672
3825.08	-1.4486058966666673
3826.75	-1.6457868966666673
3828.42	-1.4203718966666674
3830.09	-1.7556478966666673
3831.76	-1.6424498966666672
3833.42	-2.085578896666667
3835.09	-2.0407458966666674
3836.76	-2.4661518966666676
3838.43	-2.258336896666667
3840.1	-2.5283398966666666
3841.76	-2.2668248966666673
3843.43	-2.412673896666667
3845.1	-2.238390896666667
3846.77	-2.599815896666667
3848.44	-2.541564896666667
3850.11	-2.884576896666667
3851.77	-2.595304896666667
3853.44	-2.7089248966666672
3855.11	-2.2985418966666673
3856.78	-2.3836968966666667
3858.45	-2.029325896666667
3860.11	-2.2715308966666674
3861.78	-2.024999896666667
3863.45	-2.2818678966666672
3865.12	-1.9824328966666678
3866.79	-2.3270858966666674
3868.46	-2.027989896666667
3870.12	-2.5849218966666667
3871.79	-2.298520896666667
3873.46	-2.921702896666667
3875.13	-2.2957728966666675
3876.8	-3.2846898966666664
3878.46	-0.1972410966666672
3880.13	11.213816003333333
3881.8	20.104303003333335
3883.47	29.40005810333333
3885.14	33.63220610333333
3886.81	29.664552103333335
3888.47	22.25336310333333
3890.14	12.112484603333332
3891.81	2.285659103333333
3893.48	1.664668103333333
3895.15	-1.3150188966666672
3896.81	-2.2568968966666674
3898.48	-2.3181508966666673
3900.15	-2.2159498966666673
3901.82	-2.378602896666667
3903.49	-2.2929348966666665
3905.15	-2.429178896666667
3906.82	-2.292610896666667
3908.49	-2.3702248966666675
3910.16	-2.349023896666667
3911.83	-2.5053918966666666
3913.5	-2.5010008966666675
3915.16	-2.6502998966666675
3916.83	-2.6346778966666675
3918.5	-2.7221328966666674
3920.17	-2.7110298966666675
3921.84	-2.7735378966666673
3923.5	-2.7810198966666677
3925.17	-2.913753896666667
3926.84	-2.846547896666667
3928.51	-2.799658896666667
3930.18	-2.585274896666667
3931.85	-2.4041888966666667
3933.51	-2.244659896666667
3935.18	-2.324498896666667
3936.85	-2.4090308966666676
3938.52	-2.362868896666667
3940.19	-2.255274896666667
3941.85	-2.0283138966666674
3943.52	-1.9957058966666672
3945.19	-2.083099896666667
3946.86	-2.375357896666667
3948.53	-2.635511896666667
3950.19	-2.816000896666668
3951.86	-2.684488896666667
3953.53	-2.637611896666667
3955.2	-2.551622896666667
3956.87	-2.668819896666667
3958.54	-2.699378896666667
3960.2	-2.7493908966666667
3961.87	-2.734727896666667
3963.54	-2.7762278966666667
3965.21	-2.809327896666667
3966.88	-2.872784896666667
3968.54	-2.9491198966666676
3970.21	-2.997130896666667
3971.88	-3.000629896666667
3973.55	-2.9265158966666673
3975.22	-2.8922588966666667
3976.89	-2.8832598966666674
3978.55	-2.825165896666667
3980.22	-2.864445896666667
3981.89	-2.856029896666667
3983.56	-2.8528588966666666
3985.23	-2.8230628966666673
3986.89	-2.7404508966666667
3988.56	-2.6817138966666674
3990.23	-2.758057896666667
3991.9	-2.7738548966666676
3993.57	-2.975205896666667
3995.24	-3.032314896666667
3996.9	-3.117029896666667
3998.57	-3.092784896666667
4000.24	-3.1159188966666673
4001.91	-3.130798896666667
4003.58	-3.2246168966666664
4005.24	-3.260398896666667
4006.91	-3.287923896666667
4008.58	-3.199088896666667
4010.25	-3.1205278966666676
4011.92	-3.040715896666667
4013.58	-3.019276896666667
4015.25	-3.0305438966666673
4016.92	-3.078020896666667
4018.59	-3.208164896666667
4020.26	-3.3113328966666673
4021.93	-3.439112896666667
4023.59	-3.5045988966666677
4025.26	-3.501807896666668
4026.93	-3.4078058966666673
4028.6	-3.2395888966666675
4030.27	-3.056692896666667
4031.93	-2.9986478966666668
4033.6	-3.018115896666667
4035.27	-3.079538896666667
4036.94	-3.129458896666667
4038.61	-3.1111278966666673
4040.28	-3.0780708966666674
4041.94	-2.954751896666667
4043.61	-2.916650896666667
4045.28	-2.9380638966666672
4046.95	-3.0141578966666676
4048.62	-3.0441008966666674
4050.28	-3.0115398966666675
4051.95	-2.9617098966666675
4053.62	-2.997861896666667
4055.29	-3.063941896666667
4056.96	-3.180584896666667
4058.63	-3.251334896666667
4060.29	-3.279093896666667
4061.96	-3.2111478966666676
4063.63	-3.129936896666667
4065.3	-3.1504098966666674
4066.97	-3.1538308966666677
4068.63	-3.217808896666667
4070.3	-3.2891248966666664
4071.97	-3.3105378966666676
4073.64	-3.379088896666667
4075.31	-3.414309896666667
4076.97	-3.466310896666667
4078.64	-3.6346838966666675
4080.31	-3.7705938966666666
4081.98	-3.9012758966666667
4083.65	-3.9409318966666667
4085.32	-3.8654818966666675
4086.98	-3.696347896666667
4088.65	-3.5539138966666677
4090.32	-3.5379338966666674
4091.99	-3.655502896666667
4093.66	-3.8084308966666667
4095.32	-3.822406896666667
4096.99	-3.708429896666668
4098.66	-3.4836808966666672
4100.33	-3.255951896666667
4102.0	-3.115395896666667
4103.67	-2.9999818966666667
4105.33	-2.983504896666667
4107.0	-3.029698896666667
4108.67	-3.075697896666667
4110.34	-3.186426896666667
4112.01	-3.2882898966666674
4113.67	-3.317450896666667
4115.34	-3.2864248966666674
4117.01	-3.1358628966666675
4118.68	-3.026057896666667
4120.35	-2.976400896666667
4122.02	-3.021134896666667
4123.68	-3.099854896666667
4125.35	-3.186253896666667
4127.02	-3.286457896666667
4128.69	-3.2819098966666664
4130.36	-3.2949268966666674
4132.02	-3.3058708966666672
4133.69	-3.292315896666667
4135.36	-3.2219048966666675
4137.03	-3.2286888966666667
4138.7	-3.196916896666668
4140.36	-3.296271896666667
4142.03	-3.343542896666667
4143.7	-3.4354248966666674
4145.37	-3.5160418966666667
4147.04	-3.5058048966666666
4148.71	-3.355748896666667
4150.37	-3.297902896666667
4152.04	-3.3188058966666674
4153.71	-3.3608908966666675
4155.38	-3.440346896666667
4157.05	-3.532365896666667
4158.71	-3.574262896666667
4160.38	-3.6650948966666674
4162.05	-3.6520848966666675
4163.72	-3.653903896666668
4165.39	-3.7850538966666667
4167.06	-3.790367896666667
4168.72	-3.8046368966666675
