0.0	1.4614367296333337
1.66816	0.9097254296333336
3.33631	1.0223997296333338
5.00447	0.3326809296333337
6.67263	0.3740515296333337
8.34078	0.07290462963333377
10.0089	0.5301190296333338
11.6771	0.1448516296333337
13.3453	0.5639228496333336
15.0134	0.16457222963333368
16.6816	0.5826810496333337
18.3497	0.15819072963333372
20.0179	0.5519667696333338
21.686	0.15380692963333367
23.3542	0.5568429496333337
25.0223	0.19140482963333366
26.6905	0.6161863496333335
28.3587	0.26252912963333364
30.0268	0.6307595296333337
31.695	0.2161495296333337
33.3631	1.0248586296333337
35.0313	1.3979043296333338
36.6994	2.6490086296333337
38.3676	2.8360500596333336
40.0358	3.333772119633334
41.7039	2.4804423296333336
43.3721	2.1313779296333335
45.0402	0.8360141296333337
46.7084	0.7811941296333336
48.3765	0.2139507296333337
50.0447	0.6258902296333336
51.7129	0.19537772963333366
53.381	0.6339588296333337
55.0492	0.2494977296333337
56.7173	0.7256828296333335
58.3855	0.2864517296333337
60.0536	0.7224576296333336
61.7218	0.25659372963333366
63.39	0.6272128296333337
65.0581	0.22588972963333367
66.7263	0.6366985296333337
68.3944	0.24080172963333363
70.0626	0.6500219296333336
71.7307	0.3387187296333337
73.3989	0.8013904296333338
75.067	0.5077261296333336
76.7352	0.9711067296333337
78.4034	0.5696739296333336
80.0715	0.9258687296333339
81.7397	0.4578122296333337
83.4078	0.7192389296333337
85.076	0.28492212963333363
86.7441	0.6620405296333338
88.4123	0.28055402963333365
90.0805	0.7489342296333337
91.7486	0.3905740296333337
93.4168	0.8157745296333335
95.0849	0.4068107296333337
96.7531	0.7710860296333337
98.4212	0.2754540296333337
100.089	0.6446465296333337
101.758	0.18784592963333366
103.426	0.5992517296333336
105.094	0.20463672963333374
106.762	0.6434525296333338
108.43	0.27238092963333377
110.098	0.7222656296333338
111.766	0.2930620296333337
113.435	0.7009162296333338
115.103	0.2536593296333337
116.771	0.6472832596333339
118.439	0.2214415296333337
120.107	0.6499047296333338
121.775	0.20126182963333372
123.444	0.7223647296333338
125.112	0.48107262963333375
126.78	1.0555353296333336
128.448	0.7938340296333337
130.116	1.2197913296333336
131.784	0.7110499296333337
133.453	0.9825727296333338
135.121	0.3918257296333338
136.789	0.7171708296333337
138.457	0.3618897296333337
140.125	0.7537450296333337
141.793	0.36316912963333364
143.461	0.7211906296333337
145.13	0.26373072963333366
146.798	0.6517425296333336
148.466	0.2368517296333338
150.134	0.6585552696333336
151.802	0.3090137296333338
153.47	0.7372678296333337
155.139	0.35738972963333376
156.807	0.7570103296333337
158.475	0.3106957296333337
160.143	0.6974031296333336
161.811	0.2691427296333337
163.479	0.6541777296333336
165.148	0.2500007296333337
166.816	0.6566214296333337
168.484	0.24361472963333367
170.152	0.6523735296333337
171.82	0.2844347296333337
173.488	0.7251257296333338
175.156	0.39991572963333366
176.825	0.8195127296333335
178.493	0.41103772963333374
180.161	0.7775197296333337
181.829	0.2898617296333338
183.497	0.7368694396333337
185.165	0.37121972963333366
186.834	0.6984198296333339
188.502	0.6004409296333337
190.17	1.818228029633334
191.838	2.3025834296333336
193.506	3.606442229633333
195.174	3.493793829633334
196.842	3.6823959296333344
198.511	2.570931469633334
200.179	1.9740362696333338
201.847	0.7818928296333337
203.515	1.0822668296333338
205.183	0.6087105296333336
206.851	1.104786629633334
208.52	0.6367147296333338
210.188	1.0393193296333334
211.856	0.5639207296333337
213.524	0.9422705296333337
215.192	0.45432872963333376
216.86	0.8774976296333339
218.529	0.39837472963333365
220.197	0.7724260296333336
221.865	0.24790572963333363
223.533	0.7217711296333336
225.201	0.3487761296333337
226.869	1.1051805296333337
228.537	1.1224714296333338
230.206	1.8210651296333336
231.874	1.6558659296333338
233.542	1.9800986396333335
235.21	1.1732898296333336
236.878	1.2516798296333338
238.546	0.33030732963333376
240.215	0.5801268096333336
241.883	0.0689613296333337
243.551	0.7716165296333337
245.219	1.841053229633334
246.887	3.8204311296333344
248.555	4.689288629633333
250.223	5.683388729633334
251.892	4.604984429633333
253.56	3.6799946296333332
255.228	1.6124253296333335
256.896	0.6124921296333337
258.564	0.005767729633333651
260.232	0.47411252963333367
261.901	0.2156177296333337
263.569	0.7962457296333337
265.237	0.5901187296333334
266.905	1.1390367006333337
268.573	0.8934409696333336
270.241	1.3452035296333336
271.91	1.2699422296333336
273.578	2.2306946296333328
275.246	2.270244929633334
276.914	3.064828129633334
278.582	2.5784145096333337
280.25	2.619131629633334
281.918	1.6226468296333336
283.587	1.5084338296333335
285.255	0.8803036296333338
286.923	1.607715229633333
288.591	1.2293427296333337
290.259	1.7908375296333336
291.927	1.0733510996333337
293.596	1.5303224696333337
295.264	0.8505141296333336
296.932	1.5941816296333335
298.6	1.4757569296333337
300.268	7.143173329633333
301.936	16.253068029633333
303.605	25.086692729633334
305.273	30.56233672963333
306.941	30.624989729633334
308.609	23.582391729633333
310.277	14.833372729633334
311.945	4.659642729633333
313.613	-0.7421648703666662
315.282	-1.260744970366666
316.95	-1.2480680703666664
318.618	-1.3183250703666665
320.286	-1.0817962703666664
321.954	-1.3152202703666664
323.622	-1.2982362703666661
325.291	0.12298054963333374
326.959	5.795128929633334
328.627	12.000073729633332
330.295	18.437026729633335
331.963	21.361911729633334
333.631	20.505158729633333
335.299	15.781029729633335
336.968	9.953777729633334
338.636	4.296622229633334
340.304	2.8918077296333338
341.972	1.997328029633334
343.64	2.272118029633334
345.308	1.8264758296333337
346.977	2.0004929986333337
348.645	1.2769853296333336
350.313	1.2162933296333336
351.981	0.5276406296333338
353.649	0.8804344296333337
355.317	0.6175397296333336
356.986	1.285491029633334
358.654	1.1223617296333337
360.322	1.647901639633334
361.99	1.2584499296333338
363.658	1.459785429633334
365.326	0.7933568296333338
366.994	0.9537380296333338
368.663	0.42553572963333375
370.331	0.7836802296333337
371.999	0.4033847296333336
373.667	0.8290377296333336
375.335	0.4585612296333337
377.003	0.7721912296333336
378.672	0.31585542963333363
380.34	0.6697982296333338
382.008	0.37864172963333376
383.676	0.8453610296333338
385.344	0.4984378296333338
387.012	0.8751624296333338
388.681	0.4570097306333338
390.349	0.7893215296333338
392.017	0.37473582963333374
393.685	0.7399324296333336
395.353	0.38665623963333373
397.021	0.7846980296333337
398.689	0.38749541963333367
400.358	0.7994717296333336
402.026	0.43692472963333373
403.694	0.8632057296333336
405.362	0.4889341296333337
407.03	0.8357222296333336
408.698	0.38351682963333367
410.367	0.6957820296333338
412.035	0.2310932296333336
413.703	0.6188444296333337
415.371	0.21872732963333372
417.039	0.6261893296333338
418.707	0.2549999996333337
420.375	0.6647609296333338
422.044	0.25585652963333366
423.712	0.6745710296333337
425.38	0.2823631296333337
427.048	0.6691513296333338
428.716	0.28311072963333367
430.384	0.6828449696333336
432.053	0.21487302963333366
433.721	0.5777923296333338
435.389	0.22053772963333365
437.057	0.8956858296333337
438.725	1.0376517296333336
440.393	1.8435725296333338
442.062	1.7843231296333335
443.73	2.1733950296333338
445.398	1.4815529296333336
447.066	1.3972473896333337
448.734	0.6193128296333338
450.402	0.7091117296333337
452.07	0.29538172963333365
453.739	0.5617717296333337
455.407	0.1587597296333337
457.075	0.5236867296333336
458.743	0.2180177296333337
460.411	0.6347063296333337
462.079	0.3547917296333337
463.748	0.7470874296333336
465.416	0.4064561296333338
467.084	0.7375021296333337
468.752	0.3291407296333337
470.42	0.6875341296333337
472.088	0.3426946296333337
473.756	0.7212903196333338
475.425	0.4061072296333338
477.093	0.8130136696333334
478.761	0.5062237296333336
480.429	0.8553445296333336
482.097	0.5402193296333337
483.765	0.8822581296333334
485.434	1.662704734633334
487.102	3.614829629633333
488.77	4.6048740696333335
490.438	5.976348029633333
492.106	5.487597529633334
493.774	4.997033529633333
495.443	3.4356008296333345
497.111	2.3799859296333334
498.779	1.3613691296333337
500.447	1.6759701296333334
502.115	0.8900111096333336
503.783	1.1249997296333336
505.451	0.48955182963333377
507.12	0.9004074296333338
508.788	0.4005431496333339
510.456	0.7210989296333337
512.124	0.17681272963333367
513.792	0.5702717296333337
515.46	0.08727072963333367
517.129	0.49521472963333374
518.797	0.0721797296333337
520.465	0.49818572963333363
522.133	0.046224729633333794
523.801	0.46764372963333367
525.469	0.05183362963333371
527.138	0.6272023296333337
528.806	0.3114286196333337
530.474	0.8605974296333336
532.142	0.45769932963333365
533.81	0.8152570296333337
535.478	0.19700772963333368
537.146	0.6166787296333336
538.815	0.2691017296333338
540.483	1.6251340296333339
542.151	2.4743154296333345
543.819	3.9429608296333334
545.487	4.153692079633333
547.155	4.408245829633334
548.824	3.1389870296333333
550.492	2.598597579633334
552.16	1.1558577296333339
553.828	1.0723297296333338
555.496	0.5955100296333338
557.164	0.8008683296333338
558.832	0.2783052296333337
560.501	0.5984468296333336
562.169	0.18117572963333378
563.837	0.6331940296333336
565.505	0.27857662963333374
567.173	0.7132121296333336
568.841	0.3411290026333337
570.51	0.7312307296333337
572.178	0.3688266296333337
573.846	0.7502102296333337
575.514	0.35406422963333367
577.182	0.7181679296333338
578.85	0.2828712296333337
580.519	0.6862500296333337
582.187	0.3434605296333337
583.855	0.8100874296333338
585.523	0.5502844296333337
587.191	1.0056959296333337
588.859	0.5862965296333337
590.527	0.8530622296333338
592.196	0.3101852296333337
593.864	0.5933794896333338
595.532	0.10730972963333367
597.2	0.4801301296333338
598.868	0.0716657296333336
600.536	0.4402689296333337
602.205	-0.02397727036666627
603.873	0.3084971296333337
605.541	-0.19526777036666637
607.209	0.2332517296333337
608.877	-0.1155709703666663
610.545	0.43892772963333365
612.213	0.20876072963333359
613.882	0.7674961296333338
615.55	0.3995294296333337
617.218	0.7969927296333339
618.886	0.1898926296333337
620.554	0.37893212963333367
622.222	-0.26948827036666634
623.891	-0.019234170366666303
625.559	-0.5040312703666663
627.227	-0.1610012703666662
628.895	-0.47287327036666615
630.563	0.14572592963333358
632.231	0.1435996296333337
633.9	1.0986342796333335
635.568	1.1645485296333338
637.236	1.8708170296333335
638.904	1.5564549296333339
640.572	1.7342613296333336
642.24	1.0477848296333334
643.908	1.2272597296333339
645.577	0.7068949296333337
647.245	1.1070707296333335
648.913	0.6169001296333338
650.581	0.9145637296333338
652.249	0.30894072963333363
653.917	0.5794109296333336
655.586	0.04313352963333374
657.254	0.6376907296333337
658.922	0.5942577296333337
660.59	1.6913967296333337
662.258	2.1108299296333337
663.926	5.306297029633333
665.595	8.137192729633334
667.263	11.334639029633333
668.931	14.319938729633332
670.599	16.437987729633335
672.267	15.899852729633333
673.935	14.721306729633335
675.603	10.805305729633332
677.272	8.006968729633334
678.94	5.020598229633334
680.608	2.479451809633334
682.276	1.0924992296333338
683.944	1.1659920296333337
685.612	0.5797767296333337
687.281	0.8589908296333337
688.949	0.43807372963333374
690.617	0.7480047296333335
692.285	0.3479647296333337
693.953	0.7262177296333336
695.621	0.33033572963333374
697.289	0.7324888296333337
698.958	0.3854617296333337
700.626	0.8111700296333337
702.294	0.3230569296333337
703.962	0.5341051296333337
705.63	-0.03754627036666638
707.298	0.1875067296333337
708.967	-0.19678627036666624
710.635	0.2658387296333337
712.303	0.02994572963333377
713.971	0.5820057296333336
715.639	0.27532372963333374
717.307	0.6696920296333336
718.976	0.3228377296333337
720.644	0.7103835296333336
722.312	0.37770772963333366
723.98	0.7729392296333338
725.648	0.4036207296333337
727.316	0.7829312296333338
728.984	0.39780572963333366
730.653	0.7541530296333336
732.321	0.33452972963333366
733.989	0.6966591296333338
735.657	0.30447772963333364
737.325	0.6919000296333337
738.993	0.3151407296333337
740.662	0.7036986296333337
742.33	0.3174582296333336
743.998	0.7052135296333336
745.666	0.3034157296333337
747.334	0.6798935296333337
749.002	0.28004972963333374
750.67	0.6548533296333338
752.339	0.2649587296333337
754.007	0.6576986296333336
755.675	0.27434252963333366
757.343	0.6708432296333336
759.011	0.2754355296333337
760.679	0.6516154296333336
762.348	0.25287172963333365
764.016	0.6445609296333338
765.684	0.2530877296333337
767.352	0.6563928296333336
769.02	0.2888027296333337
770.688	0.7006188296333337
772.357	0.32993172963333367
774.025	0.7308144296333337
775.693	0.34300112963333373
777.361	0.7413739496333338
779.029	0.34096482963333363
780.697	0.7175855396333336
782.365	0.3159282296333337
784.034	0.6951456296333338
785.702	0.2904937296333337
787.37	0.6750351296333337
789.038	0.27744472963333366
790.706	0.6840348296333335
792.374	0.29653692963333383
794.043	0.6892726296333337
795.711	0.2817882296333336
797.379	0.6528799296333337
799.047	0.23794972963333366
800.715	0.6297841296333336
802.383	0.2373977296333336
804.052	0.6700174296333338
805.72	0.2981703296333337
807.388	0.7154516296333338
809.056	0.3123619296333337
810.724	0.6923705296333337
812.392	0.2596711296333337
814.06	0.6277302296333337
815.729	0.20691872963333363
817.397	0.6095355296333336
819.065	0.2265437296333337
820.733	0.6600911296333336
822.401	0.2936887296333337
824.069	0.7262873296333338
825.738	0.34114472963333375
827.406	0.7416421296333338
829.074	0.34039372963333364
830.742	0.7379481296333337
832.41	0.33725712963333365
834.078	0.7391865296333335
835.746	0.34236762963333367
837.415	0.7424794296333337
839.083	0.32434972963333375
840.751	0.7132362296333337
842.419	0.32056672963333366
844.087	0.7406175296333336
845.755	0.38431772963333377
847.424	0.8435136296333339
849.092	0.5287627296333337
850.76	1.1174903296333336
852.428	1.1083887296333337
854.096	1.8093935496333338
855.764	1.5430353296333337
857.433	1.8316080296333337
859.101	1.0386131296333336
860.769	0.9653308296333336
862.437	0.14982892963333372
864.105	0.2960708296333337
865.773	-0.07602957036666631
867.441	0.4089924896333336
869.11	0.03391092963333373
870.778	0.4971549296333337
872.446	0.11261592963333374
874.114	0.5557272296333337
875.782	0.1547540296333337
877.45	0.5834337296333338
879.119	0.16240942963333382
880.787	0.5808177296333337
882.455	0.1488500296333337
884.123	0.5631337296333336
885.791	0.14468992963333369
887.459	0.575777729633334
889.127	0.14604472963333373
890.796	0.5577502296333338
892.464	0.1244761296333337
894.132	0.5379590296333338
895.8	0.11221372963333376
897.468	0.602668429633334
899.136	0.2123910296333337
900.805	0.7143192296333337
902.473	0.2852332296333337
904.141	0.7062054296333337
905.809	0.2510427696333337
907.477	0.6871762296333338
909.145	0.2270950296333337
910.814	0.7274438296333335
912.482	0.27658634963333373
914.15	0.7619647296333337
915.818	0.2705876296333337
917.486	0.7507807296333338
919.154	0.24051612963333371
920.822	0.7410047296333337
922.491	0.2571616296333337
924.159	0.8061147296333335
925.827	0.26875522963333365
927.495	0.8907311296333338
929.163	0.20819472963333366
930.831	0.9267192296333336
932.5	-0.16150927036666643
934.168	1.7619867296333331
935.836	12.411889729633334
937.504	21.732410729633333
939.172	29.742210729633335
940.84	32.49050072963333
942.509	26.778083729633334
944.177	17.904451729633333
945.845	7.800946729633336
947.513	-1.0317493703666663
949.181	-0.24677467036666623
950.849	-0.038350070366666246
952.517	-0.0494462703666664
954.186	0.12706972963333368
955.854	-0.027197270366666304
957.522	0.20806872963333375
959.19	0.0002547296333336391
960.858	0.2953337296333337
962.526	0.03773172963333367
964.195	0.33048372963333367
965.863	0.05765172963333365
967.531	0.3429917296333337
969.199	0.047051729633333705
970.867	0.3511897296333338
972.535	0.011532729633333672
974.203	0.23222072963333376
975.872	-0.09146427036666634
977.54	0.19001172963333376
979.208	-0.08785627036666632
980.876	0.2924173296333338
982.544	0.045246929633333655
984.212	0.40737992963333375
985.881	0.13666802963333363
987.549	0.39953262963333364
989.217	0.13348472963333363
990.885	0.42830872963333366
992.553	0.15207572963333366
994.221	0.4661907296333337
995.89	0.15473472963333376
997.558	0.5294357296333336
999.226	0.23297372963333368
1000.89	0.5965911396333337
1002.56	0.3054918296333337
1004.23	0.5883583296333337
1005.9	0.24427592963333367
1007.57	0.5474394096333338
1009.23	0.17863982963333372
1010.9	0.5392165296333337
1012.57	0.20170652963333366
1014.24	0.5534700296333337
1015.91	0.22991662963333362
1017.58	0.5567597296333336
1019.24	0.22119464963333377
1020.91	0.5446514296333337
1022.58	0.2292470296333337
1024.25	0.5439102296333337
1025.92	0.23594412963333372
1027.58	0.5373427296333337
1029.25	0.3330687296333336
1030.92	0.5832166296333336
1032.59	0.8417899296333337
1034.26	2.995594534633334
1035.93	4.234989759633334
1037.59	5.948465229633333
1039.26	5.870536729633334
1040.93	5.239300729633333
1042.6	3.3150433296333333
1044.27	1.8897309296333333
1045.93	0.1309665296333336
1047.6	0.5475286296333337
1049.27	0.11168172963333367
1050.94	0.5397580096333338
1052.61	0.11907472963333374
1054.28	0.5212591286333337
1055.94	0.058671729633333704
1057.61	0.45486082963333374
1059.28	0.03699172963333369
1060.95	0.44434102963333366
1062.62	0.06990512963333359
1064.28	0.47199132963333357
1065.95	0.1119536296333337
1067.62	0.5185216296333337
1069.29	0.1441230296333337
1070.96	0.5437335296333337
1072.62	0.1472555296333337
1074.29	0.5613049296333338
1075.96	0.16028812963333375
1077.63	0.5684915296333337
1079.3	0.21267092963333364
1080.97	0.5931265296333338
1082.63	0.19265402963333367
1084.3	0.6242628296333338
1085.97	0.2178458296333337
1087.64	0.6982528296333337
1089.31	0.8401127296333335
1090.97	2.7911748296333334
1092.64	4.0666625296333345
1094.31	5.887913729633334
1095.98	6.040259729633333
1097.65	5.754908729633334
1099.32	3.8495465296333338
1100.98	2.394997129633334
1102.65	0.4659227296333337
1104.32	0.4000497296333337
1105.99	-0.12694257036666648
1107.66	0.22404211963333384
1109.32	-0.10386247036666632
1110.99	0.27260372963333374
1112.66	-0.09057727036666621
1114.33	0.2989837296333338
1116.0	-0.07788727036666634
1117.66	0.3044877296333337
1119.33	-0.11850227036666632
1121.0	0.27153172963333366
1122.67	-0.1071652703666663
1124.34	0.35199952963333364
1126.01	-0.05754727036666622
1127.67	0.5454071296333337
1129.34	0.5781987296333335
1131.01	1.2803569796333338
1132.68	1.1371104296333336
1134.35	1.5653044296333338
1136.01	1.0059644296333334
1137.68	1.1403802096333338
1139.35	0.41971557963333356
1141.02	0.5624040296333337
1142.69	0.18230372963333363
1144.36	0.43263572963333374
1146.02	-0.06751527036666634
1147.69	0.20577772963333368
1149.36	-0.20508627036666632
1151.03	0.10904372963333375
1152.7	-0.3182622703666663
1154.36	-0.007584270366666335
1156.03	-0.44675727036666635
1157.7	-0.11481827036666634
1159.37	-0.5616412703666664
1161.04	-0.21488487036666631
1162.71	-0.7145638703666662
1164.37	-0.39530757036666636
1166.04	-1.1659582703666664
1167.71	-0.7769352703666661
1169.38	1.0712718296333335
1171.05	4.708137729633334
1172.71	8.745964729633334
1174.38	12.969087729633335
1176.05	14.194752729633333
1177.72	13.809455729633333
1179.39	10.566071029633333
1181.05	6.860463129633334
1182.72	3.948894729633333
1184.39	2.465154929633334
1186.06	1.2687896296333336
1187.73	1.3426901296333336
1189.4	0.8200051296333335
1191.06	1.0553924296333335
1192.73	0.6561835296333335
1194.4	0.9809479296333338
1196.07	0.6258106996333339
1197.74	0.9461550296333335
1199.4	0.5551859296333337
1201.07	0.8518369196333337
1202.74	0.4744456296333336
1204.41	0.8077448496333337
1206.08	0.4582703296333336
1207.75	0.8087324296333337
1209.41	0.4765240296333337
1211.08	0.8281029296333337
1212.75	0.4517660296333337
1214.42	0.8138114296333339
1216.09	0.46603372963333367
1217.75	0.8156292296333337
1219.42	0.4632717296333338
1221.09	0.7946827296333338
1222.76	0.4147537296333336
1224.43	0.7486087296333338
1226.1	0.3297937296333337
1227.76	0.6654257296333337
1229.43	0.30154972963333376
1231.1	0.6499717296333337
1232.77	0.3078637296333337
1234.44	0.6871413296333337
1236.1	0.3465787296333336
1237.77	0.7007379296333336
1239.44	0.3374567296333337
1241.11	0.6837922296333337
1242.78	0.31534172963333373
1244.44	0.6673126296333336
1246.11	0.31171272963333363
1247.78	0.6693342296333336
1249.45	0.3158497296333337
1251.12	0.6588847296333337
1252.79	0.28859772963333363
1254.45	0.6275747296333336
1256.12	0.2610337296333337
1257.79	0.6177517296333337
1259.46	0.26709672963333364
1261.13	0.6289917296333337
1262.79	0.2785197296333336
1264.46	0.6302851296333337
1266.13	0.2774837296333337
1267.8	0.6325637296333336
1269.47	0.2881687296333336
1271.14	0.6542575296333337
1272.8	0.3025107296333337
1274.47	0.6510987296333337
1276.14	0.2908197296333337
1277.81	0.6313347296333338
1279.48	0.2661667296333337
1281.14	0.6004283296333336
1282.81	0.23809072963333372
1284.48	0.5820088296333336
1286.15	0.22554372963333363
1287.82	0.5779679296333337
1289.49	0.23667472963333366
1291.15	0.6059465296333336
1292.82	0.2839313296333337
1294.49	0.6548879296333336
1296.16	0.34398572963333374
1297.83	0.7577067296333337
1299.49	0.44163672963333356
1301.16	0.8291067296333334
1302.83	0.4836787296333337
1304.5	0.7877267296333336
1306.17	0.39299372963333357
1307.83	0.6537147296333338
1309.5	0.2490647296333337
1311.17	0.5510867296333338
1312.84	0.19074972963333364
1314.51	0.5266977296333338
1316.18	0.23748272963333364
1317.84	0.5101867296333336
1319.51	0.1568857296333337
1321.18	0.4152227296333336
1322.85	-0.0026582703666662598
1324.52	0.19219772963333365
1326.18	1.0256107296333337
1327.85	2.786752329633334
1329.52	4.208876509633333
1331.19	6.2143566296333335
1332.86	7.619837729633334
1334.53	9.369965729633332
1336.19	9.265641729633334
1337.86	8.648547729633332
1339.53	6.900075129633334
1341.2	5.330039429633333
1342.87	2.9093845296333343
1344.53	1.8332979296333338
1346.2	0.7942217296333338
1347.87	1.2095107296333336
1349.54	0.3279767296333338
1351.21	0.27977272963333355
1352.88	-0.5189073703666663
1354.54	-0.22858047036666623
1356.21	-0.6304538703666663
1357.88	-0.05162489336666637
1359.55	-0.35666827036666626
1361.22	0.04084034963333375
1362.88	-0.34486867036666635
1364.55	0.0767494296333336
1366.22	-0.28839327036666623
1367.89	0.15413352963333368
1369.56	-0.2420132703666662
1371.22	0.09862072963333374
1372.89	-0.3434201703666664
1374.56	0.02891042963333356
1376.23	-0.33384427036666614
1377.9	0.16061332963333366
1379.57	-0.1550972703666663
1381.23	0.30291192963333363
1382.9	-0.06452827036666633
1384.57	0.28113422963333373
1386.24	-0.16545327036666616
1387.91	0.18657422963333375
1389.57	-0.20840827036666637
1391.24	0.1739585296333337
1392.91	-0.19632827036666636
1394.58	0.17420022963333368
1396.25	-0.19490227036666624
1397.92	0.17133772963333369
1399.58	-0.18895327036666637
1401.25	0.20078932963333362
1402.92	-0.14369927036666633
1404.59	0.25737912963333365
1406.26	-0.08658927036666622
1407.92	0.31135682963333366
1409.59	-0.0321532703666663
1411.26	0.3379039296333337
1412.93	-0.05289927036666621
1414.6	0.28274732963333365
1416.27	-0.10790027036666631
1417.93	0.24123542963333372
1419.6	-0.13194427036666623
1421.27	0.21998772963333363
1422.94	-0.15321127036666632
1424.61	0.20116642963333375
1426.27	-0.15292527036666628
1427.94	0.2276036296333337
1429.61	-0.10562127036666627
1431.28	0.2710695296333337
1432.95	-0.06883827036666636
1434.61	0.27104902963333366
1436.28	-0.10749627036666624
1437.95	0.22779572963333372
1439.62	-0.15261827036666625
1441.29	0.17713652963333354
1442.96	-0.18157027036666634
1444.62	0.13298872963333372
1446.29	-0.19691127036666636
1447.96	0.10791082963333376
1449.63	-0.22272027036666625
1451.3	-0.005170070366666368
1452.96	0.10526040963333369
1454.63	1.3887667296333333
1456.3	1.8646759296333335
1457.97	2.9415276296333337
1459.64	2.6540365296333337
1461.31	2.400095829633334
1462.97	1.1379717296333338
1464.64	0.48624052963333375
1466.31	-0.27127327036666626
1467.98	0.3867125296333337
1469.65	0.2469797296333336
1471.31	0.8672124296333339
1472.98	0.5060547296333338
1474.65	0.7921122296333337
1476.32	0.17450872963333372
1477.99	0.3630213296333337
1479.65	-0.10664027036666628
1481.32	0.23826222963333374
1482.99	-0.07807427036666632
1484.66	0.3676797296333337
1486.33	0.07936972963333351
1488.0	0.48233279963333364
1489.66	0.03871840963333355
1491.33	0.3269517296333337
1493.0	0.15898052963333384
1494.67	2.023265529633334
1496.34	3.654540729633333
1498.0	5.633736129633333
1499.67	6.174652329633334
1501.34	5.773783729633335
1503.01	4.3806911346333335
1504.68	7.950337029633334
1506.35	11.167351729633333
1508.01	16.042827729633334
1509.68	18.22610872963333
1511.35	16.969367329633332
1513.02	12.335519729633337
1514.69	7.491231829633333
1516.35	1.8921835296333342
1518.02	1.4127130296333337
1519.69	0.8456344296333338
1521.36	1.0757895296333337
1523.03	0.6053785296333338
1524.7	0.9595927296333338
1526.36	0.5995144696333339
1528.03	0.9618378296333336
1529.7	0.6027995296333337
1531.37	0.8581915496333338
1533.04	1.2733188296333338
1534.7	4.2635104296333335
1536.37	6.509145129633334
1538.04	9.261041729633334
1539.71	9.811774229633333
1541.38	9.305031729633333
1543.04	7.010678429633333
1544.71	4.991835899633334
1546.38	2.3398557296333338
1548.05	1.9779676296333335
1549.72	0.7230685296333338
1551.39	0.32725141963333365
1553.05	-0.6129842703666663
1554.72	-0.4123402703666663
1556.39	-0.7301742703666664
1558.06	-0.08682927036666632
1559.73	-0.38149327036666625
1561.39	0.09526772963333378
1563.06	-0.22912327036666644
1564.73	0.25237872963333363
1566.4	-0.08377027036666629
1568.07	0.3371587296333337
1569.74	-0.028404270366666283
1571.4	0.3387718296333338
1573.07	0.0015577296333336489
1574.74	0.4853128296333337
1576.41	0.18798092963333374
1578.08	0.6751862496333337
1579.74	0.3037056296333337
1581.41	0.6246744296333337
1583.08	0.16355172963333367
1584.75	0.4375297296333337
1586.42	0.02281572963333365
1588.09	0.43640472963333365
1589.75	0.09800672963333382
1591.42	0.5353347296333337
1593.09	0.1921517296333338
1594.76	0.5746527296333337
1596.43	0.19215372963333371
1598.09	0.5681847296333337
1599.76	0.20111972963333372
1601.43	0.5681987296333337
1603.1	0.19933672963333376
1604.77	0.5617817296333337
1606.43	0.1835477296333337
1608.1	0.5330157296333338
1609.77	0.17103372963333374
1611.44	0.6181291296333337
1613.11	0.20893172963333373
1614.78	0.6005237296333336
1616.44	0.13054172963333363
1618.11	0.5686917296333337
1619.78	0.26685572963333365
1621.45	0.6687180296333337
1623.12	0.23574472963333362
1624.78	0.5196564296333336
1626.45	-0.12557927036666633
1628.12	0.12478872963333368
1629.79	-0.4260027703666662
1631.46	0.01517752963333372
1633.13	-0.29671727036666623
1634.79	0.12124512963333363
1636.46	-0.3078674703666664
1638.13	0.03765595963333368
1639.8	-0.3927990703666663
1641.47	-0.022286670366666296
1643.13	-0.5530616703666664
1644.8	-0.23524397036666644
1646.47	-1.0866114703666665
1648.14	-0.2542462703666663
1649.81	9.145932729633335
1651.48	20.425398729633336
1653.14	30.213339829633334
1654.81	36.10402672963333
1656.48	32.79621572963334
1658.15	24.795880329633334
1659.82	15.018890829633335
1661.48	5.388297729633334
1663.15	3.8544510296333336
1664.82	4.5337807296333335
1666.49	3.455837429633333
1668.16	2.9601920296333333
1669.82	1.4519134296333338
1671.49	1.0222472396333337
1673.16	0.5722094296333339
1674.83	0.8905663296333337
1676.5	0.5145317296333337
1678.17	0.8784911296333334
1679.83	0.45280072963333373
1681.5	0.7599038296333338
1683.17	0.31264072963333367
1684.84	0.6127580296333337
1686.51	0.1639591296333337
1688.17	0.4672187296333338
1689.84	0.0424771296333337
1691.51	0.39088132963333366
1693.18	0.025430129633333777
1694.85	0.3928619296333337
1696.52	-0.038752770366666245
1698.18	0.47627212963333365
1699.85	0.14251832963333366
1701.52	0.6679246296333338
1703.19	0.36416232963333367
1704.86	0.8005807966333339
1706.52	0.3314121296333338
1708.19	0.7344474296333339
1709.86	0.1216484296333337
1711.53	1.2312689596333333
1713.2	2.8043389296333343
1714.87	4.797137529633334
1716.53	5.803787729633333
1718.2	6.347821129633333
1719.87	4.856755929633334
1721.54	3.5594502296333332
1723.21	1.363739929633334
1724.87	0.4059983996333337
1726.54	0.21864442963333364
1728.21	0.45661632963333376
1729.88	0.17116052963333367
1731.55	0.42957157963333364
1733.21	0.09328302963333379
1734.88	0.38782842963333375
1736.55	0.07070842963333371
1738.22	0.42216942963333376
1739.89	0.11767420963333368
1741.56	0.4815627296333337
1743.22	0.1679039296333337
1744.89	0.5191725296333336
1746.56	0.19930592963333368
1748.23	0.5359430296333336
1749.9	0.18257882963333377
1751.56	0.5039508296333337
1753.23	0.12722602963333368
1754.9	0.4519163296333337
1756.57	0.09044842963333374
1758.24	0.42734742963333366
1759.91	0.09322462963333374
1761.57	0.44957542963333363
1763.24	0.09751082963333371
1764.91	0.42983172963333366
1766.58	0.06459192963333368
1768.25	0.41058282963333353
1769.91	0.0611855296333337
1771.58	0.4179037296333338
1773.25	0.07769592963333377
1774.92	0.4351931296333337
1776.59	0.05331512963333372
1778.25	0.3829808396333337
1779.92	0.025429929633333737
1781.59	0.36489412963333373
1783.26	0.023424629633333728
1784.93	0.37608514563333373
1786.6	0.0327281296333337
1788.26	0.4140311296333337
1789.93	0.0807511296333336
1791.6	0.4407434296333337
1793.27	0.11819292963333364
1794.94	0.4693818596333337
1796.6	0.12663572963333372
1798.27	0.4694302296333337
1799.94	0.11995102963333375
1801.61	0.47215236963333373
1803.28	0.12914852963333373
1804.95	0.4955049296333337
1806.61	0.14497262963333366
1808.28	0.5083201296333337
1809.95	0.16253402963333372
1811.62	0.4985464916333336
1813.29	0.13780802963333366
1814.95	0.5004586296333338
1816.62	0.7563759296333338
1818.29	1.5349133896333336
1819.96	1.5832013296333336
1821.63	2.0577956296333335
1823.3	1.4736666296333336
1824.96	1.3868052496333334
1826.63	0.6035881296333336
1828.3	0.47042272963333376
1829.97	0.19872472963333374
1831.64	0.4739977296333337
1833.3	0.02832672963333367
1834.97	0.3186687296333337
1836.64	-0.08688827036666631
1838.31	0.23553102963333364
1839.98	-0.1206760703666663
1841.64	0.2704115296333337
1843.31	-0.01887866036666628
1844.98	0.37809172963333376
1846.65	0.03127245963333366
1848.32	0.40119922963333365
1849.99	0.06361462963333372
1851.65	0.4047069296333337
1853.32	0.06595542963333367
1854.99	0.43839022963333374
1856.66	0.08321105963333367
1858.33	0.40894972963333365
1859.99	0.008159029633333592
1861.66	0.3148702296333337
1863.33	-0.043411570366666354
1865.0	0.3203462296333336
1866.67	-0.033896770366666315
1868.34	0.3374107696333337
1870.0	0.0015452296333337112
1871.67	0.33984022963333366
1873.34	-0.02991197036666632
1875.01	0.2955993496333336
1876.68	-0.04462297036666627
1878.34	0.31759233963333366
1880.01	-0.015949970366666354
1881.68	0.34673812963333367
1883.35	0.019250529633333634
1885.02	0.36155112963333375
1886.69	0.0025907296333337105
1888.35	0.3050939296333338
1890.02	-0.06362417036666626
1891.69	0.2628888296333337
1893.36	-0.09503477036666627
1895.03	0.2712081296333337
1896.69	-0.06848837036666627
1898.36	0.2951434496333337
1900.03	-0.04205597036666624
1901.7	0.31587857963333366
1903.37	-0.014018870366666302
1905.03	0.3598444296333337
1906.7	0.009382529633333742
1908.37	0.36167452963333374
1910.04	-0.02352687036666622
1911.71	0.2926233796333336
1913.38	-0.07366607036666631
1915.04	0.28070632963333375
1916.71	-0.04718137036666635
1918.38	0.3309030296333336
1920.05	0.001884529633333576
1921.72	0.35069698963333373
1923.38	-0.017634670366666272
1925.05	0.2990195296333337
1926.72	-0.08068527036666627
1928.39	0.2661856296333337
1930.06	-0.06276027036666629
1931.73	0.31254362963333376
1933.39	-0.012348270366666247
1935.06	0.3579127296333337
1936.73	-0.006140370366666292
1938.4	0.3378942296333337
1940.07	-0.02859547036666619
1941.73	0.29334902963333376
1943.4	-0.07136557036666631
1945.07	0.25835698963333376
1946.74	-0.11361417036666621
1948.41	0.22516221963333366
1950.08	-0.13452057036666631
1951.74	0.20633822963333365
1953.41	-0.10794397036666625
1955.08	0.2950293296333337
1956.75	0.01821772963333369
1958.42	0.43798942963333365
1960.08	0.12330772963333372
1961.75	0.44467002963333363
1963.42	0.013685729633333643
1965.09	0.23527112963333371
1966.76	-0.1943922703666663
1968.42	0.13213202963333356
1970.09	-0.16954127036666625
1971.76	0.2662893296333336
1973.43	0.0248499296333337
1975.1	0.43399592963333367
1976.77	0.10336752963333365
1978.43	0.44710422963333374
1980.1	0.12863572963333367
1981.77	0.47269232963333374
1983.44	0.11398272963333374
1985.11	0.3697068296333336
1986.77	-0.09140727036666632
1988.44	0.1823559296333337
1990.11	-0.1826272703666662
1991.78	0.24394912963333376
1993.45	0.018394029633333586
1995.12	0.4276328296333337
1996.78	0.07096385963333365
1998.45	0.3648842296333338
2000.12	-0.046970770366666297
2001.79	0.2744770296333337
2003.46	-0.1073133703666664
2005.12	0.24241082963333369
2006.79	-0.10893967036666634
2008.46	0.24549272963333374
2010.13	-0.05117097036666633
2011.8	0.36006282963333375
2013.47	0.09168502963333364
2015.13	0.46018792963333366
2016.8	0.09897902963333373
2018.47	0.39939567963333367
2020.14	-0.004587070366666268
2021.81	0.28409007963333366
2023.47	-0.0809934703666664
2025.14	0.2555093296333337
2026.81	-0.08584547036666625
2028.48	0.24531742963333372
2030.15	-0.10117887036666622
2031.81	0.23801962963333362
2033.48	-0.10701877036666627
2035.15	0.24190024963333373
2036.82	-0.09905197036666635
2038.49	0.2353489896333337
2040.16	-0.15045177036666632
2041.82	0.15421332963333367
2043.49	-0.21443727036666638
2045.16	0.14095582963333372
2046.83	-0.17336127036666632
2048.5	0.21035942963333368
2050.16	-0.13025147036666626
2051.83	0.19471182963333372
2053.5	-0.17872877036666632
2055.17	0.14280322963333364
2056.84	-0.21018147036666632
2058.51	0.17761222963333362
2060.17	-0.14154357036666626
2061.84	0.22031042963333372
2063.51	-0.12302147036666636
2065.18	0.1981268296333337
2066.85	-0.15122127036666638
2068.51	0.1801658296333338
2070.18	-0.14837427036666634
2071.85	0.19985862963333373
2073.52	-0.12065827036666632
2075.19	0.22222612963333374
2076.86	-0.10681787036666619
2078.52	0.23352912963333378
2080.19	-0.1267425703666663
2081.86	0.16319112963333374
2083.53	-0.21777527036666627
2085.2	0.07751892963333366
2086.86	-0.2783952703666662
2088.53	0.060598529633333696
2090.2	-0.2494042703666663
2091.87	0.13028812963333378
2093.54	-0.18800957036666635
2095.2	0.16404682963333375
2096.87	-0.19550527036666634
2098.54	0.15732842963333366
2100.21	-0.19101627036666632
2101.88	0.13697872963333366
2103.55	-0.20535427036666629
2105.21	0.13305362963333361
2106.88	-0.20903227036666636
2108.55	0.1466952296333337
2110.22	-0.1880810703666663
2111.89	0.19072112963333376
2113.55	-0.12637087036666633
2115.22	0.22463645963333362
2116.89	-0.11260337036666637
2118.56	0.23231682963333364
2120.23	-0.13060167036666626
2121.9	0.1932607296333338
2123.56	-0.15829427036666627
2125.23	0.16556902963333364
2126.9	-0.1753332703666663
2128.57	0.16272822963333367
2130.24	-0.19737827036666644
2131.9	0.1136674296333338
2133.57	-0.26221327036666625
2135.24	0.04332622963333368
2136.91	-0.3126903703666663
2138.58	0.03937692963333367
2140.24	-0.2732777703666663
2141.91	0.10624272963333366
2143.58	-0.1865602703666663
2145.25	0.17616492963333363
2146.92	-0.14022267036666625
2148.59	0.19147872963333365
2150.25	-0.1930557703666663
2151.92	0.10407282963333367
2153.59	-0.25214167036666635
2155.26	0.10460842963333372
2156.93	-0.19596537036666645
2158.59	0.1964094296333337
2160.26	-0.10040537036666634
2161.93	0.2362245296333337
2163.6	-0.12330417036666638
2165.27	0.16179392963333372
2166.94	-0.2272474703666662
2168.6	0.08034242963333366
2170.27	-0.29332227036666647
2171.94	0.02398051963333373
2173.61	-0.32499557036666626
2175.28	-0.0051816303666663895
2176.94	-0.3559771703666663
2178.61	-0.02062947036666633
2180.28	-0.3439332703666663
2181.95	0.025212029633333743
2183.62	-0.2606509703666664
2185.29	0.11113602963333372
2186.95	-0.19478257036666624
2188.62	0.17403022963333367
2190.29	-0.16317177036666627
2191.96	0.19089202963333368
2193.63	-0.14207297036666638
2195.29	0.1828211296333338
2196.96	-0.16452527036666628
2198.63	0.12168832963333365
2200.3	-0.25340827036666635
2201.97	0.07800382963333369
2203.63	-0.24842727036666626
2205.3	0.13420142963333365
2206.97	-0.1622922703666664
2208.64	0.18460452963333374
2210.31	-0.15731527036666626
2211.98	0.14360272963333362
2213.64	-0.2172550703666664
2215.31	0.10982862963333369
2216.98	-0.20186237036666635
2218.65	0.15872984963333364
2220.32	-0.15484307036666628
2221.98	0.2021494296333337
2223.65	-0.12894957036666632
2225.32	0.24842612963333366
2226.99	-0.05006227036666634
2228.66	0.28208702963333365
2230.33	-0.08201227036666635
2231.99	0.17447202963333366
2233.66	-0.2653172703666663
2235.33	0.022604629633333657
2237.0	-0.3462922703666663
2238.67	0.011301229633333677
2240.33	-0.27385327036666623
2242.0	0.0820924296333337
2243.67	-0.24911527036666636
2245.34	0.07258672963333374
2247.01	-0.26608627036666616
2248.68	0.08854932963333373
2250.34	-0.2194962703666663
2252.01	0.1336847296333337
2253.68	-0.1561787703666663
2255.35	0.1870375296333337
2257.02	-0.1135163703666664
2258.68	0.20100592963333375
2260.35	-0.15082757036666622
2262.02	0.12922162963333372
2263.69	-0.26188227036666634
2265.36	0.007395029633333721
2267.02	-0.32182617036666616
2268.69	0.04093922963333377
2270.36	-0.19409007036666637
2272.03	0.2295848296333336
2273.7	-0.02019647036666624
2275.37	0.31055072963333374
2277.03	-0.05186237036666623
2278.7	0.20772082963333366
2280.37	-0.19652227036666625
2282.04	0.11348752963333361
2283.71	-0.2217972703666662
2285.37	0.12412812963333368
2287.04	-0.17973827036666634
2288.71	0.15896482963333375
2290.38	-0.18268027036666626
2292.05	0.13228012963333358
2293.72	-0.21636627036666622
2295.38	0.10920422963333361
2297.05	-0.2331692703666664
2298.72	0.11573382963333363
2300.39	-0.21778527036666642
2302.06	0.14577492963333366
2303.72	-0.17629227036666634
2305.39	0.16672412963333363
2307.06	-0.15338427036666627
2308.73	0.18058032963333376
2310.4	-0.1573193703666663
2312.07	0.1549673296333336
2313.73	-0.21945407036666617
2315.4	0.07861264963333373
2317.07	-0.29446117036666625
2318.74	0.026437519633333562
2320.41	-0.3051321703666663
2322.07	0.016827329633333644
2323.74	-0.29171917036666634
2325.41	0.03956432963333377
2327.08	-0.2870292703666663
2328.75	0.0405459296333337
2330.41	-0.2824102703666662
2332.08	0.049765329633333556
2333.75	-0.27662327036666634
2335.42	0.05002762963333368
2337.09	-0.29240827036666633
2338.76	0.021172029633333766
2340.42	-0.3062842703666663
2342.09	0.01925742963333374
2343.76	-0.2881831703666663
2345.43	0.09891032963333365
2347.1	-0.1714318703666662
2348.76	0.2147915596333337
2350.43	-0.10987167036666623
2352.1	0.18805732963333377
2353.77	-0.1869632703666663
2355.44	0.10883852963333362
2357.11	-0.2576452703666663
2358.77	0.07679582963333363
2360.44	-0.22900227036666632
2362.11	0.10238932963333366
2363.78	-0.22019617036666633
2365.45	0.08392632963333375
2367.11	-0.2828942703666663
2368.78	-0.013150770366666342
2370.45	-0.4108012703666663
2372.12	-0.1533186703666663
2373.79	-0.48133627036666626
2375.46	-0.1614930703666663
2377.12	-0.43282727036666646
2378.79	-0.08482817036666628
2380.46	-0.4115012703666663
2382.13	-0.10103617036666632
2383.8	-0.4374422703666664
2385.46	-0.12472677036666635
2387.13	-0.42831827036666636
2388.8	-0.10683107036666625
2390.47	-0.4065462703666663
2392.14	-0.07610947036666633
2393.8	-0.3913446703666662
2395.47	-0.03142515036666632
2397.14	-0.3264342703666663
2398.81	0.007814179633333728
2400.48	-0.3413771703666663
2402.15	-0.0724717703666663
2403.81	-0.42234127036666624
2405.48	-0.10849057036666628
2407.15	-0.4183132703666663
2408.82	-0.04066177036666637
2410.49	-0.3436782703666663
2412.15	-0.021208370366666295
2413.82	-0.3580762703666663
2415.49	-0.053661070366666376
2417.16	-0.3673672703666663
2418.83	-0.030831470366666412
2420.5	-0.34924577036666626
2422.16	-0.0015935703666662582
2423.83	-0.30179407036666644
2425.5	0.030006129633333593
2427.17	-0.25908427036666626
2428.84	0.08756892963333376
2430.5	-0.2103522703666662
2432.17	0.08938562963333366
2433.84	-0.2569162703666663
2435.51	0.02748702963333377
2437.18	-0.3191522703666663
2438.85	-0.02175927036666634
2440.51	-0.3595712703666662
2442.18	-0.05260177036666632
2443.85	-0.3561882703666664
2445.52	-0.03354577036666635
2447.19	-0.3455852703666663
2448.85	-0.015617170366666266
2450.52	-0.3602302703666663
2452.19	-0.06172327036666636
2453.86	-0.3935612703666663
2455.53	-0.08432107036666629
2457.19	-0.37093227036666626
2458.86	-0.0020079703666663227
2460.53	-0.33065527036666625
2462.2	-0.02392197036666629
2463.87	-0.39986627036666633
2465.54	-0.12138207036666623
2467.2	-0.41265727036666633
2468.87	-0.03604127036666632
2470.54	-0.28015727036666627
2472.21	0.10960932963333377
2473.88	-0.23542227036666635
2475.54	0.050243329633333646
2477.21	-0.30674127036666643
2478.88	-0.02679607036666627
2480.55	-0.3473022703666663
2482.22	-0.03416527036666641
2483.89	-0.3687992703666664
2485.55	-0.0681576703666663
2487.22	-0.3928142703666664
2488.89	-0.06278497036666626
2490.56	-0.36202647036666635
2492.23	-0.03137587036666627
2493.89	-0.3327664703666663
2495.56	-0.006820570366666395
2497.23	-0.28870527036666643
2498.9	0.06331882963333377
2500.57	-0.2336680703666664
2502.23	0.11072082963333377
2503.9	-0.21421617036666615
2505.57	0.08508662963333363
2507.24	-0.23827397036666623
2508.91	0.06529723963333367
2510.58	-0.2807446703666662
2512.24	0.012118929633333613
2513.91	-0.34109427036666645
2515.58	-0.04632807036666633
2517.25	-0.3871612703666663
2518.92	-0.0883088703666664
2520.58	-0.4061252703666664
2522.25	-0.07287347036666626
2523.92	-0.3861912703666663
2525.59	-0.07421707036666632
2527.26	-0.3723520703666663
2528.93	-0.033218270366666226
2530.59	-0.3316514703666662
2532.26	-0.016859570366666354
2533.93	-0.30976727036666624
2535.6	0.004317129633333705
2537.27	-0.34618657036666617
2538.93	-0.09382020036666631
2540.6	-0.4404609703666663
2542.27	-0.1403186703666663
2543.94	-0.4155472703666664
2545.61	-0.04312927036666643
2547.28	-0.26235427036666625
2548.94	0.10227172963333368
2550.61	-0.17746427036666632
2552.28	0.11159242963333378
2553.95	-0.21924217036666635
2555.62	0.08041590963333367
2557.28	-0.21774957036666637
2558.95	0.10164982963333366
2560.62	-0.19174547036666634
2562.29	0.08397232963333368
2563.96	-0.26195127036666627
2565.62	0.01257332963333373
2567.29	-0.3348992703666663
2568.96	-0.0688956703666663
2570.63	-0.3977453703666663
2572.3	-0.1507828703666663
2573.97	-0.4810792703666663
2575.63	-0.19747737036666627
2577.3	-0.5205632703666664
2578.97	-0.19248097036666634
2580.64	-0.47821327036666633
2582.31	-0.1694995703666663
2583.97	-0.4791112703666663
2585.64	-0.19284057036666638
2587.31	-0.48948627036666625
2588.98	-0.16619217036666625
2590.65	-0.43766327036666636
2592.32	-0.08896757036666622
2593.98	-0.3681492703666662
2595.65	-0.038057450366666225
2597.32	-0.35662507036666635
2598.99	-0.030785070366666355
2600.66	-0.3048055703666662
2602.32	-0.015462770366666356
2603.99	-0.3133799703666662
2605.66	-0.03985707036666637
2607.33	-0.37041827036666625
2609.0	-0.09213857036666633
2610.67	-0.4268482703666662
2612.33	-0.13764167036666636
2614.0	-0.42463327036666626
2615.67	-0.1302003703666664
2617.34	-0.4233562703666662
2619.01	-0.14816657036666628
2620.67	-0.45828627036666625
2622.34	-0.15685127036666618
2624.01	-0.43409727036666634
2625.68	-0.10022227036666634
2627.35	-0.3391772703666663
2629.01	0.00018642963333370677
2630.68	-0.2944542703666663
2632.35	0.0052841296333336115
2634.02	-0.28281027036666634
2635.69	0.02381902963333361
2637.36	-0.29688527036666634
2639.02	-0.045213770366666274
2640.69	-0.41591857036666635
2642.36	-0.16757197036666635
2644.03	-0.5409072703666663
2645.7	-0.2941711703666662
2647.36	-0.6336582703666662
2649.03	-0.3688312703666663
2650.7	-0.6998482703666664
2652.37	-0.30465147036666623
2654.04	-0.4956337703666664
2655.71	-0.05621647036666633
2657.37	-0.26887057036666634
2659.04	0.06879612963333373
2660.71	-0.25490487036666637
2662.38	0.0076359296333337375
2664.05	-0.3668172703666663
2665.71	-0.07302927036666632
2667.38	-0.4285782703666662
2669.05	-0.2323350703666663
2670.72	-0.6215482703666663
2672.39	-0.34122267036666626
2674.06	-0.6139842703666663
2675.72	-0.27451487036666633
2677.39	-0.5117962703666663
2679.06	-0.1712390703666663
2680.73	-0.4439920703666663
2682.4	-0.17865391036666625
2684.06	-0.4843656703666662
2685.73	-0.17453507036666624
2687.4	-0.4434452703666663
2689.07	-0.18545567036666635
2690.74	-0.5103812703666663
2692.4	-0.25599527036666625
2694.07	-0.6008082703666663
2695.74	-0.3508382703666663
2697.41	-0.6989482703666663
2699.08	-0.4083602703666663
2700.75	-0.7000242703666661
2702.41	-0.38635027036666625
2704.08	-0.6860542703666663
2705.75	-0.38500427036666635
2707.42	-0.7372502703666663
2709.09	-0.4409702703666663
2710.75	-0.7738462703666661
2712.42	-0.39965237036666634
2714.09	-0.6319282703666662
2715.76	-0.2905644703666663
2717.43	-0.5327842703666664
2719.1	-0.2388608703666663
2720.76	-0.5720672703666664
2722.43	-0.3143612703666664
2724.1	-0.6302552703666663
2725.77	-0.3015602703666663
2727.44	-0.6266932703666664
2729.1	-0.3394082703666662
2730.77	-0.6314982703666663
2732.44	-0.3599522703666663
2734.11	-0.6276652703666663
2735.78	-0.32999957036666633
2737.45	-0.6224402703666663
2739.11	-0.29801117036666636
2740.78	-0.6598132703666663
2742.45	-0.3713584703666663
2744.12	-0.6521432703666663
2745.79	-0.3421294703666663
2747.45	-0.5865992703666663
2749.12	-0.24078327036666622
2750.79	-0.5156762703666663
2752.46	-0.22022127036666622
2754.13	-0.5294152703666661
2755.79	-0.22585227036666633
2757.46	-0.5010732703666662
2759.13	-0.21107737036666624
2760.8	-0.4836222703666662
2762.47	-0.19874027036666644
2764.14	-0.47302127036666625
2765.8	-0.11839627036666633
2767.47	-0.3683772703666663
2769.14	-0.08084627036666628
2770.81	-0.41275527036666626
2772.48	-0.22864827036666618
2774.14	-0.6132522703666663
2775.81	-0.40123397036666636
2777.48	-0.7348972703666663
2779.15	-0.4497818703666662
2780.82	-0.6794802703666661
2782.49	-0.3704522703666662
2784.15	-0.5902532703666663
2785.82	-0.23775937036666628
2787.49	-0.45141027036666637
2789.16	-0.1392032703666663
2790.83	-0.42884927036666626
2792.49	-0.1820391703666662
2794.16	-0.5185472703666664
2795.83	-0.3011726703666663
2797.5	-0.6461572703666663
2799.17	-0.43725317036666633
2800.84	-0.6950506703666663
2802.5	-0.4178811703666662
2804.17	-0.6963983703666663
2805.84	-0.4504825703666663
2807.51	-0.7571622703666664
2809.18	-0.5176912703666663
2810.84	-0.8048542703666662
2812.51	-0.5285022703666663
2814.18	-0.7080982703666663
2815.85	-0.40134927036666623
2817.52	-0.6061062703666662
2819.18	-0.34222637036666637
2820.85	-0.5790812703666663
2822.52	-0.2823163703666663
2824.19	-0.5077632703666662
2825.86	-0.19879317036666638
2827.53	-0.43520527036666634
2829.19	-0.18065687036666636
2830.86	-0.4569042703666663
2832.53	-0.25235127036666627
2834.2	-0.6005912703666663
2835.87	-0.4221831703666662
2837.53	-0.7445392703666665
2839.2	-0.5031652703666664
2840.87	-0.7912932703666664
2842.54	-0.4997872703666662
2844.21	-0.7217232703666662
2845.88	-0.41034127036666623
2847.54	-0.6549942703666662
2849.21	-0.41738877036666644
2850.88	-0.6925992703666664
2852.55	-0.4586377703666664
2854.22	-0.7419492703666662
2855.88	-0.4189642703666664
2857.55	-0.6157282703666663
2859.22	-0.22311937036666635
2860.89	-0.3485752703666662
2862.56	-0.07163767036666628
2864.22	-0.40439793036666627
2865.89	-0.28684537036666624
2867.56	-0.6452737703666663
2869.23	-0.4420737703666662
2870.9	-0.6546250703666663
2872.57	-0.3036763703666663
2874.23	-0.44975327036666635
2875.9	-0.09240067036666638
2877.57	-0.34775627036666623
2879.24	-0.14334587036666627
2880.91	-0.4063632703666663
2882.57	-0.25545227036666635
2884.24	-0.6020002703666663
2885.91	-0.42179727036666625
2887.58	-0.7390632703666663
2889.25	-0.45378627036666613
2890.92	-0.5667662703666663
2892.58	-0.1305262703666663
2894.25	-0.27826427036666634
2895.92	-0.06474327036666634
2897.59	-0.4053612703666662
2899.26	-0.04642127036666621
2900.92	-0.15944557036666626
2902.59	0.29168572963333367
2904.26	0.5254563696333339
2905.93	1.1632282296333336
2907.6	1.0715287296333336
2909.27	1.2127907296333338
2910.93	0.5615873296333337
2912.6	0.35042062963333376
2914.27	-0.2897081703666662
2915.94	-0.3303362703666664
2917.61	-0.5218089703666662
2919.27	-0.07449157036666618
2920.94	-0.19897287036666628
2922.61	-0.010218070366666332
2924.28	-0.22359047036666632
2925.95	0.06342462963333366
2927.61	-0.10962627036666621
2929.28	0.5011736296333339
2930.95	0.5179487296333335
2932.62	0.7539527296333336
2934.29	0.4592097296333339
2935.96	0.36931572963333364
2937.62	1.7368605296333335
2939.29	5.314275729633333
2940.96	8.343261729633332
2942.63	11.883965299633333
2944.3	12.882028729633333
2945.96	11.807309729633332
2947.63	8.654343029633333
2949.3	4.522494729633333
2950.97	0.9108366296333337
2952.64	-0.5070562703666666
2954.31	-1.9473179703666663
2955.97	-1.805858270366666
2957.64	-1.683386270366666
2959.31	-0.8535735103666662
2960.98	-0.5993192703666662
2962.65	-0.010238270366666358
2964.31	0.01901272963333365
2965.98	0.3279197296333338
2967.65	0.30966872963333364
2969.32	0.5656977296333338
2970.99	0.31374372963333375
2972.66	0.6690624296333338
2974.32	0.4790837296333336
2975.99	1.0196777296333335
2977.66	3.254023929633334
2979.33	6.659683929633334
2981.0	10.159400729633333
2982.66	13.480323729633332
2984.33	13.848274729633335
2986.0	12.759306329633334
2987.67	9.214028329633333
2989.34	5.265405729633334
2991.0	2.1097657296333336
2992.67	0.5994227296333337
2994.34	-0.6797868403666663
2996.01	-0.43259447036666626
2997.68	-0.5786397703666661
2999.35	0.17895222963333363
3001.01	0.0405446296333337
3002.68	0.4518710296333337
3004.35	-0.05236127036666631
3006.02	0.061312729633333694
3007.69	-0.3416672703666661
3009.35	-0.37082697036666645
3011.02	-0.8057041703666666
3012.69	-0.8024282703666664
3014.36	-1.3454902703666662
3016.03	-1.0090838703666662
3017.7	1.2380323296333335
3019.36	6.386633139633334
3021.03	11.338867729633334
3022.7	15.800710829633335
3024.37	16.19417562963333
3026.04	13.891465429633332
3027.7	8.937339629633332
3029.37	3.7809637996333345
3031.04	0.17191672963333363
3032.71	-0.4684212703666663
3034.38	-1.0464832703666662
3036.05	-0.6066932703666664
3037.71	-0.9790732703666665
3039.38	-0.6806391703666661
3041.05	-0.9154828703666663
3042.72	-0.5479156703666662
3044.39	-0.7264420703666664
3046.05	-0.48288617036666626
3047.72	-0.7420640703666664
3049.39	-0.6057926303666663
3051.06	-0.8776211703666663
3052.73	-0.6142704703666662
3054.39	-0.9526106703666661
3056.06	-0.7981955703666663
3057.73	-0.9392272703666663
3059.4	-0.35033227036666637
3061.07	-0.3581832703666663
3062.74	0.16875602963333383
3064.4	-0.07186102036666626
3066.07	-0.0671972703666662
3067.74	-0.7015432703666664
3069.41	-0.9050194703666661
3071.08	-1.5088547703666664
3072.74	-1.1099688703666661
3074.41	-1.3058303703666665
3076.08	-0.8645785703666663
3077.75	-0.9701789703666662
3079.42	-0.5366842703666663
3081.09	-0.7597930703666662
3082.75	-0.4172175703666663
3084.42	-0.7673592503666663
3086.09	-0.5999545703666664
3087.76	-0.975149170366666
3089.43	-0.8356714703666663
3091.09	-1.2452137703666666
3092.76	-0.9395698703666664
3094.43	-1.1468257703666662
3096.1	-0.7648548703666662
3097.77	-0.9318802703666664
3099.44	-0.6034922703666663
3101.1	-0.8176952703666662
3102.77	-0.48193057036666626
3104.44	-0.7510256703666662
3106.11	-0.4444709303666663
3107.78	-0.7608588703666662
3109.44	-0.5831006703666661
3111.11	-0.9269762703666664
3112.78	-0.7297452703666661
3114.45	-1.0052622703666663
3116.12	-0.7342452703666662
3117.78	-0.9477312703666663
3119.45	-0.6496273703666663
3121.12	-0.9728862703666664
3122.79	-0.8022502703666661
3124.46	-1.2246042703666666
3126.13	-1.0630502703666662
3127.79	-1.0685862703666664
3129.46	-0.4255892703666664
3131.13	-0.2603102703666662
3132.8	0.2790247296333337
3134.47	-0.03157837036666633
3136.13	-0.026216770366666208
3137.8	-0.6063182703666664
3139.47	-0.6648304703666662
3141.14	-0.9613721703666661
3142.81	-0.6714925603666664
3144.48	-0.9456550703666664
3146.14	-0.7523275703666663
3147.81	-1.0882039703666662
3149.48	-0.8924710703666664
3151.15	-1.1812188703666664
3152.82	-0.9339867703666664
3154.48	-1.176664430366666
3156.15	-0.9007265703666663
3157.82	-1.1300838703666662
3159.49	-0.8368433703666662
3161.16	-1.1477455703666661
3162.83	-0.9482927703666663
3164.49	-1.2391607703666663
3166.16	-1.0019488703666664
3167.83	-1.2085117703666661
3169.5	-0.8266566703666663
3171.17	-1.001619890366666
3172.83	-0.6721847703666664
3174.5	-0.9452840703666663
3176.17	-0.7754573703666662
3177.84	-1.0895792703666662
3179.51	-0.8609746703666662
3181.17	-1.1315752703666664
3182.84	-0.8300151703666663
3184.51	-1.0640170703666665
3186.18	-0.7743062703666664
3187.85	-0.9880321703666664
3189.52	-0.6864600703666662
3191.18	-0.9524454703666662
3192.85	-0.7463457703666665
3194.52	-1.0599020703666662
3196.19	-0.7628812703666663
3197.86	-1.1596362703666665
3199.52	-0.6452802703666662
3201.19	-0.6163284703666662
3202.86	-0.10700497036666627
3204.53	-0.19677427036666623
3206.2	-0.034700070366666405
3207.87	-0.5678493703666665
3209.53	-0.4781653703666663
3211.2	-1.1101582703666661
3212.87	-0.8842852703666664
3214.54	-1.0330622703666663
3216.21	-0.7771594703666663
3217.87	-0.9838956703666663
3219.54	-0.7615438703666664
3221.21	-1.0117004703666663
3222.88	-0.7301811703666663
3224.55	-0.9403892703666663
3226.21	-0.7210294703666664
3227.88	-1.0090083703666664
3229.55	-0.8662113703666663
3231.22	-1.1581265703666666
3232.89	-0.9657582703666664
3234.56	-1.2631842703666663
3236.22	-1.0609683703666664
3237.89	-1.305780270366666
3239.56	-1.0401718703666663
3241.23	-1.1690632703666664
3242.9	-0.7679061703666665
3244.56	-0.8316582703666663
3246.23	-0.4795136703666663
3247.9	-0.6790360703666665
3249.57	-0.4582891703666663
3251.24	-0.7278154703666664
3252.91	-0.5682679703666663
3254.57	-0.8935722703666664
3256.24	-0.7387523703666663
3257.91	-1.077729270366666
3259.58	-0.8946803703666664
3261.25	-1.1329355703666661
3262.91	-0.8914260703666661
3264.58	-1.0913758703666663
3266.25	-0.8626475703666662
3267.92	-1.1109972703666666
3269.59	-0.9123287703666663
3271.26	-1.2004779003666664
3272.92	-1.0341302403666661
3274.59	-1.3296524703666663
3276.26	-1.1345937703666662
3277.93	-1.3647442703666663
3279.6	-1.1255012703666663
3281.26	-1.3184102703666665
3282.93	-1.0492032703666665
3284.6	-1.1710312703666663
3286.27	-0.8623531703666663
3287.94	-1.0989784703666663
3289.6	-0.9141040703666663
3291.27	-1.257604270366666
3292.94	-1.1078625703666662
3294.61	-1.3293112703666663
3296.28	-1.0223558703666664
3297.95	-1.1478452703666664
3299.61	-0.8402011703666663
3301.28	-1.0943532703666663
3302.95	-0.9355394703666666
3304.62	-1.2745262703666662
3306.29	-1.1474612703666662
3307.95	-1.4026615703666665
3309.62	-1.1501168703666664
3311.29	-1.2797349703666663
3312.96	-0.9409662003666664
3314.63	-1.111243470366666
3316.3	-0.8421029103666664
3317.96	-1.1489996703666665
3319.63	-1.026455670366666
3321.3	-1.3660882703666661
3322.97	-1.1389272703666664
3324.64	-1.2523832703666664
3326.3	-0.8920113703666663
3327.97	-1.0015769703666664
3329.64	-0.6928712703666664
3331.31	-0.9249272703666662
3332.98	-0.7540055703666664
3334.65	-1.1297964703666665
3336.31	-1.0396341703666663
3337.98	-1.3203305703666663
3339.65	-1.1915074703666664
3341.32	-1.3957745703666664
3342.99	-1.1131886503666664
3344.65	-1.2670101703666665
3346.32	-0.9581086703666666
3347.99	-1.1426242703666663
3349.66	-0.9246701703666662
3351.33	-1.0889626703666662
3352.99	-0.8568472703666664
3354.66	-1.1507904703666663
3356.33	-0.9661040703666662
3358.0	-1.3247785703666666
3359.67	-1.2114383703666665
3361.34	-1.4979294703666663
3363.0	-1.3065611703666664
3364.67	-1.4565765703666664
3366.34	-1.0727198703666663
3368.01	-1.2184564703666663
3369.68	-0.8653279703666662
3371.34	-1.0080971703666664
3373.01	-0.7901685703666663
3374.68	-1.0319339703666661
3376.35	-0.9091363703666664
3378.02	-1.2184540703666662
3379.69	-1.0837286703666664
3381.35	-1.3573690703666663
3383.02	-1.0978305703666664
3384.69	-1.2353550703666665
3386.36	-0.9438837703666664
3388.03	-1.1074312703666662
3389.69	-0.8992505503666661
3391.36	-1.1607289703666663
3393.03	-0.9128934703666663
3394.7	-1.0880543703666663
3396.37	-0.8621372703666663
3398.04	-1.0624072703666665
3399.7	-0.9614232703666664
3401.37	-1.2958982703666666
3403.04	-1.1891598703666664
3404.71	-1.5307617703666665
3406.38	-1.3160497703666665
3408.04	-1.4156532703666664
3409.71	-1.1372709703666664
3411.38	-1.1911851703666663
3413.05	-0.8417408703666662
3414.72	-0.9619142703666661
3416.38	-0.7276321703666664
3418.05	-0.9741172703666663
3419.72	-0.8028976703666665
3421.39	-1.183270670366666
3423.06	-1.0155792703666662
3424.73	-1.2561793703666662
3426.39	-1.009881270366666
3428.06	-1.1299572703666663
3429.73	-0.7630772703666665
3431.4	-0.9749402703666663
3433.07	-0.7306062703666661
3434.73	-0.4835112703666665
3436.4	0.7773710296333337
3438.07	2.2807924296333337
3439.74	3.737292029633334
3441.41	3.868738229633334
3443.08	3.548942329633333
3444.74	1.8039005296333337
3446.41	0.17248182963333375
3448.08	-1.2080918703666663
3449.75	-1.581539070366666
3451.42	-1.5783158703666662
3453.08	-1.1448126703666663
3454.75	-1.3861432703666663
3456.42	-1.1740030703666664
3458.09	-1.5244685703666663
3459.76	-1.5320212703666665
3461.43	-1.9586739703666667
3463.09	-1.8365172703666666
3464.76	-2.026597270366666
3466.43	-1.705796270366666
3468.1	-1.672603270366666
3469.77	-1.2266002703666665
3471.43	-1.2167542703666663
3473.1	-0.8158862703666664
3474.77	-1.0166322703666661
3476.44	-0.8754964703666663
3478.11	-1.2477296703666663
3479.77	-1.2341472703666665
3481.44	-1.5140335703666663
3483.11	-1.2804476703666663
3484.78	-1.4560112703666663
3486.45	-1.0648132703666662
3488.12	-1.1217412703666663
3489.78	-0.8330962703666662
3491.45	-1.1136082703666663
3493.12	-1.1751222703666664
3494.79	-1.5075623703666663
3496.46	-1.1605109703666663
3498.12	-1.1786200703666663
3499.79	-0.5790805703666664
3501.46	-0.5170039703666663
3503.13	-0.19076097036666653
3504.8	-0.49218107036666636
3506.47	-0.6037432703666663
3508.13	-1.1917792703666663
3509.8	-1.1064552703666664
3511.47	-1.5328592703666661
3513.14	-1.4042832703666668
3514.81	-1.7743052703666664
3516.47	-1.4783682703666663
3518.14	-1.696497270366666
3519.81	-1.306941270366666
3521.48	-1.6485652703666662
3523.15	-1.2482582703666665
3524.82	-1.7087202703666662
3526.48	-1.349908170366666
3528.15	-2.0004853703666656
3529.82	-1.446583870366667
3531.49	-2.6165446703666664
3533.16	1.3145357296333333
3534.82	15.764865029633333
3536.49	30.18341572963333
3538.16	42.568520729633335
3539.83	47.17101072963334
3541.5	40.378174729633336
3543.16	27.98839092963333
3544.83	13.046827429633336
3546.5	0.7233437296333334
3548.17	-0.14712507036666622
3549.84	-0.4752074703666662
3551.51	-0.5641195703666662
3553.17	-0.7633546703666663
3554.84	-0.8379496703666665
3556.51	-0.8954531703666664
3558.18	-0.9711927703666661
3559.85	-0.9430072703666663
3561.51	-1.0399352703666664
3563.18	-1.0844712703666661
3564.85	-1.1941042703666662
3566.52	-1.071895270366666
3568.19	-1.0462422703666665
3569.86	-0.7867222703666663
3571.52	-0.8317122703666664
3573.19	-0.7760433703666662
3574.86	-0.9210504703666661
3576.53	-0.9726511703666662
3578.2	-1.1731412703666664
3579.86	-1.1292002703666661
3581.53	-1.2187742703666662
3583.2	-1.1542952703666662
3584.87	-1.2736852703666661
3586.54	-1.1685072703666664
3588.2	-1.2829562703666666
3589.87	-1.2659862703666662
3591.54	-1.4404602703666662
3593.21	-1.4698712703666663
3594.88	-1.5220062703666664
3596.55	-1.3313842703666663
3598.21	-1.2999262703666665
3599.88	-0.9609792703666663
3601.55	-0.9866912703666664
3603.22	-0.9346194703666665
3604.89	-1.1178480703666662
3606.55	-1.1536694703666663
3608.22	-1.3449832703666662
3609.89	-1.2963882703666663
3611.56	-1.394537270366666
3613.23	-1.2201422703666662
3614.9	-1.3125832703666664
3616.56	-1.2379152703666663
3618.23	-1.3886432703666662
3619.9	-1.3278712703666662
3621.57	-1.5277332703666664
3623.24	-1.5047732703666663
3624.9	-1.637855270366666
3626.57	-1.4561742703666662
3628.24	-1.4216262703666662
3629.91	-1.1342922703666662
3631.58	-1.0954142703666663
3633.25	-0.8970892703666664
3634.91	-0.9882862703666664
3636.58	-0.9114042703666664
3638.25	-1.0273282703666662
3639.92	-0.9171877703666663
3641.59	-0.9460112703666661
3643.25	-0.8296923703666662
3644.92	-0.9171794703666662
3646.59	-0.8661350703666664
3648.26	-1.0328763703666664
3649.93	-0.9735148703666662
3651.59	-1.1135712703666665
3653.26	-1.0091082703666663
3654.93	-1.053803070366666
3656.6	-0.8770735703666663
3658.27	-0.8469330703666662
3659.94	-0.7257687703666662
3661.6	-0.8202077703666664
3663.27	-0.7797688703666662
3664.94	-0.9150374123666666
3666.61	-0.8672879703666663
3668.28	-0.9909214703666661
3669.94	-1.0011005703666664
3671.61	-1.0424267703666663
3673.28	-1.0947035703666663
3674.95	-1.0680396703666664
3676.62	-0.9730843703666663
3678.29	-0.6215825703666662
3679.95	-0.2271142703666663
3681.62	0.6370335296333336
3683.29	1.0609166496333338
3684.96	4.678001429633333
3686.63	11.301758129633333
3688.29	15.691281729633332
3689.96	18.496652729633336
3691.63	16.64508072963333
3693.3	11.124431729633333
3694.97	4.664802729633333
3696.64	-1.4331792703666664
3698.3	-4.7683742703666665
3699.97	-3.352814270366666
3701.64	-3.4366452703666655
3703.31	-2.8010242703666663
3704.98	-2.8629902703666663
3706.64	-2.3756732703666663
3708.31	-2.601246270366666
3709.98	-2.3328032703666666
3711.65	-2.712555270366666
3713.32	-2.562969270366666
3714.98	-2.813776270366666
3716.65	-2.6013342703666664
3718.32	-2.651924270366666
3719.99	-2.259888270366666
3721.66	-2.292762270366666
3723.33	-1.957065270366666
3724.99	-2.087688270366667
3726.66	-1.8644852703666661
3728.33	-2.0959162703666663
3730.0	-2.003153270366666
3731.67	-2.227996270366666
3733.33	-2.0894252703666663
3735.0	-2.2380652703666666
3736.67	-1.9944772703666664
3738.34	-2.109405270366666
3740.01	-1.9113932703666663
3741.68	-2.096885270366666
3743.34	-1.958857270366666
3745.01	-2.111212270366666
3746.68	-1.9456132703666664
3748.35	-2.096474270366666
3750.02	-1.9442082703666663
3751.68	-2.1605162703666663
3753.35	-2.1339772703666657
3755.02	-2.302293270366666
3756.69	-2.1255552703666662
3758.36	-2.293671270366666
3760.03	-2.1613282703666665
3761.69	-2.3997722703666664
3763.36	-2.2913812703666663
3765.03	-2.4380002703666657
3766.7	-2.195612270366666
3768.37	-2.2232482703666663
3770.03	-1.9769622703666663
3771.7	-2.116054270366666
3773.37	-1.9172582703666663
3775.04	-2.0869582703666665
3776.71	-1.9347772703666664
3778.37	-2.1842032703666665
3780.04	-2.166555270366666
3781.71	-2.575635270366666
3783.38	-2.6252342703666662
3785.05	-3.274121270366666
3786.72	-2.954344270366666
3788.38	-1.8126055703666661
3790.05	-0.38137966046666627
3791.72	0.8986126296333337
3793.39	1.7142929296333336
3795.06	1.210492009633334
3796.72	0.46272022963333354
3798.39	-0.9612890703666664
3800.06	-1.8505902703666663
3801.73	-1.8710372703666664
3803.4	-1.8620992703666661
3805.07	-2.0388962703666667
3806.73	-2.0783722703666663
3808.4	-2.283264270366666
3810.07	-2.2240722703666664
3811.74	-2.1914762703666666
3813.41	-1.9511312703666661
3815.07	-1.8036442703666666
3816.74	-1.5909842703666661
3818.41	-1.6836502703666665
3820.08	-1.6119582703666666
3821.75	-1.8532182703666664
3823.42	-1.9242212703666663
3825.08	-2.2147562703666663
3826.75	-2.3001442703666664
3828.42	-2.4575752703666667
3830.09	-2.2714672703666663
3831.76	-2.286765270366666
3833.42	-2.0053802703666657
3835.09	-2.0184732703666666
3836.76	-1.788917270366666
3838.43	-1.8366462703666664
3840.1	-1.5895132703666663
3841.76	-1.6301602703666664
3843.43	-1.5062302703666663
3845.1	-1.7767662703666662
3846.77	-1.8217742703666662
3848.44	-2.1179272703666667
3850.11	-2.028033270366666
3851.77	-2.0924132703666665
3853.44	-1.925477270366666
3855.11	-2.0029412703666667
3856.78	-2.0475862703666663
3858.45	-2.4005692703666663
3860.11	-2.4838512703666664
3861.78	-2.8773572703666668
3863.45	-2.8975582703666665
3865.12	-3.0917682703666665
3866.79	-3.0707042703666656
3868.46	-3.1454662703666667
3870.12	-3.484542270366666
3871.79	-3.337977270366666
3873.46	12.835979529633335
3875.13	30.407920729633332
3876.8	47.13956072963333
3878.46	56.188410729633326
3880.13	51.79429072963334
3881.8	37.426260729633334
3883.47	20.691962729633335
3885.14	2.2331512896333336
3886.81	-1.0176518703666662
3888.47	-0.8790892703666661
3890.14	-1.1600072703666662
3891.81	-1.1606292703666663
3893.48	-1.2413752703666663
3895.15	-1.2945552703666663
3896.81	-1.313365270366666
3898.48	-1.437507270366666
3900.15	-1.4986266703666664
3901.82	-1.6609887703666661
3903.49	-1.6619296903666665
3905.15	-1.6507857703666662
3906.82	-1.527095770366666
3908.49	-1.4148652703666662
3910.16	-1.2459352703666664
3911.83	-1.2505362703666663
3913.5	-1.2364992703666664
3915.16	-1.3816852703666664
3916.83	-1.4309762703666662
3918.5	-1.5047102703666664
3920.17	-1.4952552703666664
3921.84	-1.5885552703666659
3923.5	-1.6317332703666665
3925.17	-1.7121942703666666
3926.84	-1.6167052703666662
3928.51	-1.6156892703666663
3930.18	-1.4766544703666662
3931.85	-1.5197684703666663
3933.51	-1.5105790703666664
3935.18	-1.6543999703666663
3936.85	-1.6756503703666663
3938.52	-1.7799632703666664
3940.19	-1.652388570366666
3941.85	-1.6900856703666665
3943.52	-1.605947170366666
3945.19	-1.8367648703666664
3946.86	-1.967958670366666
3948.53	-2.2144248703666665
3950.19	-2.2726675703666657
3951.86	-2.2879012703666666
3953.53	-2.067149770366666
3955.2	-1.9704216703666664
3956.87	-1.7087986703666662
3958.54	-1.7272799803666665
3960.2	-1.6095851703666662
3961.87	-1.5932238703666664
3963.54	-1.5036512703666662
3965.21	-1.4806282703666664
3966.88	-1.4771242703666663
3968.54	-1.675110270366666
3970.21	-1.8134222703666663
3971.88	-2.069672270366666
3973.55	-2.1360662703666664
3975.22	-2.247077270366666
3976.89	-2.2282492703666668
3978.55	-2.315526270366666
3980.22	-2.3207932703666665
3981.89	-2.4470322703666665
3983.56	-2.343279270366666
3985.23	-2.237197270366666
3986.89	-1.9220120703666659
3988.56	-1.7292037703666665
3990.23	-1.4729715703666664
3991.9	-1.4544190703666666
3993.57	-1.4507267703666664
3995.24	-1.6046652703666666
3996.9	-1.7669132703666661
3998.57	-2.012366270366667
4000.24	-2.0747312703666663
4001.91	-2.163022270366666
4003.58	-2.1003482703666663
4005.24	-2.0386722703666664
4006.91	-1.9458702703666664
4008.58	-1.9443702703666663
4010.25	-1.9849872703666662
4011.92	-2.1565972703666665
4013.58	-2.2652372703666663
4015.25	-2.4187262703666663
4016.92	-2.4663132703666664
4018.59	-2.4985822703666667
4020.26	-2.4023242703666665
4021.93	-2.2961952703666664
4023.59	-2.1360822703666664
4025.26	-2.1277782703666666
4026.93	-2.207030270366666
4028.6	-2.3991502703666665
4030.27	-2.464906270366666
4031.93	-2.5624722703666665
4033.6	-2.475093270366666
4035.27	-2.384557270366666
4036.94	-2.1917863703666667
4038.61	-2.1417131703666663
4040.28	-2.0849830703666665
4041.94	-2.080086170366666
4043.61	-1.9227985703666661
4045.28	-1.8849343703666661
4046.95	-1.8028745703666662
4048.62	-1.8625794703666663
4050.28	-1.8782026703666663
4051.95	-2.030115070366666
4053.62	-2.0687499703666665
4055.29	-2.1575408703666663
4056.96	-2.1924605703666664
4058.63	-2.2456380703666667
4060.29	-2.2597952703666664
4061.96	-2.4019202703666656
4063.63	-2.4486176703666667
4065.3	-2.5818962703666664
4066.97	-2.599407270366666
4068.63	-2.789391270366666
4070.3	-2.8665962703666663
4071.97	-2.9194258703666662
4073.64	-2.730286170366667
4075.31	-2.518564070366666
4076.97	-2.1887445703666666
4078.64	-1.9941382703666661
4080.31	-1.8674232703666664
4081.98	-2.055592270366666
4083.65	-2.206528270366666
4085.32	-2.382970270366666
4086.98	-2.398510270366666
4088.65	-2.4389222703666666
4090.32	-2.4078282703666662
4091.99	-2.3729142703666666
4093.66	-2.288304270366666
4095.32	-2.224450270366666
4096.99	-2.1053282703666665
4098.66	-2.034176670366666
4100.33	-1.9739726703666662
4102.0	-1.9782645703666664
4103.67	-1.948384270366666
4105.33	-1.9618302703666661
4107.0	-1.9974602703666666
4108.67	-2.092546270366666
4110.34	-2.247676270366666
4112.01	-2.3843242703666663
4113.67	-2.4201972703666663
4115.34	-2.4569372703666668
4117.01	-2.3782682703666658
4118.68	-2.3863272703666665
4120.35	-2.445683270366666
4122.02	-2.4331232703666665
4123.68	-2.4351052703666665
4125.35	-2.4509832703666667
4127.02	-2.383313270366666
4128.69	-2.4284542703666663
4130.36	-2.474632270366666
4132.02	-2.559508070366666
4133.69	-2.652377100366666
4135.36	-2.5967912703666665
4137.03	-2.473082570366666
4138.7	-2.473265540366666
4140.36	-2.4246776703666666
4142.03	-2.456897270366666
4143.7	-2.4601112703666663
4145.37	-2.3871922703666657
4147.04	-2.374006270366666
4148.71	-2.359776270366666
4150.37	-2.2768092703666665
4152.04	-2.3095802703666664
4153.71	-2.236977470366666
4155.38	-2.1189416703666657
4157.05	-2.024891470366666
4158.71	-1.9766182703666666
4160.38	-2.037624270366666
4162.05	-2.2046312703666664
4163.72	-2.3349742703666667
4165.39	-2.430915270366666
4167.06	-2.4983132703666664
4168.72	-2.489551270366666
