0.0	0.8036274449783332
1.66816	0.7558087849783331
3.33631	0.7186571849783331
5.00447	0.6900341049783332
6.67263	0.7220440049783332
8.34078	0.7681170459783331
10.0089	0.8236905403783332
11.6771	0.8045296449783331
13.3453	0.785936264978333
15.0134	0.649617174978333
16.6816	0.5771532749783331
18.3497	0.593825844978333
20.0179	0.6787470249783331
21.686	0.6722586749783329
23.3542	0.7302172349783329
25.0223	0.5916471549783331
26.6905	0.4199110949783331
28.3587	0.37374778497833316
30.0268	1.3237821749783332
31.695	2.266078374978333
33.3631	3.3609195749783334
35.0313	3.738697574978333
36.6994	3.517317974978333
38.3676	2.627767174978333
40.0358	1.709037974978333
41.7039	0.7331622749783331
43.3721	0.8860491549783331
45.0402	0.8322553749783331
46.7084	1.1732535749783333
48.3765	1.4585234749783331
50.0447	1.7110882749783332
51.7129	1.8370135749783334
53.381	1.8610875749783333
55.0492	1.633386674978333
56.7173	1.306293474978333
58.3855	0.8248290559783331
60.0536	0.5258159749783331
61.7218	0.4081014049783331
63.39	0.0748427749783331
65.0581	-0.12753992502166683
66.7263	-0.43985402502166693
68.3944	-0.6202291650216669
70.0626	-0.667824125021667
71.7307	-0.5520890250216668
73.3989	-0.2642377750216668
75.067	0.7192885249783332
76.7352	1.7439619749783337
78.4034	2.788856674978333
80.0715	3.387594284978333
81.7397	3.352915274978333
83.4078	2.670606874978333
85.076	1.854297574978333
86.7441	0.7690485349783331
88.4123	0.3676587749783331
90.0805	0.2358164459783331
91.7486	0.42507817497833306
93.4168	0.9234856749783331
95.0849	1.499339734978333
96.7531	2.059076944978333
98.4212	2.251712374978333
100.089	1.9570009449783332
101.758	1.4837988149783332
103.426	0.8934367849783331
105.094	0.5575518749783329
106.762	0.8108939749783332
108.43	0.873801674978333
110.098	1.0217381549783333
111.766	0.9083676749783332
113.435	0.675399174978333
115.103	0.47661097497833316
116.771	0.37187937497833323
118.439	0.3474189149783331
120.107	0.48749095497833295
121.775	0.6008315749783332
123.444	0.6876419749783331
125.112	0.9936376749783328
126.78	1.390880574978333
128.448	1.681904474978333
130.116	1.828688674978333
131.784	1.711629874978333
133.453	1.538914774978333
135.121	1.2269488049783335
136.789	0.965509864978333
138.457	0.8587591749783332
140.125	0.8908847749783331
141.793	0.856779884978333
143.461	0.9517671749783331
145.13	0.9771301749783332
146.798	1.163676074978333
148.466	1.2071153749783332
150.134	1.2193172649783333
151.802	1.095906934978333
153.47	1.021423184978333
155.139	0.9054272749783333
156.807	0.938748054978333
158.475	1.2366533049783333
160.143	1.6273404749783331
161.811	1.9621928749783328
163.479	2.209906784978333
165.148	2.2627549749783333
166.816	2.489042374978333
168.484	2.5756541749783333
170.152	2.722398894978333
171.82	2.8720093549783328
173.488	2.7520031949783332
175.156	3.1176789749783334
176.825	3.3358977749783327
178.493	3.658366904978333
180.161	3.880549274978333
181.829	3.5224068749783335
183.497	2.5737071749783333
185.165	1.6445247309783333
186.834	0.5043770749783331
188.502	0.39832907497833314
190.17	0.25722667497833307
191.838	0.6718003749783332
193.506	0.9369363649783331
195.174	1.220430654978333
196.842	1.283185274978333
198.511	1.235916374978333
200.179	1.4921809749783332
201.847	3.5853976749783327
203.515	7.354507274978332
205.183	11.409208874978333
206.851	14.35971387497833
208.52	14.649591874978336
210.188	12.638567874978335
211.856	8.882388874978332
213.524	5.276864174978334
215.192	2.8304635749783333
216.86	2.421180474978333
218.529	2.2074757749783336
220.197	2.087396874978333
221.865	2.0598747749783337
223.533	2.6879118749783326
225.201	4.288425874978333
226.869	7.914224274978333
228.537	13.025058874978333
230.206	17.948946874978333
231.874	20.371201874978333
233.542	20.603971874978335
235.21	17.537711874978335
236.878	13.06015907497833
238.546	8.622640474978333
240.215	5.238343874978332
241.883	3.9841233449783324
243.551	3.9001590249783336
245.219	3.440885774978333
246.887	4.327662974978333
248.555	4.680638374978333
250.223	4.926911274978333
251.892	4.424150174978333
253.56	3.5339769749783336
255.228	2.9021008749783332
256.896	2.610533874978333
258.564	2.4722524749783323
260.232	3.010463974978333
261.901	3.312463874978333
263.569	3.647590474978333
265.237	3.855567874978333
266.905	4.118916514978333
268.573	4.402213174978334
270.241	4.508749874978333
271.91	4.342674874978333
273.578	4.103966304978334
275.246	3.6722912749783334
276.914	3.0292043749783333
278.582	2.505950174978332
280.25	2.029139484978333
281.918	1.7157819749783332
283.587	1.5315034749783332
285.255	1.4395390749783332
286.923	1.6378043749783333
288.591	1.5654994749783326
290.259	1.502865974978333
291.927	1.5036803749783334
293.596	1.387860574978333
295.264	1.796490174978333
296.932	3.3786889749783335
298.6	4.770512474978333
300.268	5.941417874978333
301.936	6.432508674978334
303.605	6.629520974978332
305.273	6.894915184978333
306.941	8.075859174978335
308.609	10.289215674978333
310.277	13.593805404978335
311.945	21.241691274978333
313.613	30.99665187497833
315.282	38.50914487497833
316.95	42.524054874978326
318.618	39.47232997497834
320.286	30.58949087497833
321.954	19.369818874978336
323.622	8.029440874978334
325.291	1.5970166749783323
326.959	0.5298388749783335
328.627	0.3002488749783332
330.295	0.6278808749783336
331.963	0.9446899549783332
333.631	1.4436628749783331
335.299	1.468802174978333
336.968	1.7579028749783334
338.636	1.7364348749783325
340.304	1.7449510749783328
341.972	3.371910174978333
343.64	5.986345474978334
345.308	9.213009874978335
346.977	11.573418874978334
348.645	12.143367874978333
350.313	10.373635874978334
351.981	7.648158474978334
353.649	4.0231771849783335
355.317	1.980382074978333
356.986	1.231918794978333
358.654	1.303607254978333
360.322	1.370239974978333
361.99	2.170291874978333
363.658	3.086535874978334
365.326	6.276369874978333
366.994	13.364016874978333
368.663	20.632424874978334
370.331	27.368714874978338
371.999	29.70843487497833
373.667	27.343817874978335
375.335	21.556307874978337
377.003	14.287575874978334
378.672	7.622049274978332
380.34	4.856117174978334
382.008	2.7717421749783333
383.676	1.8992917749783331
385.344	0.8787001749783332
387.012	0.35894217497833314
388.681	0.1668308749783332
390.349	0.2016766749783332
392.017	0.406048374978333
393.685	0.6070483749783331
395.353	0.6502247749783331
397.021	0.752564474978333
398.689	0.8804286749783332
400.358	1.1042942749783333
402.026	1.490728074978333
403.694	2.5709255749783333
405.362	4.528763774978333
407.03	6.615116874978334
408.698	8.367899874978333
410.367	8.973014874978333
412.035	8.297775874978333
413.703	6.613543874978333
415.371	4.392206194978334
417.039	2.499563274978333
418.707	1.503400274978333
420.375	0.933284174978333
422.044	0.7750044749783331
423.712	0.7368112749783332
425.38	0.743507274978333
427.048	0.8493101749783329
428.716	0.910634274978333
430.384	1.010576874978333
432.053	0.9916614749783331
433.721	0.8932757749783331
435.389	0.7408061249783331
437.057	0.632358350978333
438.725	0.42225447497833307
440.393	0.3424057049783331
442.062	0.25556387497833316
443.73	0.16330583497833312
445.398	0.1106340449783331
447.066	0.08521785497833308
448.734	0.08258457497833312
450.402	0.16526007497833312
452.07	0.22065837497833315
453.739	0.24178622497833305
455.407	0.3359292649783331
457.075	0.3268629549783332
458.743	0.35343403497833314
460.411	0.44287592797833303
462.079	0.5717607349783331
463.748	0.645906774978333
465.416	0.6137662749783331
467.084	0.4272695749783331
468.752	0.25396594497833314
470.42	0.10361997497833313
472.088	0.03634227497833311
473.756	0.06519777497833312
475.425	0.14206187497833309
477.093	0.21568117497833317
478.761	0.24454557497833312
480.429	0.26647937497833313
482.097	0.2771681749783331
483.765	0.2616904749783331
485.434	0.26474067497833315
487.102	0.2390367749783331
488.77	0.2037277749783331
490.438	0.15366477497833314
492.106	0.12386137497833313
493.774	0.14204397497833315
495.443	0.1777074749783331
497.111	0.19546007497833315
498.779	0.26175018897833313
500.447	0.30647232497833315
502.115	0.30284147497833314
503.783	0.27945227497833314
505.451	0.18848650497833308
507.12	0.14288627497833312
508.788	0.03932691497833311
510.456	-0.05081302502166689
512.124	-0.09429732502166688
513.792	-0.04858802502166689
515.46	0.053628474978333104
517.129	0.1593363749783331
518.797	0.27307257497833315
520.465	0.3936460749783332
522.133	0.4892451549783331
523.801	0.565338474978333
525.469	0.583686474978333
527.138	0.5674235749783332
528.806	0.7010494749783331
530.474	0.5295103749783332
532.142	1.3011014749783332
533.81	1.820388674978333
535.478	2.107910674978333
537.146	2.1161323749783327
538.815	1.6021396749783328
540.483	0.7773865749783331
542.151	0.3334434749783331
543.819	-0.33402317502166695
545.487	-0.08159482502166686
547.155	0.18117578497833314
548.824	0.1556859849783331
550.492	0.20499922497833314
552.16	0.18456032697833308
553.828	0.15376738497833312
555.496	0.11781787497833311
557.164	0.1181991749783331
558.832	0.14120347497833313
560.501	0.22288480497833305
562.169	0.17190999597833315
563.837	0.1528344249783331
565.505	0.061208574978333055
567.173	0.03749969497833312
568.841	-0.005977125021666851
570.51	-0.021791225021666895
572.178	0.10467987497833313
573.846	0.23667367497833308
575.514	0.30611307497833307
577.182	0.41244297497833304
578.85	0.4117881749783331
580.519	0.3688991749783331
582.187	0.300487074978333
583.855	0.10664517497833317
585.523	0.047636174978333154
587.191	0.018855074978333143
588.859	-0.04282902502166689
590.527	-0.025369625021666876
592.196	0.01271357497833312
593.864	0.03542597497833312
595.532	0.07357967497833309
597.2	0.06751997497833315
598.868	0.06655801497833315
600.536	0.09090847497833311
602.205	0.08671007497833311
603.873	0.11945427497833312
605.541	0.13278057497833312
607.209	0.22419017497833313
608.877	0.2701055749783331
610.545	0.2710672749783332
612.213	0.20985047497833312
613.882	0.1458184749783331
615.55	0.10505467497833312
617.218	0.11634483497833312
618.886	0.13203857297833316
620.554	0.17939957497833312
622.222	0.1813107749783331
623.891	0.14511007497833317
625.559	0.08999834497833312
627.227	0.05913877497833312
628.895	0.09671987497833315
630.563	0.12846223497833315
632.231	0.13435587497833318
633.9	0.11271007497833314
635.568	0.08211157497833309
637.236	0.06461647497833306
638.904	0.04812347497833307
640.572	0.030642174978333093
642.24	0.010256974978333156
643.908	-0.05548518502166686
645.577	-0.12216404502166686
647.245	-0.22905692502166689
648.913	-0.2698568250216669
650.581	-0.4873835250216668
652.249	0.41677327497833305
653.917	1.4807632949783331
655.586	2.5857463749783327
657.254	3.3816045749783337
658.922	3.311492864978333
660.59	2.5515094749783334
662.258	1.6543833749783332
663.926	0.4424335749783331
665.595	0.21345227497833313
667.263	0.3559794749783331
668.931	0.4023008749783331
670.599	0.5342138749783332
672.267	0.5058667749783332
673.935	0.4892925749783331
675.603	0.3644706749783331
677.272	0.3425037749783331
678.94	0.3429552749783331
680.608	0.4639221549783331
682.276	0.5642430149783332
683.944	0.6469455749783332
685.612	0.5928225649783331
687.281	0.5265384849783332
688.949	0.38020777497833314
690.617	0.3355285749783331
692.285	0.32528952897833313
693.953	0.39236207497833303
695.621	0.402702874978333
697.289	0.42547147497833304
698.958	0.3787132849783331
700.626	0.3393828749783331
702.294	0.24291647497833316
703.962	0.19035237497833318
705.63	0.08435987497833315
707.298	0.05864187497833313
708.967	0.022360474978333107
710.635	0.0445378749783331
712.303	0.0349879749783331
713.971	0.05088707497833311
715.639	0.03291477497833311
717.307	0.06590607497833309
718.976	0.07420647497833313
720.644	0.1538013749783331
722.312	0.1662818749783331
723.98	0.18488797497833315
725.648	0.14296117497833316
727.316	0.14677957497833316
728.984	0.12207377497833316
730.653	0.16916727497833312
732.321	0.15495777497833316
733.989	0.19319657497833312
735.657	0.1707666549783331
737.325	0.17561703497833311
738.993	0.1577744749783331
740.662	0.18672667497833312
742.33	0.15296087497833313
743.998	0.1703542749783331
745.666	0.1286921749783331
747.334	0.1503940749783331
749.002	0.1356437749783331
750.67	0.14851837497833312
752.339	0.10415787497833313
754.007	0.10606067497833313
755.675	0.06495557497833312
757.343	0.09176537497833308
759.011	0.08184987497833308
760.679	0.1250636749783331
762.348	0.1171934749783331
764.016	0.13653287497833314
765.684	0.09508694497833312
767.352	0.11033497497833311
769.02	0.08863827497833314
770.688	0.11016517497833314
772.357	0.08263347497833311
774.025	0.11271667497833318
775.693	0.09758507497833309
777.361	0.12173967497833313
779.029	0.10147577497833309
780.697	0.12163457497833312
782.365	0.08965236497833312
784.034	0.10382547497833312
785.702	0.06744117497833314
787.37	0.08480377497833315
789.038	0.058907674978333144
790.706	0.07338017497833314
792.374	0.045146374978333126
794.043	0.06130727497833316
795.711	0.04237497497833313
797.379	0.06456917497833312
799.047	0.04546387497833311
800.715	0.08928507497833311
802.383	0.09073517497833311
804.052	0.14979707497833317
805.72	0.16794657497833304
807.388	0.21529607497833317
809.056	0.21585567497833308
810.724	0.2238360749783331
812.392	0.1607042749783331
814.06	0.1632285749783331
815.729	0.11891757497833313
817.397	0.1477021749783331
819.065	0.14755477497833314
820.733	0.19161527497833314
822.401	0.1745635749783331
824.069	0.1927199749783331
825.738	0.1419255749783331
827.406	0.15381647497833312
829.074	0.10831247497833311
830.742	0.12178187497833311
832.41	0.09378697497833308
834.078	0.11273857497833314
835.746	0.08347677497833307
837.415	0.1155996749783331
839.083	0.08705987497833315
840.751	0.1357185749783331
842.419	0.12520617497833314
844.087	0.1755529749783331
845.755	0.1680901749783331
847.424	0.1972480749783331
849.092	0.16294527497833314
850.76	0.18122307497833312
852.428	0.12154807497833309
854.096	0.15797817497833305
855.764	0.13615727497833316
857.433	0.18887667497833313
859.101	0.17617847497833308
860.769	0.2263696749783331
862.437	0.2029834749783331
864.105	0.23245497497833306
865.773	0.17472907497833312
867.441	0.20039617497833312
869.11	0.14293867497833312
870.778	0.1674884749783331
872.446	0.13320817497833315
874.114	0.18139647497833308
875.782	0.17773057497833317
877.45	0.22891470497833305
879.119	0.1937376449783331
880.787	0.2648465249783331
882.455	0.21598783497833313
884.123	0.385478824978333
885.791	1.0856709449783328
887.459	1.689154574978333
889.127	2.190596874978333
890.796	2.310696874978333
892.464	1.8357427649783329
894.132	1.1978741249783331
895.8	0.459028974978333
897.468	-0.10628622502166696
899.136	-0.06149482502166692
900.805	0.04069727497833312
902.473	0.09343457497833317
904.141	0.20491407497833308
905.809	0.1999282749783331
907.477	0.23552287497833307
909.145	0.14444267497833313
910.814	0.12201377497833313
912.482	-0.01384403502166685
914.15	-0.0201120150216669
915.818	-0.07892590302166688
917.486	-0.025152025021666913
919.154	0.012494574978333117
920.822	0.1318108749783331
922.491	0.10928702497833309
924.159	0.15985827497833313
925.827	0.06916255997833312
927.495	0.08167957497833314
929.163	0.016879314978333115
930.831	0.08264890497833309
932.5	0.024751314978333126
934.168	0.0979767749783331
935.836	0.013811174978333118
937.504	0.06474697497833312
939.172	-0.03473129502166682
940.84	0.055277074978333084
942.509	0.013020374978333138
944.177	0.19419067497833314
945.845	0.14325017497833312
947.513	0.3206263949783331
949.181	0.14028027497833312
950.849	0.17579117497833313
952.517	-0.17470342502166689
954.186	-0.0761295450216669
955.854	-0.5936387250216668
957.522	1.2741491749783334
959.19	4.233190654978333
960.858	7.028600874978333
962.526	9.262301874978334
964.195	9.506748874978333
965.863	7.692150774978333
967.531	5.323095074978334
969.199	2.131905574978333
970.867	0.6545100749783331
972.535	0.719246074978333
974.203	0.5961031149783331
975.872	0.8529090949783331
977.54	1.3809726449783333
979.208	2.782382874978333
980.876	4.330375674978332
982.544	6.413108874978333
984.212	7.871068484978332
985.881	8.163160874978335
987.549	7.203833974978335
989.217	5.286875874978334
990.885	3.0483140749783324
992.553	1.556688974978333
994.221	0.4458408749783332
995.89	0.29958339497833303
997.558	0.2928509749783331
999.226	0.4172216349783331
1000.89	0.2992833749783331
1002.56	0.3155114749783331
1004.23	0.2887999749783331
1005.9	0.36206717497833313
1007.57	0.3027521749783332
1009.23	0.36446157497833315
1010.9	0.3256751449783331
1012.57	0.2805321939783332
1014.24	0.22302206497833307
1015.91	0.20681899497833314
1017.58	0.20653827497833316
1019.24	0.2710404649783331
1020.91	0.30427177497833313
1022.58	0.3445982749783331
1024.25	0.3392723129783331
1025.92	0.2924428749783331
1027.58	0.21824767497833308
1029.25	0.17611837497833313
1030.92	0.11038774497833312
1032.59	0.11188707497833313
1034.26	0.11126837497833311
1035.93	0.12706165497833308
1037.59	0.0773329249783331
1039.26	0.05982895497833309
1040.93	0.04118723497833311
1042.6	0.061847194978333096
1044.27	0.043069494978333095
1045.93	0.06680032497833313
1047.6	0.00910438497833312
1049.27	-0.03719924502166685
1050.94	-0.08593502502166687
1052.61	-0.05354047502166685
1054.28	0.036755174978333145
1055.94	0.1703437749783331
1057.61	0.24667957497833312
1059.28	0.30483761497833306
1060.95	0.29384207497833303
1062.62	0.2553591749783331
1064.28	0.23526346497833311
1065.95	0.21935842497833313
1067.62	0.2298993949783331
1069.29	0.18965100497833312
1070.96	0.2162964749783331
1072.62	0.13291727497833314
1074.29	0.31174787497833306
1075.96	0.9914554749783331
1077.63	1.5151352749783331
1079.3	2.035242164978333
1080.97	2.1434237049783333
1082.63	1.7892785349783331
1084.3	1.2639152049783329
1085.97	0.6889954749783331
1087.64	0.17801668497833312
1089.31	0.2870020379783332
1090.97	0.21180317497833312
1092.64	0.2614604749783332
1094.31	0.23091767497833313
1095.98	0.26557827497833314
1097.65	0.22222507497833313
1099.32	0.2511584249783331
1100.98	0.17194600497833307
1102.65	0.1707898649783331
1104.32	0.10070367497833313
1105.99	0.12533932497833308
1107.66	0.1087212549783331
1109.32	0.14957221497833312
1110.99	0.11884304497833309
1112.66	0.14079022497833313
1114.33	0.1144452749783331
1116.0	0.16664817497833312
1117.66	0.1704883749783331
1119.33	0.23644957497833313
1121.0	0.23830547497833304
1122.67	0.28023257497833315
1124.34	0.24106567497833317
1126.01	0.24217687497833312
1127.67	0.21151637497833314
1129.34	0.23313737497833315
1131.01	0.20237147497833313
1132.68	0.24921433497833312
1134.35	0.20765086497833313
1136.01	0.25537547497833313
1137.68	0.2158606749783331
1139.35	0.2410319749783331
1141.02	0.2133112749783331
1142.69	0.2637909749783331
1144.36	0.22988777497833307
1146.02	0.3058721749783331
1147.69	0.2903446749783331
1149.36	0.3795221749783331
1151.03	0.47841547497833314
1152.7	0.7104229849783332
1154.36	0.7522230649783331
1156.03	0.9226802749783334
1157.7	0.7391713749783332
1159.37	0.7868004849783332
1161.04	0.4695088849783332
1162.71	1.526634374978333
1164.37	4.483180074978333
1166.04	7.150416874978333
1167.71	9.285401874978332
1169.38	9.555193874978333
1171.05	7.726545874978332
1172.71	5.014186974978333
1174.38	1.9642671749783331
1176.05	-0.14020982502166693
1177.72	-0.024079725021666876
1179.39	-0.13509282502166692
1181.05	0.04424277497833314
1182.72	-0.04340422502166689
1184.39	0.0905857749783331
1186.06	0.051316474978333124
1187.73	0.14149287497833313
1189.4	0.09041737497833313
1191.06	0.15281197497833315
1192.73	0.06441209497833314
1194.4	0.0741937749783331
1196.07	-0.00823871502166686
1197.74	0.009690124978333086
1199.4	-0.04529254502166684
1201.07	-0.005688945021666908
1202.74	-0.05564687502166692
1204.41	-0.014501595021666886
1206.08	-0.028503885021666862
1207.75	0.06245927497833309
1209.41	0.08253397497833312
1211.08	0.15690044497833308
1212.75	0.17954337497833311
1214.42	0.19920877497833311
1216.09	0.15780868497833306
1217.75	0.18379901497833315
1219.42	0.14722797497833312
1221.09	0.20877219497833308
1222.76	0.2362158449783331
1224.43	0.29449116497833316
1226.1	0.30821007497833314
1227.76	0.3382172449783331
1229.43	0.2762891549783332
1231.1	0.27690049997833316
1232.77	0.2539527049783331
1234.44	0.2998651949783331
1236.1	0.27069565497833314
1237.77	0.30595537497833314
1239.44	0.21504685497833315
1241.11	0.19651883497833306
1242.78	0.1670272849783331
1244.44	0.21220625497833315
1246.11	0.23863413897833313
1247.78	0.3372766649783331
1249.45	0.27736597497833315
1251.12	0.3174633049783332
1252.79	0.1979719749783331
1254.45	0.23304095497833308
1256.12	0.1827025649783331
1257.79	0.2397528849783331
1259.46	0.19648327497833312
1261.13	1.105542494978333
1262.79	2.164221474978333
1264.46	2.889484694978333
1266.13	3.190972574978334
1267.8	2.7612760749783334
1269.47	1.7203691749783332
1271.14	0.7112141749783332
1272.8	-0.37924022502166677
1274.47	-0.6357454250216668
1276.14	-0.458715875021667
1277.81	-0.5860484250216669
1279.48	-0.5682320250216668
1281.14	-0.4839819250216669
1282.81	-0.3374892250216669
1284.48	-0.19080772502166693
1286.15	-0.0807440250216669
1287.82	0.0227777749783331
1289.49	0.07367507497833312
1291.15	0.1178026749783331
1292.82	0.1438266749783331
1294.49	0.16150617497833314
1296.16	0.1960303749783331
1297.83	0.18343547497833312
1299.49	0.1278280749783331
1301.16	0.057704674978333134
1302.83	-0.043239525021666864
1304.5	-0.11593102502166686
1306.17	-0.15240782502166686
1307.83	-0.1515205250216669
1309.5	-0.08300952502166689
1311.17	-0.002345725021666878
1312.84	0.04025457497833311
1314.51	0.0881634749783331
1316.18	0.08160387497833313
1317.84	0.11403137497833313
1319.51	0.12402562497833314
1321.18	0.20460962497833313
1322.85	0.2219138349783331
1324.52	0.28637771497833314
1326.18	0.3288217749783331
1327.85	0.4599746749783332
1329.52	0.5490936749783331
1331.19	0.6695876249783332
1332.86	0.680551374978333
1334.53	0.6915042449783331
1336.19	0.5822510749783331
1337.86	0.48528897497833307
1339.53	0.3152913449783331
1341.2	0.10795382497833313
1342.87	-0.08876456502166685
1344.53	-0.2649185920216669
1346.2	-0.42998832502166684
1347.87	-0.4910540250216669
1349.54	-0.564567925021667
1351.21	-0.5479101250216669
1352.88	-0.5726351050216669
1354.54	-0.6747890550216669
1356.21	-0.7443477250216668
1357.88	-0.720789475021667
1359.55	-0.6443920250216669
1361.22	0.4210936849783328
1362.88	1.4568369149783331
1364.55	2.5698548749783336
1366.22	3.167445874978333
1367.89	3.059436674978333
1369.56	2.303451394978333
1371.22	1.4400127749783331
1372.89	0.34493207497833317
1374.56	0.1590710749783331
1376.23	-0.034711315021666876
1377.9	-0.13007932502166686
1379.57	-0.2530157250216668
1381.23	-0.1926387250216668
1382.9	-0.23606552502166683
1384.57	-0.20309815502166684
1386.24	-0.13027122502166688
1387.91	0.2718002749783331
1389.57	0.6010269749783331
1391.24	3.484208894978333
1392.91	6.350752874978332
1394.58	8.617488874978333
1396.25	9.528189874978334
1397.92	8.147989874978332
1399.58	5.4067335749783325
1401.25	2.6227659749783334
1402.92	-0.1886361850216667
1404.59	-0.5705192250216669
1406.26	-0.1972219250216669
1407.92	-0.21349042502166687
1409.59	-0.0038156250216669465
1411.26	0.0056687149783331
1412.93	0.08432147497833312
1414.6	-0.10815602502166692
1416.27	-0.1748255250216669
1417.93	-0.3337592250216669
1419.6	-0.2866087250216669
1421.27	-0.28369022502166685
1422.94	-0.12986002502166688
1424.61	-0.011186725021666927
1426.27	0.1809649749783331
1427.94	0.18730159497833307
1429.61	0.23123757497833314
1431.28	0.10069037497833314
1432.95	0.01887127497833311
1434.61	-0.06145788502166679
1436.28	-0.06357556502166696
1437.95	-0.09656692502166694
1439.62	0.03690607497833306
1441.29	0.0028547949783330694
1442.96	0.027505394978333108
1444.62	-0.013164165021666863
1446.29	0.13285219497833314
1447.96	0.2100870749783331
1449.63	0.2943083649783331
1451.3	0.12803906497833312
1452.96	-0.0429011530216669
1454.63	-0.29810142502166687
1456.3	-0.36695502502166694
1457.97	-0.46043332502166684
1459.64	-0.25625532502166687
1461.31	-0.22327374502166686
1462.97	0.03374828497833311
1464.64	0.42313167497833304
1466.31	0.818691184978333
1467.98	1.085314174978333
1469.65	1.2053840749783329
1471.31	0.9160252649783331
1472.98	0.5983938749783331
1474.65	0.13041447497833308
1476.32	-0.17920729502166685
1477.99	-0.2059064250216669
1479.65	-0.17075398502166683
1481.32	-0.24083578502166691
1482.99	-0.1474331550216669
1484.66	-0.1651698250216669
1486.33	-0.033859625021666895
1488.0	-0.07873102502166694
1489.66	0.030219574978333198
1491.33	-0.1373035250216669
1493.0	0.05541065497833299
1494.67	-0.29146472502166676
1496.34	0.4685318349783333
1498.0	3.952864774978334
1499.67	6.920969884978334
1501.34	9.784923874978334
1503.01	10.751193874978336
1504.68	9.269070874978333
1506.35	6.586715874978333
1508.01	3.419067874978333
1509.68	0.48316907497833317
1511.35	0.621966634978333
1513.02	0.2733550749783332
1514.69	0.33215037497833316
1516.35	0.18630237497833316
1518.02	0.28936719897833313
1519.69	0.19632307497833307
1521.36	0.2631298949783331
1523.03	0.14862456497833315
1524.7	0.18316704497833314
1526.36	0.10610878497833323
1528.03	0.11362467497833313
1529.7	0.07318456497833316
1531.37	0.10121027497833315
1533.04	0.10251207497833321
1534.7	0.10403077497833309
1536.37	0.029138474978333072
1538.04	0.021775974978333112
1539.71	-0.07208328502166689
1541.38	-0.08687374502166689
1543.04	-0.07852719502166688
1544.71	-0.0574410050216669
1546.38	-0.026867445021666915
1548.05	-0.04513862502166689
1549.72	-0.11161862502166686
1551.39	-0.07549272502166689
1553.05	-0.055445315021666955
1554.72	0.007394074978333132
1556.39	0.15088012497833314
1558.06	0.20304104497833303
1559.73	0.3477258749783331
1561.39	0.12017817497833319
1563.06	0.8283748749783333
1564.73	2.950802674978333
1566.4	4.744923874978332
1568.07	6.606354874978335
1569.74	7.145502874978334
1571.4	6.244456774978332
1573.07	4.596706474978333
1574.74	2.4550380749783334
1576.41	0.7162803749783333
1578.08	0.6377409149783332
1579.74	0.1557388749783331
1581.41	0.19050087497833307
1583.08	0.032851974978333164
1584.75	0.13754297497833312
1586.42	0.0699160749783331
1588.09	0.23119827497833306
1589.75	0.152763774978333
1591.42	0.31070687497833316
1593.09	0.23470677497833314
1594.76	0.3305663749783332
1596.43	0.19642887497833317
1598.09	0.24381377497833318
1599.76	0.11473147497833307
1601.43	0.19813107497833302
1603.1	0.07558605697833308
1604.77	0.19127195497833305
1606.43	0.05237097497833317
1608.1	0.13094657497833312
1609.77	0.03184047497833313
1611.44	0.15590487497833308
1613.11	0.0794299649783331
1614.78	0.18618195497833315
1616.44	0.05948610497833312
1618.11	0.1659986749783331
1619.78	-0.0015645350216668685
1621.45	0.049703274978333045
1623.12	-0.10508232502166695
1624.78	-0.023394625021666893
1626.45	-0.1831659250216669
1628.12	-0.0024161250216669485
1629.79	-0.030815125021666813
1631.46	0.25961327497833303
1633.13	0.1648328049783331
1634.79	0.28453317497833314
1636.46	-0.03332222502166691
1638.13	0.16709587497833317
1639.8	-0.13391832502166695
1641.47	0.39149107497833324
1643.13	0.17139137497833326
1644.8	3.7278811749783336
1646.47	13.68082787497833
1648.14	22.547027874978333
1649.81	29.81762487497834
1651.48	31.431054874978333
1653.14	26.01049587497833
1654.81	17.60781387497833
1656.48	8.062406074978332
1658.15	0.9194595549783331
1659.82	0.8328258649783331
1661.48	0.7644602749783329
1663.15	4.764337874978333
1664.82	7.717119874978333
1666.49	10.979644874978332
1668.16	11.988809874978333
1669.82	10.447919004978333
1671.49	7.020839874978333
1673.16	3.609771374978334
1674.83	-0.10093592502166686
1676.5	0.21888937497833308
1678.17	0.011039634978333091
1679.83	0.2049465579783331
1681.5	0.08539397497833312
1683.17	0.22868027497833313
1684.84	0.04815107497833304
1686.51	0.18812647497833307
1688.17	0.1356361649783331
1689.84	0.25496807497833307
1691.51	0.26788587497833316
1693.18	0.3678782549783331
1694.85	0.2564565749783331
1696.52	0.2850608749783331
1698.18	0.21058847497833316
1699.85	0.3001325749783331
1701.52	0.23006607497833312
1703.19	0.23844693497833308
1704.86	0.13097405497833314
1706.52	0.13197207497833313
1708.19	0.03567287497833314
1709.86	0.17037477497833303
1711.53	0.42994181497833306
1713.2	1.4068262749783331
1714.87	2.6793951749783336
1716.53	3.6389327749783336
1718.2	4.065944234978334
1719.87	3.699388774978334
1721.54	2.639692574978333
1723.21	1.4901647749783333
1724.87	0.41661257497833315
1726.54	-0.011065875021666893
1728.21	0.08944070497833313
1729.88	0.09902235497833314
1731.55	0.1152404849783331
1733.21	0.11590187497833312
1734.88	0.11599643497833312
1736.55	0.1359292049783331
1738.22	0.08693226497833312
1739.89	0.0904402749783331
1741.56	0.09072417497833311
1743.22	0.1072319449783331
1744.89	0.11326867497833311
1746.56	0.15717903497833313
1748.23	0.1409902749783331
1749.9	0.15401593497833313
1751.56	0.12300106497833312
1753.23	0.09091005497833311
1754.9	0.07530947497833315
1756.57	0.09812418497833311
1758.24	0.09897738497833312
1759.91	0.1523747749783331
1761.57	0.13323561497833308
1763.24	0.12838435497833312
1764.91	0.08238247497833315
1766.58	0.0573987949783331
1768.25	0.015224074978333118
1769.91	0.025214074978333122
1771.58	0.010691474978333133
1773.25	0.010025874978333127
1774.92	-0.05648812502166689
1776.59	-0.04604232502166693
1778.25	-0.06716362502166688
1779.92	-0.010211825021666909
1781.59	0.029315104978333107
1783.26	0.12313605497833309
1784.93	0.13449097497833312
1786.6	0.17203741497833308
1788.26	0.11970337497833312
1789.93	0.15362467497833315
1791.6	0.13052577497833312
1793.27	0.1624125749783331
1794.94	0.1097411749783331
1796.6	0.15230107497833312
1798.27	0.0971477449783331
1799.94	0.2095066749783331
1801.61	0.3022850749783331
1803.28	1.8469457749783331
1804.95	3.357259074978333
1806.61	4.628578874978333
1808.28	5.102921374978333
1809.95	4.419736444978332
1811.62	2.857899174978333
1813.29	1.3540699749783331
1814.95	-0.21861417502166688
1816.62	-0.37723122502166684
1818.29	-0.21902362502166683
1819.96	-0.18195472502166685
1821.63	-0.10909472502166692
1823.3	-0.07936847802166691
1824.96	-0.060289525021666915
1826.63	-0.0238661250216669
1828.3	-0.013433075021666884
1829.97	-0.02443964502166689
1831.64	-0.03200773502166689
1833.3	-0.05715888502166688
1834.97	-0.04913288502166689
1836.64	-0.03681901502166686
1838.31	-0.010597376021666915
1839.98	0.0359224259783331
1841.64	0.020959744978333104
1843.31	-0.0016672450216668744
1844.98	-0.0173185250216669
1846.65	-0.02700842502166686
1848.32	0.0012938749783331204
1849.99	0.00568437497833309
1851.65	0.025198674978333092
1853.32	0.013602614978333111
1854.99	-0.030898385021666884
1856.66	-0.08394753502166688
1858.33	-0.11649250202166694
1859.99	-0.11736842502166689
1861.66	-0.0683432550216669
1863.33	-0.04950662502166684
1865.0	-0.03008972502166689
1866.67	-0.03908492502166686
1868.34	-0.06026922502166685
1870.0	-0.08127332502166688
1871.67	-0.09587892502166685
1873.34	-0.08934132502166689
1875.01	-0.05934562502166689
1876.68	-0.0509031250216669
1878.34	-0.05317682502166691
1880.01	-0.048514125021666854
1881.68	-0.04624242502166689
1883.35	-0.0363892250216669
1885.02	-0.036773525021666885
1886.69	-0.040746125021666905
1888.35	-0.05974392502166691
1890.02	-0.07385532502166689
1891.69	-0.1007417250216669
1893.36	-0.10103152502166686
1895.03	-0.08576262502166686
1896.69	-0.03342672502166686
1898.36	0.007663374978333098
1900.03	0.03560727497833309
1901.7	0.01945187497833309
1903.37	-0.009482164021666888
1905.03	-0.06089652502166685
1906.7	-0.0876025250216669
1908.37	-0.09177037502166688
1910.04	-0.06222842502166689
1911.71	-0.035575825021666924
1913.38	-0.0010818250216668656
1915.04	-0.0018112250216668568
1916.71	0.010293474978333106
1918.38	0.007660574978333073
1920.05	0.01114017497833314
1921.72	0.02324357497833312
1923.38	0.03873497497833311
1925.05	0.04738667497833312
1926.72	0.0569095749783331
1928.39	0.0500139749783331
1930.06	0.0431768749783331
1931.73	0.057486774978333134
1933.39	0.08351717497833311
1935.06	0.07908487497833314
1936.73	0.060600674978333116
1938.4	0.028455074978333134
1940.07	-0.011979625021666846
1941.73	-0.0385429250216669
1943.4	-0.050915825021666895
1945.07	-0.05508252502166694
1946.74	-0.015066925021666866
1948.41	0.030934774978333142
1950.08	0.07922397497833313
1951.74	0.1063345749783331
1953.41	0.12280367497833314
1955.08	0.09367017497833315
1956.75	0.07648433497833311
1958.42	0.052509874978333114
1960.08	0.06512648397833312
1961.75	0.10271867497833312
1963.42	0.15329257497833315
1965.09	0.17219755497833314
1966.76	0.18409387497833313
1968.42	0.17400030497833313
1970.09	0.1852650049783331
1971.76	0.20399539497833313
1973.43	0.2108810649783331
1975.1	0.21931247497833306
1976.77	0.22746677497833315
1978.43	0.2256590749783331
1980.1	0.23481427497833313
1981.77	0.2014618749783331
1983.44	0.1663458749783331
1985.11	0.14326377497833312
1986.77	0.07418684497833312
1988.44	0.028258574978333117
1990.11	0.012860274978333096
1991.78	0.005777374978333116
1993.45	0.00982627497833315
1995.12	-0.004757425021666911
1996.78	-0.03584848502166687
1998.45	-0.03528317502166687
2000.12	-0.03194752502166688
2001.79	-0.034755425021666855
2003.46	-0.04635602502166687
2005.12	-0.05114052502166687
2006.79	-0.06667682502166686
2008.46	-0.07075732502166687
2010.13	-0.03918531502166687
2011.8	-0.005820225021666891
2013.47	-0.006174425021666874
2015.13	-0.021864425021666883
2016.8	-0.08523662502166687
2018.47	-0.12663938502166686
2020.14	-0.13163042502166683
2021.81	-0.10592282502166686
2023.47	-0.033126225021666886
2025.14	0.059615354978333125
2026.81	0.08686453497833312
2028.48	0.0896308749783331
2030.15	0.05885177497833312
2031.81	0.02051899497833311
2033.48	0.005368074978333137
2035.15	0.03655427497833315
2036.82	0.09750531497833312
2038.49	0.1777056749783331
2040.16	0.22510724497833307
2041.82	0.20707537497833312
2043.49	0.15602207497833312
2045.16	0.09749657497833313
2046.83	0.03870897497833313
2048.5	0.02439317497833312
2050.16	0.012552374978333104
2051.83	0.011790774978333113
2053.5	0.008040774978333127
2055.17	-0.01346592502166689
2056.84	-0.024069325021666893
2058.51	-0.02304252502166688
2060.17	-0.025355325021666892
2061.84	-0.004328725021666907
2063.51	-0.0007517250216668991
2065.18	0.017511374978333116
2066.85	0.0441280749783331
2068.51	0.043528774978333115
2070.18	0.0530810749783331
2071.85	0.021254274978333116
2073.52	-0.019971925021666885
2075.19	-0.03080612502166689
2076.86	-0.01718112502166686
2078.52	0.012667374978333128
2080.19	0.05419917497833312
2081.86	0.05294247497833311
2083.53	0.0711273749783331
2085.2	0.06561037497833312
2086.86	0.04476627497833314
2088.53	0.04404407497833312
2090.2	0.050536674978333126
2091.87	0.0633292749783331
2093.54	0.0876311749783331
2095.2	0.08327927497833311
2096.87	0.08684497497833314
2098.54	0.0604128749783331
2100.21	0.020418974978333115
2101.88	-0.018205725021666924
2103.55	-0.0460104250216669
2105.21	-0.0562193250216669
2106.88	-0.0701801250216669
2108.55	-0.0597806250216669
2110.22	-0.02505832502166692
2111.89	0.011179274978333103
2113.55	0.07658907497833309
2115.22	0.10130547497833313
2116.89	0.0923463749783331
2118.56	0.07532857497833315
2120.23	0.02396177497833311
2121.9	-0.0017999250216668595
2123.56	-0.027140325021666904
2125.23	-0.05381952502166689
2126.9	-0.05809452502166688
2128.57	-0.07331972502166688
2130.24	-0.06637082502166687
2131.9	-0.03286052502166689
2133.57	0.01832497497833314
2135.24	0.06973777497833311
2136.91	0.0878572749783331
2138.58	0.09648897497833311
2140.24	0.10115377497833311
2141.91	0.08512917497833312
2143.58	0.08254097497833314
2145.25	0.07245807497833309
2146.92	0.04578267497833312
2148.59	0.0065287749783331074
2150.25	-0.0405650250216669
2151.92	-0.08538112502166686
2153.59	-0.0954983250216669
2155.26	-0.09809852502166688
2156.93	-0.07587642502166686
2158.59	-0.05352982502166691
2160.26	-0.04005452502166687
2161.93	-0.03879712502166689
2163.6	-0.0227601250216669
2165.27	-0.013453125021666883
2166.94	-0.0016431250216668914
2168.6	-0.01279502502166686
2170.27	-0.009342625021666879
2171.94	-0.036585125021666914
2173.61	-0.05676112502166689
2175.28	-0.07139122502166691
2176.94	-0.04316582502166687
2178.61	-0.0387967250216669
2180.28	-0.03428802502166687
2181.95	-0.05620622502166689
2183.62	-0.06486402502166688
2185.29	-0.08732772502166689
2186.95	-0.08520232502166687
2188.62	-0.07996232502166689
2190.29	-0.024895625021666874
2191.96	8.91749783331508e-05
2193.63	0.009950274978333135
2195.29	0.022273474978333117
2196.96	0.03351627497833311
2198.63	0.03383847497833313
2200.3	0.03992117497833311
2201.97	0.02971257497833312
2203.63	0.04160237497833313
2205.3	0.03233047497833313
2206.97	0.0008625749783330916
2208.64	-0.05011552502166685
2210.31	-0.09888532502166693
2211.98	-0.1398857250216669
2213.64	-0.14605442502166688
2215.31	-0.14922182502166687
2216.98	-0.10814252502166681
2218.65	-0.05783702502166688
2220.32	-0.0058178250216669395
2221.98	0.033076274978333146
2223.65	0.03248867497833308
2225.32	0.00539037497833314
2226.99	-0.014503825021666866
2228.66	-0.05734882502166686
2230.33	-0.08797272502166688
2231.99	-0.08973502502166689
2233.66	-0.11662632502166685
2235.33	-0.12486662502166687
2237.0	-0.14174782502166688
2238.67	-0.14928802502166683
2240.33	-0.12646452502166694
2242.0	-0.09839282502166694
2243.67	-0.09332332502166688
2245.34	-0.07342682502166689
2247.01	-0.07662882502166685
2248.68	-0.08133042502166692
2250.34	-0.06606502502166686
2252.01	-0.0817605250216669
2253.68	-0.0874198250216669
2255.35	-0.12537662502166685
2257.02	-0.17092382502166686
2258.68	-0.1929828250216669
2260.35	-0.17053242502166688
2262.02	-0.14095222502166688
2263.69	-0.06386872502166689
2265.36	-0.03457552502166686
2267.02	0.01941397497833312
2268.69	0.029697074978333127
2270.36	0.03578110497833311
2272.03	0.03989499147833313
2273.7	0.0541172049783331
2275.37	0.07053542497833312
2277.03	0.06999647497833314
2278.7	0.07006457497833314
2280.37	0.07854317497833309
2282.04	0.07201037497833311
2283.71	0.0554640749783331
2285.37	0.028138774978333097
2287.04	-0.03346582502166689
2288.71	-0.08471002502166688
2290.38	-0.1311382250216669
2292.05	-0.1364672250216669
2293.72	-0.10366422502166688
2295.38	-0.07439982502166688
2297.05	-0.05595662502166687
2298.72	-0.06347262502166688
2300.39	-0.06413522502166691
2302.06	-0.053156325021666916
2303.72	-0.01577142502166689
2305.39	0.01808287497833309
2307.06	0.05915647497833308
2308.73	0.06506927497833316
2310.4	0.06474387497833316
2312.07	0.04812537497833312
2313.73	0.044192874978333095
2315.4	0.04065407497833311
2317.07	0.010879074978333143
2318.74	-0.025567325021666847
2320.41	-0.035523925021666854
2322.07	-0.0299094250216669
2323.74	0.008949174978333141
2325.41	0.023480974978333118
2327.08	0.029811674978333147
2328.75	0.02492647497833315
2330.41	0.011519674978333139
2332.08	0.0006051749783331395
2333.75	0.01078917497833316
2335.42	0.025510474978333086
2337.09	0.04892027497833308
2338.76	0.038828074978333155
2340.42	0.03414327497833309
2342.09	0.016831474978333087
2343.76	0.009688174978333169
2345.43	-0.01462692502166687
2347.1	-0.02884162502166688
2348.76	-0.04051892502166687
2350.43	-0.03639982502166689
2352.1	-0.046387425021666887
2353.77	-0.03562912502166689
2355.44	-0.030702125021666887
2357.11	-0.028546165021666858
2358.77	-0.03311428502166685
2360.44	0.010050344978333098
2362.11	0.04215317497833315
2363.78	0.07725617497833309
2365.45	0.05908717497833312
2367.11	-0.002874525021666913
2368.78	-0.08585801502166687
2370.45	-0.15556532502166687
2372.12	-0.22241842502166684
2373.79	-0.19011692502166685
2375.46	-0.15969222502166686
2377.12	-0.10930122502166688
2378.79	-0.09928382502166695
2380.46	-0.08847912502166691
2382.13	-0.0833091250216669
2383.8	-0.05618162502166692
2385.46	-0.04249242502166685
2387.13	0.0015429749783330948
2388.8	0.014076174978333134
2390.47	0.020426674978333125
2392.14	-0.01576301502166687
2393.8	-0.06141474502166692
2395.47	-0.09258342502166687
2397.14	-0.0740932250216669
2398.81	-0.01772982502166693
2400.48	0.0760698749783331
2402.15	0.1312946749783331
2403.81	0.16867447497833316
2405.48	0.15358247497833316
2407.15	0.13408627497833311
2408.82	0.0832633749783331
2410.49	0.07111207497833312
2412.15	0.03902497497833311
2413.82	0.01304617497833312
2415.49	-0.05609772502166691
2417.16	-0.08528102502166687
2418.83	-0.1115496250216669
2420.5	-0.09727112502166688
2422.16	-0.08328842502166688
2423.83	-0.062258725021666884
2425.5	-0.059108125021666916
2427.17	-0.05475812502166688
2428.84	-0.07837332502166684
2430.5	-0.05473462502166684
2432.17	-0.05594852502166688
2433.84	-0.04103142502166686
2435.51	-0.04528742502166689
2437.18	-0.05542342502166688
2438.85	-0.09251432502166686
2440.51	-0.10470652502166691
2442.18	-0.13626302502166684
2443.85	-0.0848980250216669
2445.52	-0.07016782502166688
2447.19	-0.032771525021666886
2448.85	-0.04080452502166686
2450.52	-0.03364212502166685
2452.19	-0.052605425021666916
2453.86	-0.03794002502166689
2455.53	-0.05114102502166688
2457.19	-0.0452159250216669
2458.86	-0.06115702502166688
2460.53	-0.06416812502166688
2462.2	-0.09260499502166691
2463.87	-0.05382507502166687
2465.54	-0.016438325021666873
2467.2	0.015224674978333136
2468.87	0.00793797497833314
2470.54	-0.02969150502166685
2472.21	-0.08886472502166687
2473.88	-0.11182342502166691
2475.54	-0.1405520250216669
2477.21	-0.09719562502166687
2478.88	-0.039099425021666884
2480.55	-0.0033362250216668553
2482.22	0.019457374978333126
2483.89	0.04282507497833313
2485.55	0.0213471749783331
2487.22	0.04840147497833313
2488.89	0.042572574978333125
2490.56	0.07148077497833312
2492.23	0.09988137497833313
2493.89	0.12222747497833311
2495.56	0.11333707497833308
2497.23	0.11332227497833314
2498.9	0.056388174978333094
2500.57	0.0471258749783331
2502.23	0.011451474978333131
2503.9	0.013027274978333125
2505.57	-0.022101925021666868
2507.24	-0.04648882502166688
2508.91	-0.07496682502166689
2510.58	-0.09674062502166689
2512.24	-0.1172779250216669
2513.91	-0.09472482502166686
2515.58	-0.1164240250216669
2517.25	-0.1283003250216669
2518.92	-0.1842980250216669
2520.58	-0.23580052502166687
2522.25	-0.22364391502166686
2523.92	-0.1992097250216669
2525.59	-0.17311932502166688
2527.26	-0.12529292502166686
2528.93	-0.13896122502166683
2530.59	-0.14511312502166693
2532.26	-0.14355192502166686
2533.93	-0.1458772250216669
2535.6	-0.11587572502166688
2537.27	-0.09704012502166685
2538.93	-0.11916202502166687
2540.6	-0.14269072502166685
2542.27	-0.18074432502166685
2543.94	-0.18609352502166693
2545.61	-0.19397062502166693
2547.28	-0.1877130250216669
2548.94	-0.19346342502166688
2550.61	-0.18615902502166684
2552.28	-0.1636047250216669
2553.95	-0.13990360502166688
2555.62	-0.12058642502166687
2557.28	-0.054392305021666906
2558.95	-0.06873382502166688
2560.62	-0.06944392502166688
2562.29	-0.0970522250216669
2563.96	-0.1092516250216669
2565.62	-0.1314998250216669
2567.29	-0.1356767250216669
2568.96	-0.15223262502166687
2570.63	-0.14174192502166685
2572.3	-0.1841492250216669
2573.97	-0.1729461250216669
2575.63	-0.17071492502166685
2577.3	-0.11766262502166687
2578.97	-0.0883251250216669
2580.64	-0.05864742502166689
2582.31	-0.05499752502166688
2583.97	-0.0498994250216669
2585.64	-0.0673677950216669
2587.31	-0.0409839250216669
2588.98	-0.045272225021666855
2590.65	-0.043678225021666905
2592.32	-0.11453082502166687
2593.98	-0.18040312502166686
2595.65	-0.26034262502166683
2597.32	-0.2526684750216669
2598.99	-0.2259983250216669
2600.66	-0.1295956250216669
2602.32	-0.10369592502166687
2603.99	-0.06102652502166691
2605.66	-0.0835239250216669
2607.33	-0.11807962502166687
2609.0	-0.19444312502166688
2610.67	-0.21822862502166687
2612.33	-0.2724802250216669
2614.0	-0.2626958250216669
2615.67	-0.2657753250216669
2617.34	-0.23097082502166683
2619.01	-0.19005252502166686
2620.67	-0.12665282502166686
2622.34	-0.07687522502166691
2624.01	0.003598774978333094
2625.68	0.0405949749783331
2627.35	0.052095574978333135
2629.01	-0.005788925021666863
2630.68	-0.06396962502166688
2632.35	-0.1607227250216669
2634.02	-0.18432502502166687
2635.69	-0.2007964250216669
2637.36	-0.14523832502166684
2639.02	-0.13790002502166687
2640.69	-0.09966562502166693
2642.36	-0.16438122502166685
2644.03	-0.17948712502166692
2645.7	-0.23825652502166692
2647.36	-0.2947784250216668
2649.03	-0.3297177250216668
2650.7	-0.28666632502166695
2652.37	-0.24681722502166686
2654.04	-0.14760082502166688
2655.71	-0.12695112502166692
2657.37	-0.11156195502166688
2659.04	-0.04575102502166688
2660.71	0.0016926749783331085
2662.38	0.09886207497833313
2664.05	0.1954377749783331
2665.71	0.20000047497833306
2667.38	0.1878990349783331
2669.05	0.0833673749783331
2670.72	-0.02894862502166689
2672.39	-0.08948422502166689
2674.06	-0.0959831250216669
2675.72	-0.0907399250216669
2677.39	-0.035596925021666906
2679.06	-0.048219325021666856
2680.73	-0.0008336650216668906
2682.4	-0.01244996502166688
2684.06	-0.014895255021666881
2685.73	-0.032824425021666874
2687.4	-0.01435895502166687
2689.07	0.0007970749783331177
2690.74	0.06843811497833312
2692.4	0.09415691097833309
2694.07	0.12909939497833314
2695.74	0.1450697449783331
2697.41	0.14526021497833314
2699.08	0.1019343249783331
2700.75	0.06622724497833316
2702.41	-0.002891725021666908
2704.08	-0.07184352502166688
2705.75	-0.15657125502166688
2707.42	-0.2130056250216669
2709.09	-0.25400592502166686
2710.75	-0.24312282502166688
2712.42	-0.2599264250216669
2714.09	-0.22651422502166688
2715.76	-0.17764292502166684
2717.43	-0.11513002502166683
2719.1	-0.05820372502166689
2720.76	0.024663774978333098
2722.43	0.054339174978333106
2724.1	0.10270197497833311
2725.77	0.09527417497833313
2727.44	0.1266789749783331
2729.1	0.14481897497833313
2730.77	0.1315156749783331
2732.44	0.07883987497833314
2734.11	0.017320674978333138
2735.78	-0.052982725021666864
2737.45	-0.07586882502166686
2739.11	-0.11632032502166693
2740.78	-0.0819153250216669
2742.45	-0.0950456250216669
2744.12	-0.1165381250216669
2745.79	-0.17705752502166686
2747.45	-0.23576912502166691
2749.12	-0.27828992502166694
2750.79	-0.2687556250216669
2752.46	-0.30123962502166685
2754.13	-0.2472930250216669
2755.79	-0.23776133502166688
2757.46	-0.1708136250216669
2759.13	-0.11233042502166693
2760.8	-0.011804825021666836
2762.47	0.03954678497833315
2764.14	0.10051317497833309
2765.8	0.0821120749783331
2767.47	0.07438387497833307
2769.14	-0.006998025021666876
2770.81	-0.04127312502166689
2772.48	-0.1296364250216669
2774.14	-0.15587362502166688
2775.81	-0.2258673250216669
2777.48	-0.2551418250216668
2779.15	-0.3000529250216669
2780.82	-0.2837506250216668
2782.49	-0.31156812502166686
2784.15	-0.2784671250216669
2785.82	-0.20405292502166686
2787.49	-0.11983402502166689
2789.16	-0.09697332502166692
2790.83	-0.06302502502166689
2792.49	-0.1038546250216669
2794.16	-0.1170531250216669
2795.83	-0.17110072502166687
2797.5	-0.20293122502166688
2799.17	-0.18961942502166687
2800.84	-0.1402962250216669
2802.5	-0.14261932502166688
2804.17	-0.07262132502166688
2805.84	-0.028691325021666863
2807.51	0.04107597497833312
2809.18	0.0563548749783331
2810.84	0.11545497497833312
2812.51	0.07452727497833313
2814.18	0.10620257497833312
2815.85	0.07488407497833309
2817.52	0.07542487497833311
2819.18	0.0394455749783331
2820.85	0.01065957497833312
2822.52	-0.09162402502166686
2824.19	-0.14011012502166692
2825.86	-0.27218662502166685
2827.53	-0.31205953802166686
2829.19	-0.34323202502166683
2830.86	-0.28927050502166685
2832.53	-0.26036272502166696
2834.2	-0.17120352502166689
2835.87	-0.13937982502166693
2837.53	-0.05427252502166685
2839.2	-0.006721425021666861
2840.87	0.04745097497833313
2842.54	0.01697807497833311
2844.21	0.007703774978333111
2845.88	-0.08017262502166686
2847.54	-0.14115182502166693
2849.21	-0.21164902502166688
2850.88	-0.19245092502166683
2852.55	-0.13990572502166687
2854.22	-0.030202225021666897
2855.88	-0.013263825021666903
2857.55	0.01572137497833318
2859.22	-0.03553062502166684
2860.89	-0.07284942502166684
2862.56	-0.18092282502166693
2864.22	-0.22025092502166682
2865.89	-0.28615282502166683
2867.56	-0.27012552502166687
2869.23	-0.2740790250216669
2870.9	-0.1860219250216669
2872.57	-0.13257852502166684
2874.23	-0.02077392502166688
2875.9	0.009678774978333138
2877.57	0.06960677497833313
2879.24	0.05303267497833314
2880.91	0.023812534978333143
2882.57	-0.03607522502166686
2884.24	-0.045964025021666854
2885.91	-0.07518222502166688
2887.58	-0.09590462502166684
2889.25	-0.13938752502166682
2890.92	-0.1306492250216669
2892.58	-0.17239412502166687
2894.25	-0.20572242502166685
2895.92	-0.24432722502166687
2897.59	-0.2420922250216669
2899.26	-0.2594063250216669
2900.92	-0.2463002250216669
2902.59	-0.27077482502166694
2904.26	-0.2129554250216669
2905.93	-0.24828980502166687
2907.6	-0.2136506250216669
2909.27	-0.23512278502166692
2910.93	-0.16392252502166688
2912.6	-0.16857372502166693
2914.27	-0.12447012502166688
2915.94	-0.1665463250216669
2917.61	-0.15586842502166692
2919.27	-0.18386202502166688
2920.94	-0.09374212502166693
2922.61	-0.04881472502166686
2924.28	0.06598597497833314
2925.95	0.07798477497833307
2927.61	0.10263227497833312
2929.28	0.061019374978333055
2930.95	0.009799174978333148
2932.62	-0.0977765250216669
2934.29	-0.17405552502166685
2935.96	-0.2476349250216669
2937.62	-0.2085225250216669
2939.29	-0.17546538502166692
2940.96	-0.04198052502166695
2942.63	0.04881977497833316
2944.3	0.17817647497833314
2945.96	0.18637327497833306
2947.63	0.2216688749783331
2949.3	0.17937997497833316
2950.97	0.1858006749783331
2952.64	0.07445577497833314
2954.31	0.025101574978333114
2955.97	-0.023255825021666888
2957.64	-0.011158695021666864
2959.31	0.05541587497833311
2960.98	0.1897330949783331
2962.65	0.21120707497833316
2964.31	0.27072447497833313
2965.98	0.20350506497833307
2967.65	0.0963877749783331
2969.32	0.041983774978333076
2970.99	-0.07122442502166688
2972.66	-0.07583602502166688
2974.32	-0.027727625021666848
2975.99	0.018614274978333047
2977.66	0.1691052049783331
2979.33	0.32324496497833305
2981.0	0.4003251749783331
2982.66	0.3533831749783332
2984.33	0.13510867497833307
2986.0	-0.005993125021666846
2987.67	-0.13738822502166692
2989.34	-0.09623532502166691
2991.0	-0.0693986150216668
2992.67	0.1120613749783331
2994.34	0.36636317497833304
2996.01	0.5698481749783332
2997.68	0.6100514049783332
2999.35	0.6983997749783332
3001.01	0.5018808449783331
3002.68	0.27433371497833314
3004.35	0.06107917497833302
3006.02	0.12950917497833306
3007.69	0.0729368749783331
3009.35	0.9735048749783332
3011.02	2.289075874978333
3012.69	3.685911974978333
3014.36	5.126115674978333
3016.03	5.427856004978333
3017.7	4.929860874978333
3019.36	3.8333372749783328
3021.03	2.183975574978333
3022.7	0.9647911749783333
3024.37	0.6341124749783329
3026.04	0.009326674978333217
3027.7	0.06350902497833322
3029.37	-0.2940146750216669
3031.04	-0.34480848502166694
3032.71	-0.519186025021667
3034.38	-0.32252132502166686
3036.05	-0.351018725021667
3037.71	0.037174174978333065
3039.38	-0.041397525021666895
3041.05	0.30619807497833307
3042.72	0.25585187497833306
3044.39	0.32962487497833304
3046.05	0.14809767497833315
3047.72	0.15999916497833305
3049.39	-0.011378095021666767
3051.06	0.17807217497833322
3052.73	0.0009636149783331383
3054.39	0.055662164978333116
3056.06	-0.1619047250216668
3057.73	-0.2163081450216668
3059.4	-0.36540359502166686
3061.07	-0.1323659250216669
3062.74	0.029807174978333083
3064.4	0.465225774978333
3066.07	0.5645880749783331
3067.74	0.730258574978333
3069.41	0.679387074978333
3071.08	0.814598694978333
3072.74	0.8269175749783331
3074.41	0.9073027749783332
3076.08	0.7342778749783333
3077.75	0.5999580749783331
3079.42	0.2713859749783331
3081.09	0.12496437497833304
3082.75	-0.060415025021666846
3084.42	0.07186697497833314
3086.09	0.19124887497833315
3087.76	0.35054917497833316
3089.43	0.3888545149783332
3091.09	0.5598544749783332
3092.76	0.5558461749783331
3094.43	0.6822487749783333
3096.1	0.6034518079783332
3097.77	0.7035407749783331
3099.44	0.527209874978333
3101.1	0.4388020749783331
3102.77	0.13595037497833315
3104.44	0.3316407749783331
3106.11	0.25018877497833314
3107.78	0.504033204978333
3109.44	0.41209657497833313
3111.11	0.7336037149783332
3112.78	0.5467962749783332
3114.45	0.9279476749783331
3116.12	0.8859347749783332
3117.78	1.424090474978333
3119.45	1.4482618749783334
3121.12	2.109477874978333
3122.79	4.154964874978334
3124.46	15.479196874978332
3126.13	28.385914874978333
3127.79	39.38181487497833
3129.46	44.96855487497834
3131.13	41.04024387497833
3132.8	30.361432874978334
3134.47	17.768546874978334
3136.13	5.367923874978333
3137.8	1.5285370749783334
3139.47	1.1415858749783332
3141.14	0.29554757497833306
3142.81	0.5468129749783331
3144.48	0.3816547749783331
3146.14	0.34713957497833314
3147.81	0.12307287497833319
3149.48	-0.36637802502166694
3151.15	-0.561462125021667
3152.82	-0.5754182250216668
3154.48	-0.5029010250216668
3156.15	-0.038741525021666987
3157.82	0.464409174978333
3159.49	0.8318770049783332
3161.16	1.1502814749783332
3162.83	1.097600673978333
3164.49	1.0346180749783331
3166.16	0.8591036049783334
3167.83	0.6164542349783332
3169.5	0.4554952749783331
3171.17	0.5352625749783331
3172.83	0.532410074978333
3174.5	0.662466774978333
3176.17	0.661871174978333
3177.84	0.873688974978333
3179.51	0.7492993749783331
3181.17	1.014218034978333
3182.84	0.9668213749783332
3184.51	1.387526774978333
3186.18	1.3766454749783328
3187.85	2.0497069749783328
3189.52	3.5166665749783332
3191.18	13.473851874978331
3192.85	31.070984874978336
3194.52	49.64885487497834
3196.19	62.273184874978334
3197.86	64.20550487497833
3199.52	53.661824874978336
3201.19	36.52940487497833
3202.86	17.649886874978332
3204.53	5.674741674978334
3206.2	2.095004874978333
3207.87	1.5105412749783331
3209.53	0.530787174978333
3211.2	0.23829057497833322
3212.87	3.515444874978333
3214.54	5.984492874978333
3216.21	9.046285974978334
3217.87	9.880322874978331
3219.54	16.348944874978333
3221.21	28.026038874978333
3222.88	51.229804874978335
3224.55	77.70699487497834
3226.21	97.57263487497832
3227.88	101.92496487497833
3229.55	88.71424487497833
3231.22	60.994554874978334
3232.89	34.78661487497833
3234.56	13.632418874978333
3236.22	3.7148926649783327
3237.89	2.575552274978333
3239.56	1.6033872749783327
3241.23	1.5030399749783334
3242.9	0.8784237749783331
3244.56	0.614650474978333
3246.23	0.4129922749783332
3247.9	0.5139062349783333
3249.57	0.2830218749783332
3251.24	0.435998674978333
3252.91	0.4473601749783331
3254.57	0.7032736749783333
3256.24	0.9557047749783332
3257.91	1.0543339749783331
3259.58	0.9407405049783328
3261.25	0.863863674978333
3262.91	0.406964164978333
3264.58	0.13302127497833305
3266.25	-0.18000352502166672
3267.92	-0.35100772502166677
3269.59	-0.44906912502166685
3271.26	-0.33546042502166684
3272.92	-0.09833222502166687
3274.59	0.4265564749783331
3276.26	0.8383864849783332
3277.93	1.097429374978333
3279.6	1.0827461749783331
3281.26	0.868450774978333
3282.93	0.47105334297833323
3284.6	0.10102979497833306
3286.27	-0.20880742502166688
3287.94	-0.4293533250216669
3289.6	-0.5746237250216669
3291.27	-0.5980452250216668
3292.94	-0.5069745250216668
3294.61	-0.3988969250216669
3296.28	-0.24162032502166692
3297.95	-0.11525462502166688
3299.61	-0.06257087502166687
3301.28	-0.06896349502166689
3302.95	-0.13582192502166693
3304.62	-0.2822035250216669
3306.29	-0.377096605021667
3307.95	-0.38088402502166685
3309.62	-0.3852671350216669
3311.29	-0.2080769250216669
3312.96	-0.10793772502166692
3314.63	-0.009327065021666903
3316.3	0.0322128749783331
3317.96	0.039045234978333135
3319.63	0.00898127497833313
3321.3	0.07252597497833307
3322.97	0.08286605497833317
3324.64	0.06430627497833312
3326.3	-0.0552427250216669
3327.97	-0.19241382502166687
3329.64	-0.32644502502166695
3331.31	-0.32641512502166686
3332.98	-0.295694975021667
3334.65	-0.2648527250216668
3336.31	-0.23664502502166682
3337.98	-0.2612060250216669
3339.65	-0.4316988250216669
3341.32	-0.5925634250216667
3342.99	-0.745469125021667
3344.65	-0.7252800750216669
3346.32	-0.592761255021667
3347.99	-0.3791119250216669
3349.66	-0.22117932502166687
3351.33	-0.08045242502166683
3352.99	-0.09766335502166687
3354.66	-0.10689248502166689
3356.33	-0.1907498250216669
3358.0	-0.23441618502166692
3359.67	-0.329425725021667
3361.34	-0.40350102502166696
3363.0	-0.5240745450216668
3364.67	-0.5654818250216669
3366.34	-0.5964837250216668
3368.01	-0.5197080250216668
3369.68	-0.41508932502166695
3371.34	-0.27905126502166694
3373.01	-0.16789262502166694
3374.68	-0.031043525021666907
3376.35	-0.012113575021666911
3378.02	0.01328478497833302
3379.69	-0.13315492502166687
3381.35	-0.2192090250216669
3383.02	-0.29122462502166685
3384.69	-0.24697752502166687
3386.36	-0.19071632502166694
3388.03	-0.0593106250216668
3389.69	-0.14326602502166685
3391.36	-0.1438597250216669
3393.03	-0.29210202502166693
3394.7	-0.33684472502166696
3396.37	-0.3779027250216669
3398.04	-0.378336625021667
3399.7	-0.4542855250216668
3401.37	-0.39126892502166694
3403.04	-0.3007369250216669
3404.71	0.007549474978333104
3406.38	0.10784587497833309
3408.04	0.2706197749783331
3409.71	0.1783735749783332
3411.38	-0.02807152502166683
3413.05	-0.23471932502166687
3414.72	-0.2992811250216669
3416.38	-0.3317452250216669
3418.05	-0.13783461502166686
3419.72	-0.19444861502166694
3421.39	-0.12981139502166691
3423.06	-0.04512492502166695
3424.73	0.04681327497833311
3426.39	0.09583657497833308
3428.06	0.11915597497833316
3429.73	-0.010321775021666845
3431.4	-0.10448842502166686
3433.07	-0.33255442502166693
3434.73	-0.46180285502166696
3436.4	-0.6220501950216669
3438.07	-0.6320168850216669
3439.74	-0.6270245250216668
3441.41	-0.5357425250216669
3443.08	-0.5079976250216669
3444.74	-0.3015537250216669
3446.41	-0.26087432502166685
3448.08	-0.09946042502166691
3449.75	-0.10482173802166687
3451.42	-0.04943742502166685
3453.08	-0.10940511502166686
3454.75	-0.12140842502166693
3456.42	-0.30858982502166676
3458.09	-0.34518962502166695
3459.76	-0.44609829502166704
3461.43	-0.4218410250216669
3463.09	-0.4688962250216669
3464.76	-0.4183717450216669
3466.43	-0.42007978202166685
3468.1	-0.2980514250216669
3469.77	-0.2748484550216669
3471.43	-0.14392952502166687
3473.1	-0.14556722502166689
3474.77	-0.13861202502166686
3476.44	-0.28669102502166693
3478.11	-0.33324042502166684
3479.77	-0.45758464502166685
3481.44	-0.4609329760216669
3483.11	-0.580660925021667
3484.78	-0.598761225021667
3486.45	-0.688868925021667
3488.12	-0.5523156250216669
3489.78	-0.4644880250216669
3491.45	-0.21320382502166688
3493.12	-0.15241123502166692
3494.79	-0.13510997502166688
3496.46	-0.3196374250216668
3498.12	-0.39113582502166694
3499.79	-0.5043479250216669
3501.46	-0.43440322502166673
3503.13	-0.42921662502166696
3504.8	-0.3191155250216669
3506.47	-0.400057825021667
3508.13	-0.3972960260216668
3509.8	-0.5042807250216669
3511.47	-0.46176502502166683
3513.14	-0.5073045950216668
3514.81	-0.4286825550216669
3516.47	-0.48679953502166695
3518.14	-0.378874025021667
3519.81	-0.504525635021667
3521.48	-0.4859727650216669
3523.15	-0.5949766250216668
3524.82	-0.5750988750216669
3526.48	-0.730840655021667
3528.15	-0.6854804650216669
3529.82	-0.7986244250216668
3531.49	-0.6805588250216669
3533.16	-0.6952454250216669
3534.82	-0.5696931250216668
3536.49	-0.5172775750216668
3538.16	-0.409396125021667
3539.83	-0.5137077250216668
3541.5	-0.5025631050216669
3543.16	-0.6840427350216668
3544.83	-0.7150154250216667
3546.5	-0.8040478250216669
3548.17	-0.7032932250216669
3549.84	-0.6139559250216668
3551.51	-0.33105022502166687
3553.17	-0.22616225502166687
3554.84	-0.05646312502166691
3556.51	-0.12093272502166694
3558.18	-0.1488196250216669
3559.85	-0.36661842502166686
3561.51	-0.42190532502166694
3563.18	-0.5766184250216669
3564.85	-0.4401106250216669
3566.52	-0.41655462502166696
3568.19	-0.26557472502166685
3569.86	-0.32892872502166687
3571.52	-0.318293725021667
3573.19	-0.5091222250216669
3574.86	-0.5237550250216667
3576.53	-0.694325685021667
3578.2	-0.6796725250216669
3579.86	-0.7327627450216669
3581.53	-0.6511223350216667
3583.2	-0.6827422150216669
3584.87	-0.5000064250216669
3586.54	-0.5374161250216668
3588.2	-0.3760474250216669
3589.87	-0.4788318250216669
3591.54	-0.518278925021667
3593.21	-0.6251883250216668
3594.88	-0.5830508250216668
3596.55	-0.696914325021667
3598.21	-0.579707825021667
3599.88	-0.663846125021667
3601.55	-0.528115825021667
3603.22	-0.5132312850216669
3604.89	-0.3015323250216669
3606.55	-0.2687081250216669
3608.22	-0.06886762502166686
3609.89	-0.16746462502166687
3611.56	-0.1654482250216669
3613.23	-0.32251682502166684
3614.9	-0.3599192250216669
3616.56	-0.565919725021667
3618.23	-0.5197812250216669
3619.9	-0.6460725250216668
3621.57	-0.5559860050216668
3623.24	-0.5786232550216669
3624.9	-0.4077078250216669
3626.57	-0.32697172502166694
3628.24	-0.12468422502166696
3629.91	-0.14673602502166688
3631.58	0.003611545978333125
3633.25	-0.11467267502166685
3634.91	-0.04646112502166687
3636.58	-0.1462126850216669
3638.25	-0.02335632502166689
3639.92	-0.011250425021666904
3641.59	0.12843564497833318
3643.25	-0.01854195502166685
3644.92	-0.05359482502166688
3646.59	-0.3885546250216669
3648.26	-0.48051292502166687
3649.93	-0.6856808250216668
3651.59	-0.5765169250216668
3653.26	-0.5691677250216668
3654.93	-0.3554925250216669
3656.6	-0.4223812250216669
3658.27	-0.3592317250216669
3659.94	-0.522755825021667
3661.6	-0.5029554250216669
3663.27	-0.6609416250216669
3664.94	-0.571998625021667
3666.61	-0.677736325021667
3668.28	-0.5778111250216669
3669.94	-0.7575064250216668
3671.61	-0.7260167450216669
3673.28	-0.9304320250216669
3674.95	-0.9104811250216667
3676.62	-1.1211398250216669
3678.29	-1.035019925021667
3679.95	-1.1146087650216667
3681.62	-0.9269053250216668
3683.29	-0.9469541250216669
3684.96	-0.6752522250216669
3686.63	-0.6276199250216667
3688.29	-0.35506453402166693
3689.96	-0.3884922250216668
3691.63	-0.22122719502166693
3693.3	-0.2941287250216669
3694.97	-0.16184762502166694
3696.64	-0.28739452502166696
3698.3	-0.13957852502166693
3699.97	-0.2656975250216668
3701.64	-0.2606722250216669
3703.31	-0.5482467150216669
3704.98	-0.6195606980216669
3706.64	-0.8260841250216668
3708.31	-0.6546092250216669
3709.98	-0.6973703250216667
3711.65	-0.41332689502166675
3713.32	-0.40992592502166686
3714.98	-0.23534909502166693
3716.65	-0.32070512502166687
3718.32	-0.17143970802166683
3719.99	-0.3216186650216668
3721.66	-0.22994742502166682
3723.33	-0.48466792502166695
3724.99	-0.44701512502166685
3726.66	-0.6294273250216669
3728.33	-0.44292262502166685
3730.0	-0.4099548950216668
3731.67	-0.11686912502166687
3733.33	-0.16362892502166687
3735.0	-0.053865785021666925
3736.67	-0.358045525021667
3738.34	-0.3700751250216669
3740.01	-0.7295740250216667
3741.68	-0.7060960250216669
3743.34	-0.840176525021667
3745.01	-0.6178352750216669
3746.68	-0.5589261750216669
3748.35	-0.23060912552166696
3750.02	-0.33829391902166683
3751.68	-0.1330794350216668
3753.35	-0.4007658250216669
3755.02	-0.32856572502166687
3756.69	-0.5053442150216669
3758.36	-0.38173482502166683
3760.03	-0.468944025021667
3761.69	-0.20748692502166674
3763.36	-0.3339276250216668
3765.03	-0.06493812502166672
3766.7	-0.10343292502166697
3768.37	-0.03301847502166692
3770.03	0.02020587497833335
3771.7	0.8902708749783329
3773.37	1.127804874978333
3775.04	1.7679628749783336
3776.71	1.499777425978333
3778.37	1.272679874978333
3780.04	0.4929502749783331
3781.71	0.022365274978333093
3783.38	-0.6987786250216669
3785.05	-0.29246442502166686
3786.72	-0.5835239250216667
3788.38	0.020213474978333153
3790.05	-0.1430129250216668
3791.72	0.7015858739783332
3793.39	0.5408434749783332
3795.06	2.2169062749783337
3796.72	6.975838644978332
3798.39	10.777488874978332
3800.06	13.419030874978333
3801.73	13.781992874978334
3803.4	10.257460874978332
3805.07	6.113111874978332
3806.73	1.475775074978333
3808.4	-1.7416074250216667
3810.07	-1.2420992250216671
3811.74	-0.9098973250216668
3813.41	3.3002053749783338
3815.07	7.261997174978333
3816.74	10.871328874978335
3818.41	12.709494874978335
3820.08	11.045988474978333
3821.75	7.720481874978333
3823.42	3.6742218749783326
3825.08	-0.21269786502166688
3826.75	-0.5099534150216669
3828.42	-0.42977011502166695
3830.09	-0.8316820250216667
3831.76	-0.8210560250216667
3833.42	-1.1649286250216668
3835.09	-0.9168614250216667
3836.76	-0.9313049250216666
3838.43	0.5679788749783331
3840.1	0.8939181749783334
3841.76	1.3876638749783328
3843.43	0.956217874978333
3845.1	0.4639065849783333
3846.77	-0.6280424250216669
3848.44	-0.8102644250216668
3850.11	-1.6718643150216668
3851.77	-0.8755209250216668
3853.44	-1.1368345250216667
3855.11	-0.8595670250216667
3856.78	-1.263326025021667
3858.45	-0.7359424250216667
3860.11	-1.238659125021667
3861.78	-0.6158538250216667
3863.45	-0.9628068250216668
3865.12	-0.20142421502166674
3866.79	-0.7058482250216668
3868.46	-0.09564777502166688
3870.12	-1.0613668250216666
3871.79	-0.4730726250216669
3873.46	-1.4422972250216668
3875.13	-0.6014187250216668
3876.8	-1.4298685250216672
3878.46	-0.3339044250216669
3880.13	-1.3624790250216667
3881.8	-0.06898142502166695
3883.47	-1.696730125021667
3885.14	-0.1979160250216668
3886.81	-2.7267392250216664
3888.47	1.0624416049783327
3890.14	9.832356874978334
3891.81	37.65734787497833
3893.48	55.06085487497834
3895.15	85.66599487497834
3896.81	122.3673548749783
3898.48	137.17482487497833
3900.15	140.41231487497834
3901.82	121.74526487497835
3903.49	86.43595487497835
3905.15	57.333744874978336
3906.82	23.064866874978335
3908.49	-0.925844125021667
3910.16	3.8537068749783323
3911.83	-0.204473896021667
3913.5	1.983433374978333
3915.16	-0.07489682502166675
3916.83	1.7884933749783332
3918.5	0.42848317497833294
3920.17	1.6965028749783333
3921.84	0.18380887497833304
3923.5	1.028875574978333
3925.17	-0.18563041502166686
3926.84	0.6599825749783331
3928.51	-0.17450802502166698
3930.18	0.7761295749783331
3931.85	0.23524167497833304
3933.51	1.2794414749783336
3935.18	1.010102974978333
3936.85	2.005775874978333
3938.52	1.6912865749783332
3940.19	2.298012974978333
3941.85	1.479174474978333
3943.52	1.6609064749783333
3945.19	0.8713980749783332
3946.86	1.2033825749783331
3948.53	0.7227071349783332
3950.19	1.1977177749783332
3951.86	1.3433827749783334
3953.53	1.969773814978333
3955.2	1.921803074978333
3956.87	2.129782474978333
3958.54	1.342774874978333
3960.2	1.046748074978333
3961.87	0.0759280749783331
3963.54	-0.22955712502166703
3965.21	-0.4676184250216668
3966.88	-0.3963049250216667
3968.54	-0.6378710250216668
3970.21	-0.31855302502166694
3971.88	-0.49676822502166695
3973.55	-0.028192225021666927
3975.22	-0.08934146502166686
3976.89	0.20607547497833317
3978.55	-0.10722642502166695
3980.22	0.03440307497833308
3981.89	-0.3169964250216669
3983.56	-0.061238144021666815
3985.23	-0.30856002502166685
3986.89	-0.010344805021666913
3988.56	-0.26054742502166695
3990.23	-0.19852182502166693
3991.9	-0.5857180250216669
3993.57	-0.4521603250216669
3995.24	-0.708783625021667
3996.9	-0.5223950250216669
3998.57	-0.6911669950216669
4000.24	-0.44172169502166686
4001.91	-0.5203762350216669
4003.58	-0.27212762502166693
4005.24	-0.5243345250216669
4006.91	-0.4033435250216669
4008.58	-0.6947367250216667
4010.25	-0.6884226850216668
4011.92	-0.7876371250216669
4013.58	-0.523968195021667
4015.25	-0.5434810150216667
4016.92	-0.19130894502166684
4018.59	-0.31518702502166684
4020.26	-0.13104442502166685
4021.93	-0.25737852502166686
4023.59	-0.15244038502166685
4025.26	-0.34571862502166695
4026.93	-0.3429509390216669
4028.6	-0.6828129250216668
4030.27	-0.6347518250216669
4031.93	-0.7863680250216667
4033.6	-0.6216492250216669
4035.27	-0.666046625021667
4036.94	-0.5369357250216669
4038.61	-0.640529185021667
4040.28	-0.5675266250216667
4041.94	-0.7778766250216668
4043.61	-0.7057493250216668
4045.28	-0.8271053250216669
4046.95	-0.7208779250216668
4048.62	-0.7013074250216669
4050.28	-0.4929963930216668
4051.95	-0.4345443250216669
4053.62	-0.2180576250216669
4055.29	-0.32840582502166693
4056.96	-0.255095555021667
4058.63	-0.32328292502166694
4060.29	-0.19935212502166683
4061.96	-0.1901420210216668
4063.63	-0.10438612502166678
4065.3	-0.32453222502166684
4066.97	-0.3881072250216669
4068.63	-0.665100725021667
4070.3	-0.7036021250216671
4071.97	-0.727521355021667
4073.64	-0.5390131750216669
4075.31	-0.45508348502166707
4076.97	-0.20942982502166685
4078.64	-0.21294672502166687
4080.31	-0.07547992502166692
4081.98	-0.1607677250216669
4083.65	-0.2105765050216668
4085.32	-0.4351538550216668
4086.98	-0.504933925021667
4088.65	-0.712076855021667
4090.32	-0.6843068250216667
4091.99	-0.724475125021667
4093.66	-0.6740945250216669
4095.32	-0.581835625021667
4096.99	-0.4368451250216669
4098.66	-0.4165820250216668
4100.33	-0.31982432502166697
4102.0	-0.44279662502166683
4103.67	-0.5410379050216668
4105.33	-0.6441873250216668
4107.0	-0.8031239250216669
4108.67	-0.930746165021667
4110.34	-0.9772848750216669
4112.01	-1.1054035750216669
4113.67	-1.038291025021667
4115.34	-1.0434664250216668
4117.01	-0.8860864250216668
4118.68	-0.689307125021667
4120.35	-0.47901362502166683
4122.02	-0.467869525021667
4123.68	-0.405485925021667
4125.35	-0.477439525021667
4127.02	-0.37433362502166695
4128.69	-0.33590522502166686
4130.36	-0.22245612502166692
4132.02	-0.19887917502166688
4133.69	-0.13681432502166696
4135.36	-0.1679019250216669
4137.03	-0.1895459250216668
4138.7	-0.22490282502166692
4140.36	-0.24321521502166688
4142.03	-0.34676089502166685
4143.7	-0.4908476550216669
4145.37	-0.6255795750216668
4147.04	-0.7354678250216671
4148.71	-0.7002020950216667
4150.37	-0.6147537250216669
4152.04	-0.5102570050216669
4153.71	-0.4852269250216669
4155.38	-0.45106232502166693
4157.05	-0.47252262502166686
4158.71	-0.45601922502166703
4160.38	-0.4579855250216669
4162.05	-0.44392772502166694
4163.72	-0.42388282502166685
4165.39	-0.39272612502166704
4167.06	-0.4722523250216669
4168.72	-0.4743215250216668
