  0.0000e+00  0.0000e+00  0.0000e+00  0.0000e+00  0.0000e+00  0.0000e+00  0.0000e+00  0.0000e+00  0.0000e+00  0.0000e+00  0.0000e+00  0.0000e+00  0.0000e+00  0.0000e+00  0.0000e+00  0.0000e+00  0.0000e+00  0.0000e+00  0.0000e+00  0.0000e+00  0.0000e+00  0.0000e+00  0.0000e+00  0.0000e+00  0.0000e+00  0.0000e+00  0.0000e+00  0.0000e+00  0.0000e+00  0.0000e+00  0.0000e+00  0.0000e+00  0.0000e+00  0.0000e+00
  0.0000e+00  0.0000e+00  0.0000e+00  0.0000e+00  0.0000e+00  0.0000e+00  0.0000e+00  0.0000e+00  0.0000e+00  0.0000e+00  0.0000e+00  0.0000e+00  0.0000e+00  0.0000e+00  0.0000e+00  0.0000e+00  0.0000e+00  0.0000e+00  0.0000e+00  0.0000e+00  0.0000e+00  0.0000e+00  0.0000e+00  0.0000e+00  0.0000e+00  0.0000e+00  0.0000e+00  0.0000e+00  0.0000e+00  0.0000e+00  0.0000e+00  0.0000e+00  0.0000e+00  0.0000e+00
  0.0000e+00  0.0000e+00  0.0000e+00  0.0000e+00  0.0000e+00  0.0000e+00  0.0000e+00  0.0000e+00  0.0000e+00  0.0000e+00  0.0000e+00  0.0000e+00  0.0000e+00  0.0000e+00  0.0000e+00  0.0000e+00  0.0000e+00  0.0000e+00  0.0000e+00  0.0000e+00  0.0000e+00  0.0000e+00  0.0000e+00  0.0000e+00  0.0000e+00  0.0000e+00  0.0000e+00  0.0000e+00  0.0000e+00  0.0000e+00  0.0000e+00  0.0000e+00  0.0000e+00  0.0000e+00
  0.0000e+00  0.0000e+00  0.0000e+00  0.0000e+00  0.0000e+00  0.0000e+00  0.0000e+00  0.0000e+00  0.0000e+00  0.0000e+00  0.0000e+00  0.0000e+00  0.0000e+00  0.0000e+00  0.0000e+00  0.0000e+00  0.0000e+00  0.0000e+00  0.0000e+00  0.0000e+00  0.0000e+00  0.0000e+00  0.0000e+00  0.0000e+00  0.0000e+00  0.0000e+00  0.0000e+00  0.0000e+00  0.0000e+00  0.0000e+00  0.0000e+00  0.0000e+00  0.0000e+00  0.0000e+00
  1.0454e+00  1.7193e-01 -2.3043e-01  1.1443e-01  2.6959e-01 -9.1014e-02  8.2132e-02  2.0775e-01 -3.1575e-01  1.5170e-01  2.0778e-01 -3.1566e-01  1.5167e-01 -5.8289e-02 -1.6376e-01  4.8269e-02 -1.4494e-01 -2.2277e-01  5.3642e-02 -1.4491e-01 -2.2267e-01  5.3611e-02 -3.7608e-02  7.4506e-02 -3.3706e-02  1.4121e-01  1.6854e-01 -3.4805e-02 -2.3145e-01  1.5438e-01 -9.7956e-02 -2.1013e-01  3.0711e-01 -1.4903e-01
  1.4859e+00  4.1968e-03 -8.2489e-03 -2.2819e-02  5.2879e-02 -1.0406e-01 -2.8914e-01 -1.2978e-01  1.9312e-01 -8.4756e-02  1.2718e-01 -1.8797e-01  9.9336e-02 -4.2873e-02  8.4381e-02  2.3456e-01 -2.1306e-01  3.5220e-01  3.1140e-01  6.3079e-02 -5.7010e-02  5.0911e-01  3.2127e-03 -6.3260e-03 -1.7613e-02  6.4755e-02 -1.2745e-01 -3.5424e-01 -3.2345e-02  6.3647e-02  1.7680e-01 -7.5704e-04  1.4759e-03  3.9639e-03
  5.4810e+01 -1.4411e-02  2.8377e-02  7.8858e-02  4.4726e-02 -8.8068e-02 -2.4474e-01 -4.5587e-01  9.3613e-02  2.6953e-01  3.3439e-01  1.4560e-01  3.9524e-01  2.4529e-02 -4.8300e-02 -1.3422e-01  1.5480e-01 -2.8608e-01 -2.0015e-01 -5.0642e-02  8.0994e-02 -3.6978e-01  1.8568e-03 -3.6562e-03 -1.0161e-02  9.8740e-03 -1.9442e-02 -5.4030e-02 -1.7347e-02  3.4157e-02  9.4922e-02 -2.2735e-02  4.4767e-02  1.2441e-01
  1.9542e+02  1.6287e-02 -3.2070e-02 -8.9123e-02  1.0486e-01 -2.0648e-01 -5.7380e-01 -4.4758e-01  2.4394e-01 -2.5699e-02  4.0236e-01 -1.5490e-01  2.7315e-01 -1.2713e-02  2.5032e-02  6.9564e-02 -6.6596e-03  1.3319e-01  8.7190e-02 -3.6191e-02 -4.8814e-02  1.4729e-01 -9.1863e-03  1.8088e-02  5.0267e-02 -1.5023e-02  2.9582e-02  8.2207e-02  1.4972e-02 -2.9481e-02 -8.1926e-02  1.8476e-02 -3.6381e-02 -1.0110e-01
  3.1408e+02 -2.3139e-01  5.6874e-02 -6.2752e-02 -4.8841e-01 -2.5633e-01  2.9804e-03 -3.1131e-01  2.1474e-01 -1.2932e-01 -3.0979e-01  2.1174e-01 -1.3765e-01  1.0610e-01 -4.6971e-02  3.6292e-02  1.9192e-01  2.6481e-02  3.2868e-02  1.9422e-01  2.1948e-02  2.0272e-02  9.4710e-02 -1.0195e-01  5.3993e-02  2.6640e-01  2.3756e-03  4.7829e-02 -1.6072e-01  2.9245e-02 -3.9896e-02 -1.2974e-01  2.6248e-01 -1.1816e-01
  4.8724e+02  2.3309e-01  1.7839e-01 -2.1597e-02  3.4464e-01  2.9552e-01 -4.3360e-02  2.6811e-01  1.0597e-01  1.3050e-02  2.6880e-01  1.0462e-01  9.2897e-03  1.2080e-01  1.1359e-01 -1.8796e-02  2.1926e-01  1.6348e-01 -2.7279e-02  2.1658e-01  1.6875e-01 -1.2621e-02  4.9829e-03 -1.2421e-01  4.5607e-02 -7.5984e-02 -1.8127e-01  5.1344e-02 -2.9041e-01 -4.2206e-02 -3.7884e-02 -2.3877e-01  3.5634e-01 -1.7186e-01
  5.2835e+02  2.3690e-03 -4.6647e-03 -1.2963e-02 -5.6076e-03  1.1042e-02  3.0685e-02  1.0539e-01  7.0710e-03 -7.3861e-02 -7.6922e-02 -6.3127e-02 -8.1918e-02 -5.5037e-03  1.0837e-02  3.0116e-02  4.0780e-01 -2.4802e-01 -9.4279e-02 -3.2669e-01  8.8315e-02 -3.4954e-01 -3.8398e-02  7.5609e-02  2.1012e-01  1.2860e-02 -2.5323e-02 -7.0372e-02  4.4233e-03 -8.7098e-03 -2.4204e-02  1.1155e-01 -2.1964e-01 -6.1038e-01
  6.5021e+02  5.3490e-02  1.0672e-01 -2.8629e-02  2.5547e-01  3.4814e-01 -7.8590e-02  1.4641e-01 -9.3651e-02  5.7392e-02  1.4544e-01 -9.1755e-02  6.2661e-02 -2.2617e-01  1.1971e-01 -8.4410e-02 -1.8466e-01  1.1032e-01 -9.6637e-02 -1.9195e-01  1.2467e-01 -5.6746e-02 -1.5717e-01 -8.0788e-02  3.4817e-04  2.7753e-01  1.3886e-01  7.4993e-04 -4.2472e-02 -2.5194e-01  8.2897e-02 -8.0066e-02 -5.4941e-01  1.8307e-01
  6.7190e+02 -9.2890e-04  1.8291e-03  5.0830e-03  8.0976e-04 -1.5945e-03 -4.4310e-03  4.7609e-02  3.3978e-02 -4.1278e-02 -3.5744e-02 -5.7341e-02 -2.3650e-02 -7.1101e-03  1.4000e-02  3.8906e-02  1.8384e-01 -9.8692e-02 -1.7520e-02 -1.5661e-01  4.5078e-02 -1.3147e-01 -1.7140e-02  3.3749e-02  9.3789e-02  9.6385e-03 -1.8979e-02 -5.2742e-02  1.6853e-02 -3.3184e-02 -9.2218e-02 -1.5869e-01  3.1248e-01  8.6837e-01
  8.5339e+02  6.7759e-02  2.5575e-02  3.1800e-03 -2.0925e-01 -3.3190e-01  8.1194e-02 -6.2873e-02  2.8754e-01 -1.0161e-01 -5.8677e-02  2.7928e-01 -1.2457e-01  2.2836e-01 -1.0309e-01  7.8828e-02  2.8874e-01 -3.3238e-02  8.3659e-02  2.9469e-01 -4.4955e-02  5.1098e-02 -1.6502e-01  4.2824e-02 -4.5567e-02 -6.5392e-02  1.5315e-01 -6.7062e-02 -5.0781e-02 -1.0742e-01  2.9373e-02 -1.0449e-01 -5.2039e-01  1.6816e-01
  9.2197e+02 -5.3519e-03  1.0538e-02  2.9286e-02  3.0548e-02 -6.0151e-02 -1.6716e-01  1.6576e-01  3.5653e-01 -2.8532e-01 -1.0689e-01 -4.7246e-01 -3.6843e-02 -1.8537e-02  3.6500e-02  1.0143e-01  1.6237e-01 -4.4867e-01 -2.0963e-02 -9.5711e-02  3.1742e-01 -3.4380e-01  2.6291e-02 -5.1769e-02 -1.4387e-01 -6.5612e-03  1.2919e-02  3.5903e-02 -4.4848e-03  8.8309e-03  2.4541e-02  1.2540e-03 -2.4692e-03 -6.8618e-03
  1.0224e+03 -1.0453e-01 -2.6887e-01  7.7647e-02  3.6771e-02 -5.1875e-02  2.5387e-02 -2.6664e-02 -3.6207e-01  8.9082e-02 -3.8084e-02 -3.3959e-01  1.5157e-01  1.7276e-01  3.4163e-01 -9.1360e-02  2.9456e-01  3.5939e-01 -1.1968e-01  2.8067e-01  3.8674e-01 -4.3681e-02 -1.2442e-02  8.5771e-04 -2.5824e-03 -1.3222e-02  3.6839e-02 -1.5672e-02 -4.7145e-02 -5.5346e-02  1.1300e-02 -4.5733e-02 -4.1047e-02  6.4129e-03
  1.0994e+03  1.1151e-01 -4.8490e-02  3.7827e-02 -3.3080e-01 -5.6632e-01  1.4333e-01 -1.6987e-01  3.5115e-01 -7.8456e-02 -1.4506e-01  3.0229e-01 -2.1423e-01 -4.7628e-02  1.0616e-01 -4.6904e-02 -2.9112e-01 -6.4386e-02 -3.7719e-02 -2.9353e-01 -5.9629e-02 -2.4500e-02  1.5926e-02 -1.0533e-02  6.7007e-03  7.0103e-03 -1.4334e-02  6.4391e-03 -4.1547e-03 -2.0786e-02  6.7205e-03  1.3185e-02  1.2945e-01 -4.4171e-02
  1.1272e+03 -1.2902e-02  2.5405e-02  7.0600e-02  3.6925e-02 -7.2707e-02 -2.0205e-01  1.7937e-01  3.4557e-01 -2.4160e-01 -1.3221e-01 -4.3842e-01 -1.6430e-02  2.1438e-02 -4.2212e-02 -1.1731e-01 -4.9445e-01 -5.2263e-02 -2.3736e-02  4.7942e-01  8.1856e-02  1.0597e-01 -2.0250e-02  3.9872e-02  1.1080e-01  3.4234e-03 -6.7409e-03 -1.8733e-02  2.4221e-03 -4.7693e-03 -1.3254e-02  3.2916e-03 -6.4813e-03 -1.8011e-02
  1.1815e+03 -3.4906e-02  1.2998e-02 -1.1056e-02  4.8826e-02  1.2150e-01 -3.4800e-02  9.2293e-03 -4.1193e-02  6.5679e-03  6.1045e-03 -3.5040e-02  2.3666e-02  2.8373e-02 -2.7682e-02  1.5146e-02 -1.1309e-01 -1.1263e-01  3.3398e-02 -1.0884e-01 -1.2101e-01  1.0117e-02  1.0037e-01  7.5004e-02 -8.6478e-03 -4.8559e-02  9.8942e-02 -4.4478e-02 -1.3893e-02 -1.8870e-01  6.5362e-02  1.0104e-01  8.6878e-01 -2.9416e-01
  1.3085e+03 -1.4612e-02  2.8772e-02  7.9956e-02  1.2758e-02 -2.5122e-02 -6.9814e-02  1.0436e-01  2.5212e-01 -1.2561e-01 -8.7401e-02 -2.8551e-01  3.2812e-02  1.2101e-02 -2.3828e-02 -6.6219e-02  3.9530e-01  4.9011e-01 -5.9970e-02 -4.0918e-01 -4.6279e-01  1.3590e-01  5.4775e-03 -1.0786e-02 -2.9973e-02 -8.2296e-04  1.6205e-03  4.5032e-03 -6.8225e-04  1.3434e-03  3.7333e-03  1.7625e-03 -3.4705e-03 -9.6444e-03
  1.3424e+03  3.8084e-02 -3.4293e-02  1.9300e-02  3.8021e-02 -5.2149e-02  2.5714e-02 -7.3680e-02  1.6262e-01 -5.0865e-02 -6.7042e-02  1.4955e-01 -8.7186e-02 -1.2156e-01 -3.9511e-02 -7.9978e-03  5.2808e-01  2.0764e-01 -8.7206e-02  4.9382e-01  2.7509e-01  1.0025e-01 -9.7631e-02 -5.9485e-02  3.5632e-03  8.1846e-03  1.6821e-02 -4.5571e-03  5.8610e-02  1.2491e-02  6.2160e-03  1.0146e-01  4.4723e-01 -1.4239e-01
  1.4403e+03 -5.8063e-03  7.1401e-02 -2.6754e-02 -2.6170e-01 -2.4959e-01  4.1990e-02  1.8234e-01 -3.3135e-01  1.3305e-01  1.7621e-01 -3.1928e-01  1.6660e-01  1.2116e-01  3.1104e-02  1.0950e-02 -2.7605e-01 -7.2169e-02  6.3974e-02 -2.4825e-01 -1.2691e-01 -8.8152e-02 -2.3569e-01 -1.3709e-01  6.2584e-03  2.7214e-02  4.2688e-03  3.4372e-03  8.3340e-02  5.1671e-02 -3.3629e-03  1.1726e-01  4.8141e-01 -1.5180e-01
  1.4817e+03  2.3165e-02  6.9186e-02 -2.0663e-02 -3.2578e-01 -3.5810e-01  6.9325e-02  3.3156e-02 -3.0377e-01  2.0565e-01  6.1532e-02 -3.5965e-01  5.0378e-02 -6.2288e-02  3.4177e-02 -2.3682e-02  3.1198e-01 -3.3251e-01 -1.4845e-01  2.0979e-01 -1.3130e-01  4.1070e-01  6.6673e-02  8.2060e-03  9.2315e-03 -2.4101e-02  1.7456e-02 -1.0686e-02 -1.6225e-02 -9.7379e-03  5.3896e-04 -2.4740e-02 -1.0311e-01  3.2583e-02
  1.5227e+03 -2.7171e-02 -3.5647e-02  7.8619e-03  2.3759e-01  3.0380e-01 -6.5902e-02 -2.8319e-02  1.9719e-01 -1.3251e-01 -4.6039e-02  2.3208e-01 -3.5550e-02  3.1990e-02  6.6641e-02 -1.8134e-02  8.8336e-02 -5.7901e-01 -1.2327e-01 -2.0968e-02 -3.6379e-01  4.7484e-01 -6.0857e-02 -1.8066e-02 -4.6207e-03  1.6756e-02 -1.0731e-02  6.9237e-03  1.2942e-02  1.5529e-02 -3.2229e-03  1.9311e-02  5.0490e-02 -1.4640e-02
  1.6570e+03  4.7490e-02  1.9888e-02  1.5220e-03  1.6566e-01  1.6608e-01 -2.9487e-02 -5.7650e-01 -5.9813e-02  3.6384e-01 -4.3580e-01 -3.3687e-01 -4.0610e-01  2.7537e-02 -1.9716e-03  5.7418e-03 -3.3156e-02 -6.8820e-03  2.2228e-02 -2.5044e-02 -2.2856e-02 -2.2163e-02 -1.8516e-02 -6.4378e-03 -1.0672e-03  3.5617e-03  2.5733e-05  6.4164e-04  4.7078e-03  4.3026e-03 -6.8794e-04  6.3469e-03  1.5444e-02 -4.3976e-03
  1.6767e+03  9.3792e-03 -1.8468e-02 -5.1323e-02 -1.3138e-01  2.5870e-01  7.1893e-01 -2.7969e-01  3.2722e-01 -1.0939e-01  2.6100e-01 -2.9041e-01  2.1167e-01  1.5790e-03 -3.1091e-03 -8.6403e-03 -2.2943e-02  3.2229e-03 -7.3694e-03  2.3577e-02 -4.4711e-03  3.9006e-03 -1.2326e-03  2.4270e-03  6.7445e-03  8.3554e-04 -1.6452e-03 -4.5720e-03  1.3554e-04 -2.6688e-04 -7.4165e-04 -4.1285e-04  8.1292e-04  2.2591e-03
  1.8204e+03  9.6896e-03 -1.7352e-02  8.0146e-03  1.7394e-01  2.8245e-01 -6.9850e-02 -6.8649e-03  1.3120e-01 -7.5150e-02 -1.5252e-02  1.4771e-01 -2.9255e-02 -1.9177e-02  1.4486e-02 -8.7173e-03 -1.7767e-01 -2.5887e-03  1.4946e-02 -1.6306e-01 -3.1357e-02 -6.5000e-02  2.5598e-01 -6.0379e-01  2.6405e-01 -1.8832e-01  3.4525e-01 -1.5865e-01  1.5233e-02  9.6089e-02 -3.1793e-02 -1.8303e-02 -2.7395e-01  9.5233e-02
  3.1414e+03 -4.9474e-04  1.7750e-04 -1.5428e-04  1.8013e-02 -2.4800e-02  1.2216e-02 -6.1156e-05 -5.4672e-03 -1.0040e-02 -3.8317e-03  1.9573e-03  1.0592e-02 -3.8441e-02  5.2546e-02 -2.5933e-02  1.2120e-01 -1.0223e-01  6.8667e-01  3.1850e-01 -4.9073e-01 -3.9295e-01  1.7499e-04 -8.3331e-04  3.3184e-04  4.5487e-04 -1.9173e-04  1.5212e-04 -1.1444e-03  5.3858e-04 -4.0293e-04  1.9626e-02 -2.4368e-03  4.4636e-03
  3.1690e+03 -4.6723e-02  3.8354e-02 -2.2340e-02  7.5296e-01 -5.4264e-01  3.3287e-01 -4.3161e-02 -4.9993e-02 -8.1666e-02 -7.2004e-02  6.8006e-03  7.6162e-02  1.6031e-03  2.4313e-03 -5.8191e-04 -1.1831e-02 -3.2182e-03 -2.3532e-02 -1.8912e-02  1.0724e-02  1.5213e-02  3.6117e-03 -3.1423e-03  1.7908e-03 -7.1956e-04  2.7020e-03 -1.1038e-03  1.3117e-04  6.9601e-04 -2.2648e-04 -1.0620e-02 -3.2411e-05 -1.9292e-03
  3.2065e+03  5.3580e-04 -1.0550e-03 -2.9319e-03  4.6188e-04 -9.0948e-04 -2.5274e-03  6.5358e-03  1.3512e-03  1.7249e-02 -1.1734e-02  8.8853e-03  1.1199e-02 -1.6348e-02  3.2189e-02  8.9454e-02 -1.3369e-01  1.1429e-01 -6.8122e-01  3.2720e-01 -4.9531e-01 -3.7764e-01 -7.0502e-05  1.3882e-04  3.8579e-04 -4.1688e-05  8.2087e-05  2.2812e-04 -3.7911e-07  7.4620e-07  2.0734e-06 -5.7153e-05  1.1254e-04  3.1276e-04
  3.4860e+03  6.0110e-02  1.8428e-02  4.3540e-03 -8.3657e-02  7.2902e-02 -4.1521e-02 -2.7065e-01 -3.4412e-01 -5.4647e-01 -4.6578e-01  4.0109e-02  5.2129e-01  2.6085e-05 -1.4746e-03  5.3538e-04 -2.5934e-03 -1.0531e-03 -7.1351e-03 -4.8061e-03  3.3039e-03  4.9729e-03 -7.2378e-04  2.9385e-04 -2.3801e-04 -6.5391e-05 -4.1862e-04  1.3869e-04 -2.1010e-03 -4.8010e-04 -2.1120e-04  3.4990e-02  1.1363e-03  5.9855e-03
  3.5480e+03  1.3786e-02 -2.7145e-02 -7.5437e-02  2.1188e-03 -4.1721e-03 -1.1594e-02  2.8831e-01  3.4672e-01  5.4126e-01 -4.8109e-01  3.2858e-02  5.1359e-01  3.6747e-04 -7.2356e-04 -2.0108e-03  1.2388e-03 -3.2805e-03  1.7186e-02 -6.1981e-03  1.3046e-02  9.9518e-03 -2.8214e-05  5.5556e-05  1.5439e-04 -5.4497e-06  1.0731e-05  2.9821e-05  8.6963e-06 -1.7121e-05 -4.7580e-05 -2.4500e-05  4.8207e-05  1.3396e-04
  3.6867e+03  2.5853e-03 -7.1724e-05  4.9827e-04 -8.3474e-03  1.0055e-02 -5.1437e-03 -1.0145e-02 -1.0627e-02 -1.9177e-02 -1.6791e-02  2.4606e-03  1.7193e-02 -1.3126e-03  1.3665e-03 -7.3162e-04  2.5642e-03 -4.0431e-03  1.3230e-02  6.1178e-03 -1.1040e-02 -6.2156e-03  2.5778e-03  1.7739e-04  4.0725e-04  1.5523e-05 -6.7948e-04  2.4734e-04  6.0044e-02 -2.0937e-03  1.1726e-02 -9.7757e-01  3.9821e-02 -1.9298e-01
