0.0	-1.5163303366666667
1.66816	-1.1337603366666673
3.33631	-1.148870336666667
5.00447	-0.672560336666667
6.67263	-0.6059143366666669
8.34078	-0.4534073366666669
10.0089	-0.7548013366666669
11.6771	-0.500745336666667
13.3453	-0.776629336666667
15.0134	-0.5136713366666671
16.6816	-0.7838383366666669
18.3497	-0.5184763366666669
20.0179	-0.787556336666667
21.686	-0.522913336666667
23.3542	-0.793287336666667
25.0223	-0.5286993366666668
26.6905	-0.797676336666667
28.3587	-0.530588336666667
30.0268	-0.7971203366666672
31.695	-0.5292333366666669
33.3631	-0.7955693366666671
35.0313	-0.528765336666667
36.6994	-0.7906533366666668
38.3676	-0.5190023366666668
40.0358	-0.778049336666667
41.7039	-0.505921336666667
43.3721	-0.765747336666667
45.0402	-0.4992043366666669
46.7084	-0.7273093366666668
48.3765	-0.4251973366666669
50.0447	-0.6819413366666669
51.7129	-0.4254713366666669
53.381	-0.740772336666667
55.0492	-0.535550336666667
56.7173	-0.848325336666667
58.3855	-0.615947336666667
60.0536	-0.8730623366666668
61.7218	-0.5765143366666668
63.39	-0.837966336666667
65.0581	-0.5611943366666671
66.7263	-0.8279613366666668
68.3944	-0.5563533366666669
70.0626	-0.8256153366666668
71.7307	-0.5556343366666668
73.3989	-0.8252863366666668
75.067	-0.5559133366666669
76.7352	-0.824935336666667
78.4034	-0.555275336666667
80.0715	-0.823465336666667
81.7397	-0.552894336666667
83.4078	-0.8204903366666668
85.076	-0.549982336666667
86.7441	-0.8181143366666671
88.4123	-0.5486793366666669
90.0805	-0.817823336666667
91.7486	-0.5490593366666671
93.4168	-0.8180233366666669
95.0849	-0.548497336666667
96.7531	-0.817014336666667
98.4212	-0.547417336666667
100.089	-0.816506336666667
101.758	-0.548186336666667
103.426	-0.8175373366666671
105.094	-0.5493973366666669
106.762	-0.8179733366666667
108.43	-0.5482233366666669
110.098	-0.8160013366666672
111.766	-0.546894336666667
113.435	-0.816548336666667
115.103	-0.5424733366666669
116.771	-0.807967336666667
118.439	-0.537504336666667
120.107	-0.806513336666667
121.775	-0.5428823366666669
123.444	-0.817225336666667
125.112	-0.5535193366666669
126.78	-0.8265583366666671
128.448	-0.5555753366666669
130.116	-0.8222193366666669
131.784	-0.5531473366666669
133.453	-0.8214463366666671
135.121	-0.555699336666667
136.789	-0.8288873366666669
138.457	-0.5662913366666671
140.125	-0.8404783366666668
141.793	-0.575452336666667
143.461	-0.8439333366666668
145.13	-0.5724263366666669
146.798	-0.835618336666667
148.466	-0.5634603366666671
150.134	-0.8300563366666669
151.802	-0.5609913366666669
153.47	-0.8303613366666669
155.139	-0.5650873366666669
156.807	-0.8359243366666668
158.475	-0.570839336666667
160.143	-0.8404853366666669
161.811	-0.5744493366666671
163.479	-0.843005336666667
165.148	-0.5769023366666669
166.816	-0.844095336666667
168.484	-0.579061336666667
170.152	-0.845275336666667
171.82	-0.5755783366666669
173.488	-0.842818336666667
175.156	-0.5817463366666671
176.825	-0.8583793366666669
178.493	-0.6072133366666669
180.161	-0.888072336666667
181.829	-0.6441103366666671
183.497	-0.9339813366666668
185.165	-0.7143533366666671
186.834	-1.0314523366666668
188.502	-0.500330336666667
190.17	-0.43586633666666685
191.838	0.20827666333333306
193.506	0.214211663333333
195.174	0.5122276633333331
196.842	0.06353366333333303
198.511	0.05943166333333303
200.179	-0.562890336666667
201.847	-0.3809783366666669
203.515	-0.6773673366666669
205.183	-0.427322336666667
206.851	-0.7113043366666669
208.52	-0.45202333666666694
210.188	-0.7307783366666669
211.856	-0.46808933666666697
213.524	-0.741068336666667
215.192	-0.475927336666667
216.86	-0.748828336666667
218.529	-0.4821863366666669
220.197	-0.754640336666667
221.865	-0.48769533666666687
223.533	-0.7593653366666671
225.201	-0.49206233666666693
226.869	-0.7632443366666669
228.537	-0.496016336666667
230.206	-0.7674393366666669
231.874	-0.500671336666667
233.542	-0.7726983366666669
235.21	-0.5069593366666669
236.878	-0.781497336666667
238.546	-0.516495336666667
240.215	-0.784910336666667
241.883	-0.508220336666667
243.551	-0.7609643366666669
245.219	-0.47252133666666685
246.887	-0.7240593366666671
248.555	-0.4443843366666669
250.223	-0.7132693366666671
251.892	-0.4509953366666669
253.56	-0.7262553366666669
255.228	-0.4652423366666669
256.896	-0.7390023366666669
258.564	-0.47519333666666697
260.232	-0.7490603366666668
261.901	-0.4853903366666669
263.569	-0.7575383366666669
265.237	-0.49207633666666684
266.905	-0.760412336666667
268.573	-0.49366533666666684
270.241	-0.763215336666667
271.91	-0.496711336666667
273.578	-0.7659953366666669
275.246	-0.4993413366666669
276.914	-0.768580336666667
278.582	-0.501863336666667
280.25	-0.7699643366666671
281.918	-0.5039263366666669
283.587	-0.771991336666667
285.255	-0.505803336666667
286.923	-0.773850336666667
288.591	-0.507709336666667
290.259	-0.774335336666667
291.927	-0.511525336666667
293.596	-0.7803413366666669
295.264	-0.5231673366666669
296.932	-0.7943603366666668
298.6	-0.5410893366666669
300.268	-0.8105743366666671
301.936	-0.563961336666667
303.605	-0.8245063366666671
305.273	-0.606085336666667
306.941	-0.757906836666667
308.609	0.4476136633333331
310.277	1.103778663333333
311.945	2.2624526633333333
313.613	2.397384663333333
315.282	2.3575606633333335
316.95	1.3151496633333328
318.618	0.6761306633333333
320.286	-0.5048673366666669
321.954	-0.3195913366666669
323.622	-0.6302943366666669
325.291	-0.36455933666666696
326.959	-0.6557073366666669
328.627	-0.384170336666667
330.295	-0.6674993366666669
331.963	-0.39334533666666693
333.631	-0.6744563366666669
335.299	-0.4011313366666669
336.968	-0.6803253366666668
338.636	-0.41144533666666694
340.304	-0.691352336666667
341.972	-0.420546336666667
343.64	-0.696385336666667
345.308	-0.420831336666667
346.977	-0.6927803366666669
348.645	-0.4149663366666669
350.313	-0.6858683366666671
351.981	-0.4123943366666669
353.649	-0.689116336666667
355.317	-0.4178373366666669
356.986	-0.6934473366666669
358.654	-0.42168433666666694
360.322	-0.6956063366666669
361.99	-0.42410733666666695
363.658	-0.698351336666667
365.326	-0.42473633666666694
366.994	-0.6982073366666669
368.663	-0.4229423366666669
370.331	-0.6925803366666669
371.999	-0.41823733666666685
373.667	-0.6881353366666669
375.335	-0.420972336666667
377.003	-0.6930153366666669
378.672	-0.439560336666667
380.34	-0.7042313366666669
382.008	-0.41434233666666687
383.676	-0.657842336666667
385.344	-0.350013336666667
387.012	-0.600161336666667
388.681	-0.32768333666666705
390.349	-0.607340336666667
392.017	-0.36741133666666703
393.685	-0.6575303366666668
395.353	-0.38976733666666696
397.021	-0.6670073366666671
398.689	-0.389485336666667
400.358	-0.6643473366666669
402.026	-0.385393336666667
403.694	-0.6582943366666669
405.362	-0.37763733666666693
407.03	-0.6482003366666671
408.698	-0.3669413366666669
410.367	-0.6379303366666669
412.035	-0.359468336666667
413.703	-0.6308333366666671
415.371	-0.351429336666667
417.039	-0.6231743366666669
418.707	-0.34322233666666696
420.375	-0.619027336666667
422.044	-0.34168733666666695
423.712	-0.6123183366666669
425.38	-0.334785336666667
427.048	-0.602034336666667
428.716	-0.3210553366666669
430.384	-0.591757336666667
432.053	-0.31458033666666696
433.721	-0.5880243366666671
435.389	-0.3141233366666669
437.057	-0.5821083366666671
438.725	-0.3030433366666669
440.393	-0.5688803366666669
442.062	-0.28547433666666694
443.73	-0.545683336666667
445.398	-0.261652336666667
447.066	-0.520949336666667
448.734	-0.23503633666666696
450.402	-0.49910333666666684
452.07	-0.218826336666667
453.739	-0.47772933666666695
455.407	-0.19282633666666701
457.075	-0.439504336666667
458.743	-0.14410933666666698
460.411	-0.3857673366666669
462.079	-0.0873113366666669
463.748	-0.32793433666666694
465.416	-0.03447233666666696
467.084	-0.26585133666666694
468.752	0.022547663333333023
470.42	-0.193239336666667
472.088	0.13286366333333305
473.756	-0.0013293366666669915
475.425	0.379447663333333
477.093	0.35059066333333305
478.761	0.8216206633333331
480.429	1.6348026633333332
482.097	4.705343663333332
483.765	6.201025663333333
485.434	7.579832663333332
487.102	6.595814663333333
488.77	4.506226663333334
490.438	1.404302663333333
492.106	-0.766626636666667
493.774	-2.6314526166666665
495.443	-1.647317236666667
497.111	-1.7564199366666666
498.779	-1.243598336666667
500.447	-1.4683003366666671
502.115	-1.0385203366666667
503.783	-1.301941336666667
505.451	-0.919641336666667
507.12	-1.2059013366666669
508.788	-0.8248023366666668
510.456	-1.126161336666667
512.124	-0.729948336666667
513.792	-1.0466853366666669
515.46	-0.6460553366666671
517.129	-0.9926643366666671
518.797	-0.572607336666667
520.465	-1.023096336666667
522.133	-0.17426633666666688
523.801	0.6116776633333328
525.469	1.730224663333333
527.138	2.120309663333333
528.806	2.367686663333333
530.474	1.332899663333333
532.142	0.7459016633333331
533.81	-0.555814336666667
535.478	-0.8538653366666669
537.146	-0.9302533366666669
538.815	-0.783019336666667
540.483	-1.013640336666667
542.151	-0.820178336666667
543.819	-1.045080336666667
545.487	-0.791453336666667
547.155	-0.9682843366666672
548.824	-0.689211336666667
550.492	-0.917206336666667
552.16	-0.656724336666667
553.828	-0.9138823366666671
555.496	-0.6595683366666669
557.164	-0.9186793366666672
558.832	-0.6544873366666669
560.501	-0.8980013366666668
562.169	-0.6225043366666669
563.837	-0.8845053366666669
565.505	-0.6222553366666671
567.173	-0.8944873366666668
568.841	-0.6290293366666672
570.51	-0.8946623366666667
572.178	-0.6091023366666669
573.846	-0.862378336666667
575.514	-0.582550336666667
577.182	-0.8494793366666669
578.85	-0.5849563366666668
580.519	-0.8543383366666669
582.187	-0.5755293366666671
583.855	-0.8363083366666668
585.523	-0.546426336666667
587.191	-0.805540336666667
588.859	-0.525498336666667
590.527	-0.7932323366666669
592.196	-0.519313336666667
593.864	-0.7959263366666669
595.532	-0.5286143366666669
597.2	-0.810655336666667
598.868	-0.540230336666667
600.536	-0.8147123366666669
602.205	-0.534108336666667
603.873	-0.8030623366666669
605.541	-0.5179643366666669
607.209	-0.7916803366666668
608.877	-0.511026336666667
610.545	-0.7868803366666668
612.213	-0.508691336666667
613.882	-0.7866013366666669
615.55	-0.507203336666667
617.218	-0.7885913366666669
618.886	-0.5092133366666671
620.554	-0.794411336666667
622.222	-0.5250683366666671
623.891	-0.8123333366666671
625.559	-0.5353023366666669
627.227	-0.812303336666667
628.895	-0.5144693366666668
630.563	-0.7775303366666669
632.231	-0.4865873366666669
633.9	-0.769853336666667
635.568	-0.5056193366666669
637.236	-0.814086336666667
638.904	-0.5622683366666669
640.572	-0.902458336666667
642.24	-0.6797503366666671
643.908	-1.259600536666667
645.577	-0.920229336666667
647.245	-1.0213760366666669
648.913	-0.345472936666667
650.581	-0.125936436666667
652.249	0.517711663333333
653.917	0.450750663333333
655.586	0.9363446633333329
657.254	0.46973866333333303
658.922	0.997589663333333
660.59	0.762334663333333
662.258	1.681685663333333
663.926	2.6866606633333334
665.595	3.400032463333333
667.263	6.311293663333333
668.931	8.935791663333333
670.599	9.759554663333333
672.267	9.902193663333334
673.935	7.078963663333335
675.603	4.146933363333333
677.272	1.5988872633333333
678.94	-1.0364736266666668
680.608	-1.297610236666667
682.276	-0.6703943366666669
683.944	-1.050507636666667
685.612	-0.812460336666667
687.281	-1.2899753366666673
688.949	-0.913765336666667
690.617	-1.1817473366666669
692.285	-0.8520543366666669
693.953	-1.137357336666667
695.621	-0.8403913366666671
697.289	-1.1117983366666668
698.958	-0.782015336666667
700.626	-1.0398093366666672
702.294	-0.704561336666667
703.962	-0.980776336666667
705.63	-0.6845643366666669
707.298	-0.9876573366666669
708.967	-0.716321336666667
710.635	-1.0129613366666668
712.303	-0.7150923366666669
713.971	-0.9964703366666668
715.639	-0.6874313366666668
717.307	-0.9839983366666669
718.976	-0.691652336666667
720.644	-0.988940336666667
722.312	-0.6889393366666671
723.98	-0.9729853366666669
725.648	-0.661848336666667
727.316	-0.9463133366666667
728.984	-0.6236463366666669
730.653	-0.8955263366666667
732.321	-0.568977336666667
733.989	-0.8328973366666668
735.657	-0.519497336666667
737.325	-0.8204673366666668
738.993	-0.5353513366666668
740.662	-0.856903336666667
742.33	-0.573931336666667
743.998	-0.8749773366666668
745.666	-0.581102336666667
747.334	-0.8743453366666669
749.002	-0.5700433366666668
750.67	-0.8616193366666671
752.339	-0.5565393366666669
754.007	-0.8503743366666671
755.675	-0.5510113366666671
757.343	-0.852521336666667
759.011	-0.551506336666667
760.679	-0.8534603366666671
762.348	-0.548246336666667
764.016	-0.848775336666667
765.684	-0.543834336666667
767.352	-0.844917336666667
769.02	-0.5364513366666669
770.688	-0.838448336666667
772.357	-0.5289973366666669
774.025	-0.8314773366666669
775.693	-0.5211873366666671
777.361	-0.8257543366666671
779.029	-0.5186283366666669
780.697	-0.8287603366666669
782.365	-0.5195533366666669
784.034	-0.8278513366666671
785.702	-0.5196103366666669
787.37	-0.829328336666667
789.038	-0.5177913366666669
790.706	-0.8294873366666667
792.374	-0.517018336666667
794.043	-0.828885336666667
795.711	-0.509014336666667
797.379	-0.814000336666667
799.047	-0.491728336666667
800.715	-0.7900163366666669
802.383	-0.45881533666666685
804.052	-0.7672043366666669
805.72	-0.446284336666667
807.388	-0.767883336666667
809.056	-0.45413733666666695
810.724	-0.7777873366666668
812.392	-0.4674803366666671
814.06	-0.792365336666667
815.729	-0.47511133666666694
817.397	-0.804885336666667
819.065	-0.48796333666666697
820.733	-0.823840336666667
822.401	-0.503857336666667
824.069	-0.835337336666667
825.738	-0.502121336666667
827.406	-0.8222403366666671
829.074	-0.4731763366666669
830.742	-0.7866843366666669
832.41	-0.43917633666666694
834.078	-0.7771053366666669
835.746	-0.45057833666666686
837.415	-0.8043433366666669
839.083	-0.47811933666666695
840.751	-0.837730336666667
842.419	-0.5239353366666668
844.087	-0.9017923366666671
845.755	-0.6669003366666669
847.424	-0.8881593366666669
849.092	-0.2275753366666669
850.76	-0.21389433666666685
852.428	0.5087516633333331
854.096	0.32112666333333323
855.764	0.6190066633333331
857.433	0.065380663333333
859.101	0.1130486633333331
860.769	-0.438106336666667
862.437	-0.08038033666666702
864.105	-0.494233336666667
865.773	-0.1291073366666669
867.441	-0.546935336666667
869.11	-0.1548993366666669
870.778	-0.562848336666667
872.446	-0.14143533666666705
874.114	-0.540438336666667
875.782	-0.11218033666666698
877.45	-0.5267013366666669
879.119	-0.09090033666666697
880.787	-0.5249523366666671
882.455	-0.067952336666667
884.123	-0.507837336666667
885.791	-0.02970933666666693
887.459	-0.49411533666666696
889.127	0.0017776633333330238
890.796	-0.506062336666667
892.464	0.005627663333332977
894.132	-0.472732336666667
895.8	0.13158666333333308
897.468	-0.334313336666667
899.136	0.3625816633333331
900.805	-0.2216323366666671
902.473	0.466943663333333
904.141	-0.229648136666667
905.809	0.5494131633333332
907.477	-0.18777693666666692
909.145	0.8853766633333329
910.814	-0.025857336666666963
912.482	1.6867304633333333
914.15	0.034249963333333036
915.818	6.917793663333333
917.486	18.06623866333333
919.154	26.80107766333333
920.822	32.901397663333334
922.491	31.576377663333336
924.159	22.451827663333336
925.827	12.855011663333332
927.495	1.356928763333333
929.163	-3.859642036666667
930.831	-1.625968636666667
932.5	-2.2624642366666667
934.168	-1.448670286666667
935.836	-1.7579002366666667
937.504	-1.338686936666667
939.172	-1.5180929366666673
940.84	-1.263964036666667
942.509	-1.3500884366666668
944.177	-1.1901243366666672
945.845	-1.217845336666667
947.513	-1.1312343366666668
949.181	-1.127462336666667
950.849	-1.099853336666667
952.517	-1.0715193366666669
954.186	-1.077804336666667
955.854	-1.032495336666667
957.522	-1.0663763366666668
959.19	-0.9823363366666669
960.858	-1.0202453366666666
962.526	-0.9009923366666669
964.195	-0.9437243366666669
965.863	-0.8237583366666671
967.531	-0.911365336666667
969.199	-0.8087403366666669
970.867	-0.929610336666667
972.535	-0.8128213366666671
974.203	-0.927054336666667
975.872	-0.7895773366666669
977.54	-0.900573336666667
979.208	-0.7619013366666669
980.876	-0.8964123366666668
982.544	-0.764927336666667
984.212	-0.9253863366666669
985.881	-0.786196336666667
987.549	-0.9508903366666669
989.217	-0.794335336666667
990.885	-0.9502383366666669
992.553	-0.7793993366666669
994.221	-0.925634336666667
995.89	-0.739766336666667
997.558	-0.9004033366666668
999.226	-0.706231336666667
1000.89	-0.882188336666667
1002.56	-0.703591336666667
1004.23	-0.8966903366666671
1005.9	-0.720304336666667
1007.57	-0.9181713366666668
1009.23	-0.720247336666667
1010.9	-0.916936336666667
1012.57	-0.6962383366666669
1014.24	-0.959668336666667
1015.91	-0.439094336666667
1017.58	-0.142994336666667
1019.24	0.49011266333333303
1020.91	0.633726663333333
1022.58	0.8146716633333331
1024.25	0.2849476633333331
1025.92	0.074618663333333
1027.58	-0.6547227366666667
1029.25	-0.6618033366666669
1030.92	-0.8279083366666669
1032.59	-0.6577303366666669
1034.26	-0.8364493366666672
1035.93	-0.6352443366666669
1037.59	-0.8052763366666669
1039.26	-0.5913963366666669
1040.93	-0.771370336666667
1042.6	-0.570591336666667
1044.27	-0.7825303366666668
1045.93	-0.5845373366666669
1047.6	-0.7985863366666669
1049.27	-0.5905953366666671
1050.94	-0.7940153366666669
1052.61	-0.571878336666667
1054.28	-0.7695523366666668
1055.94	-0.547999336666667
1057.61	-0.7609203366666669
1059.28	-0.546670336666667
1060.95	-0.7744903366666671
1062.62	-0.562074336666667
1064.28	-0.7890693366666671
1065.95	-0.5612433366666669
1067.62	-0.7748663366666669
1069.29	-0.5426813366666672
1070.96	-0.7772053366666668
1072.62	-0.5523163366666669
1074.29	-0.799609336666667
1075.96	-0.5613782366666669
1077.63	-0.7960388366666669
1079.3	-0.5329755366666669
1080.97	-0.763158336666667
1082.63	-0.490452336666667
1084.3	-0.7380267766666668
1085.97	-0.4621235366666669
1087.64	-0.6953937366666668
1089.31	-0.4617753366666667
1090.97	0.30388366333333316
1092.64	16.309197663333332
1094.31	32.830507663333336
1095.98	48.062057663333334
1097.65	55.15264766333333
1099.32	49.724727663333326
1100.98	34.878727663333336
1102.65	18.737470663333333
1104.32	1.464576863333333
1105.99	-1.0232525166666668
1107.66	-0.728671936666667
1109.32	-0.7624329366666669
1110.99	-0.626269736666667
1112.66	-0.4408198366666669
1114.33	-0.42785623666666694
1116.0	-0.29680593666666705
1117.66	-0.5209343366666669
1119.33	-0.5171192366666668
1121.0	-0.8830826366666671
1122.67	-0.9576508066666667
1124.34	-1.1422544366666672
1126.01	-0.9976884366666668
1127.67	-1.0648353366666667
1129.34	-0.770853336666667
1131.01	-0.8115522366666669
1132.68	-0.522966336666667
1134.35	-0.669335336666667
1136.01	-0.5234523366666669
1137.68	-0.6922793366666669
1139.35	-0.5400233366666669
1141.02	-0.719960336666667
1142.69	-0.5677763366666669
1144.36	-0.7524733366666669
1146.02	-0.592068336666667
1147.69	-0.771748336666667
1149.36	-0.6000023366666669
1151.03	-0.7740383366666669
1152.7	-0.5993323366666669
1154.36	-0.773547336666667
1156.03	-0.6085943366666668
1157.7	-0.794926336666667
1159.37	-0.6455243366666671
1161.04	-0.8279453366666669
1162.71	-0.6770363366666671
1164.37	-0.837251336666667
1166.04	-0.655246336666667
1167.71	-0.764448336666667
1169.38	-0.602633336666667
1171.05	-0.6881652366666671
1172.71	-0.5987538366666671
1174.38	0.8163437633333332
1176.05	6.226192663333334
1177.72	10.778263376333332
1179.39	14.935812663333332
1181.05	15.645315663333331
1182.72	13.105583663333334
1184.39	8.259749663333334
1186.06	3.4176659633333335
1187.73	-0.749517308666667
1189.4	-0.572118236666667
1191.06	-0.855824536666667
1192.73	-0.594365336666667
1194.4	-0.8632683366666669
1196.07	-0.6054503366666669
1197.74	-0.8419323366666669
1199.4	-0.5775623366666669
1201.07	-0.8048933366666671
1202.74	-0.544632336666667
1204.41	-0.766917336666667
1206.08	-0.510275336666667
1207.75	-0.736210336666667
1209.41	-0.49963333666666704
1211.08	-0.7327613366666672
1212.75	-0.5019833366666668
1214.42	-0.740395336666667
1216.09	-0.502785336666667
1217.75	-0.7331563366666671
1219.42	-0.503141336666667
1221.09	-0.7428943366666669
1222.76	-0.512937336666667
1224.43	-0.7455923366666669
1226.1	-0.5136963366666668
1227.76	-0.749612336666667
1229.43	-0.510951336666667
1231.1	-0.741509336666667
1232.77	-0.5054453366666669
1234.44	-0.7256553366666669
1236.1	-0.482582336666667
1237.77	-0.699020336666667
1239.44	-0.46487333666666686
1241.11	-0.708178336666667
1242.78	-0.4837763366666669
1244.44	-0.726790336666667
1246.11	-0.5012843366666668
1247.78	-0.734779336666667
1249.45	-0.502506336666667
1251.12	-0.7302203366666669
1252.79	-0.4942453366666669
1254.45	-0.726121336666667
1256.12	-0.49449333666666695
1257.79	-0.7243933366666669
1259.46	-0.49097633666666685
1261.13	-0.731142336666667
1262.79	-0.507562336666667
1264.46	-0.743128336666667
1266.13	-0.5085763366666669
1267.8	-0.741410336666667
1269.47	-0.504569336666667
1271.14	-0.7378933366666669
1272.8	-0.502235336666667
1274.47	-0.7426203366666672
1276.14	-0.4995423366666669
1277.81	-0.7169263366666672
1279.48	-0.46467933666666694
1281.14	-0.6876543366666669
1282.81	-0.4468063366666669
1284.48	-0.6350453366666671
1286.15	-0.33824333666666695
1287.82	-0.557303336666667
1289.49	-0.32915833666666705
1291.15	-0.622682336666667
1292.82	-0.4558833366666669
1294.49	-0.7736503366666669
1296.16	-0.5882773366666669
1297.83	-0.8280463366666669
1299.49	-0.529331336666667
1301.16	-0.6786273366666671
1302.83	-0.1465203366666669
1304.5	-0.387187336666667
1306.17	-0.22434933666666695
1307.83	-0.7627983366666669
1309.5	-0.915953336666667
1311.17	-1.4838093366666674
1312.84	-1.372585336666667
1314.51	-1.6379233366666668
1316.18	-1.1414443366666671
1317.84	-1.3040183366666667
1319.51	-1.0286893366666667
1321.18	-1.284889336666667
1322.85	-1.058130336666667
1324.52	-1.359320636666667
1326.18	-1.136640336666667
1327.85	-1.4085206366666667
1329.52	-1.2010295366666668
1331.19	-1.626603436666667
1332.86	-1.083478836666667
1334.53	-0.653679036666667
1336.19	0.29122916333333315
1337.86	0.4612582633333332
1339.53	1.2626016633333332
1341.2	1.947965663333333
1342.87	3.0774138633333328
1344.53	3.3673666633333332
1346.2	3.8430817633333327
1347.87	3.275771663333333
1349.54	2.568675663333333
1351.21	1.0280346633333328
1352.88	0.28099966333333304
1354.54	-0.08301233666666685
1356.21	0.13682166333333295
1357.88	-0.10086233666666704
1359.55	0.12802866333333301
1361.22	-0.07326133666666697
1362.88	0.13243766333333323
1364.55	-0.12206333666666694
1366.22	0.05560366333333313
1367.89	-0.23972633666666696
1369.56	-0.08748233666666687
1371.22	-0.31712833666666695
1372.89	-0.11178133666666694
1374.56	-0.334362336666667
1376.23	-0.1266543366666669
1377.9	-0.3753993366666669
1379.57	-0.180168336666667
1381.23	-0.44199633666666693
1382.9	-0.23607033666666705
1384.57	-0.47203533666666697
1386.24	-0.2347343366666669
1387.91	-0.44613733666666705
1389.57	-0.21233533666666707
1391.24	-0.4409183366666669
1392.91	-0.22214733666666694
1394.58	-0.46433633666666696
1396.25	-0.238812336666667
1397.92	-0.483640336666667
1399.58	-0.25997533666666695
1401.25	-0.503439336666667
1402.92	-0.2901203366666669
1404.59	-0.5321143366666671
1406.26	-0.29078033666666697
1407.92	-0.5265473366666671
1409.59	-0.284825336666667
1411.26	-0.540377336666667
1412.93	-0.338461336666667
1414.6	-0.6142073366666669
1416.27	-0.41763933666666697
1417.93	-0.681761336666667
1419.6	-0.44789733666666687
1421.27	-0.7095723366666669
1422.94	-0.49014233666666696
1424.61	-0.762073336666667
1426.27	-0.5650703366666668
1427.94	-0.854771336666667
1429.61	-0.677501336666667
1431.28	-0.9741403366666672
1432.95	-0.8929641366666671
1434.61	-0.994271136666667
1436.28	-0.475527436666667
1437.95	-0.3285538366666668
1439.62	0.3422925633333331
1441.29	0.3255716633333331
1442.96	0.5842428633333331
1444.62	0.30710966333333306
1446.29	0.2923296633333331
1447.96	-0.06790733666666685
1449.63	0.13022666333333305
1451.3	-0.267654336666667
1452.96	-0.13412733666666704
1454.63	-0.5518793366666668
1456.3	-0.3772783366666669
1457.97	-0.7168147366666672
1459.64	-0.502998336666667
1461.31	-0.9118579366666669
1462.97	-0.7355697366666671
1464.64	-1.182218136666667
1466.31	-0.929663436666667
1467.98	-1.4129375366666672
1469.65	0.38977496333333306
1471.31	4.514015663333332
1472.98	8.835886663333334
1474.65	12.084543663333333
1476.32	13.268034663333333
1477.99	10.959600663333333
1479.65	7.925746663333332
1481.32	4.467707763333332
1482.99	3.8569070633333338
1484.66	6.597489663333333
1486.33	8.982290663333334
1488.0	9.916668663333335
1489.66	9.296671663333331
1491.33	6.856943863333332
1493.0	4.359963363333334
1494.67	1.832166463333333
1496.34	0.8588206633333331
1498.0	0.541649663333333
1499.67	0.5954456633333332
1501.34	0.3528176633333331
1503.01	0.46714866333333305
1504.68	0.22719666333333305
1506.35	0.38558166333333305
1508.01	0.14613466333333297
1509.68	0.34380966333333307
1511.35	0.1271766633333331
1513.02	0.340230663333333
1514.69	0.08224866333333303
1516.35	0.404118663333333
1518.02	0.5423556633333332
1519.69	1.017681663333333
1521.36	1.009067663333333
1523.03	1.1674106633333328
1524.7	0.6629116633333331
1526.36	0.495517663333333
1528.03	-0.11118833666666697
1529.7	-0.14463733666666695
1531.37	-0.31179833666666695
1533.04	-0.09025233666666695
1534.7	-0.28078133666666705
1536.37	-0.050463336666667045
1538.04	-0.23402833666666698
1539.71	-0.0013493366666669892
1541.38	-0.21766133666666693
1543.04	-0.00413933666666697
1544.71	-0.23870433666666696
1546.38	-0.024098336666666987
1548.05	-0.24952233666666696
1549.72	-0.037494336666666905
1551.39	-0.272406336666667
1553.05	-0.05010233666666695
1554.72	-0.28074333666666695
1556.39	-0.034971336666666894
1558.06	-0.23444733666666698
1559.73	0.02573666333333304
1561.39	-0.17312833666666694
1563.06	0.06748466333333303
1564.73	-0.1689603366666669
1566.4	0.0511516633333331
1568.07	-0.20494133666666703
1569.74	0.026994663333333113
1571.4	-0.18124233666666695
1573.07	0.07000566333333307
1574.74	-0.13241933666666697
1576.41	0.11457266333333296
1578.08	-0.11129833666666693
1579.74	0.1446156633333331
1581.41	-0.08921933666666688
1583.08	0.1444966633333331
1584.75	-0.11251833666666697
1586.42	0.07696466333333304
1588.09	-0.21201333666666694
1589.75	-0.009581336666666962
1591.42	-0.27986533666666696
1593.09	-0.03465433666666691
1594.76	-0.3142083366666669
1596.43	-0.08310233666666686
1598.09	-0.28910933666666694
1599.76	0.021990663333333015
1601.43	-0.13626533666666701
1603.1	0.20883066333333294
1604.77	-0.015141336666666927
1606.43	0.2559216633333331
1608.1	-0.045659336666666925
1609.77	0.20468966333333305
1611.44	0.021002663333333026
1613.11	0.361505663333333
1614.78	0.15185766333333314
1616.44	0.45133766333333314
1618.11	0.14338766333333314
1619.78	0.38165066333333286
1621.45	0.02728466333333306
1623.12	0.30728466333333304
1624.78	0.060217663333333074
1626.45	0.4426176633333331
1628.12	0.18745366333333294
1629.79	0.537404663333333
1631.46	0.21746166333333297
1633.13	0.531829663333333
1634.79	0.159786663333333
1636.46	0.537624663333333
1638.13	0.2126296633333331
1639.8	0.7008346633333332
1641.47	0.37645066333333316
1643.13	0.9521696633333331
1644.8	0.6111063633333332
1646.47	1.5704556633333329
1648.14	1.2188436633333333
1649.81	5.559869663333333
1651.48	14.098383663333333
1653.14	20.712367663333332
1654.81	25.232787663333333
1656.48	24.308537663333333
1658.15	17.679027663333333
1659.82	9.766384663333332
1661.48	1.689797363333333
1663.15	-2.064706336666667
1664.82	1.1751165833333332
1666.49	3.0833116633333333
1668.16	4.900115963333333
1669.82	5.108319663333332
1671.49	4.365917663333333
1673.16	2.349259763333333
1674.83	1.4589327433333332
1676.5	1.9077990633333335
1678.17	2.846920563333333
1679.83	4.005879663333333
1681.5	3.788303663333333
1683.17	2.884531863333333
1684.84	1.4585095633333331
1686.51	0.025865353333333018
1688.17	-0.8700657366666672
1689.84	-0.429248936666667
1691.51	-0.7131553366666669
1693.18	-0.4115033366666669
1694.85	-0.637501336666667
1696.52	-0.39374733666666706
1698.18	-0.617237336666667
1699.85	-0.40468633666666703
1701.52	-0.631810336666667
1703.19	-0.3994903366666669
1704.86	-0.5891603366666669
1706.52	-0.31713833666666685
1708.19	-0.4620893366666669
1709.86	-0.20781733666666685
1711.53	-0.40830433666666693
1713.2	-0.20429633666666686
1714.87	-0.44013933666666694
1716.53	-0.275211336666667
1718.2	-0.531434336666667
1719.87	-0.344257336666667
1721.54	-0.5573683366666671
1723.21	-0.32145233666666695
1724.87	-0.4989043366666671
1726.54	-0.24885733666666696
1728.21	-0.4238463366666668
1729.88	-0.20964033666666695
1731.55	-0.43167833666666694
1733.21	-0.217321336666667
1734.88	-0.436907336666667
1736.55	-0.21800333666666694
1738.22	-0.432975336666667
1739.89	-0.225239336666667
1741.56	-0.4096533366666669
1743.22	-0.17697533666666693
1744.89	-0.378680336666667
1746.56	-0.1562363366666668
1748.23	-0.398435336666667
1749.9	-0.1888023366666669
1751.56	-0.41402233666666693
1753.23	-0.18637233666666697
1754.9	-0.3632813366666669
1756.57	-0.11054933666666704
1758.24	-0.33321233666666694
1759.91	-0.12827633666666696
1761.57	-0.3949733366666669
1763.24	-0.2061283366666669
1764.91	-0.45757233666666697
1766.58	-0.23785933666666695
1768.25	-0.45620433666666693
1769.91	-0.205125336666667
1771.58	-0.4297083366666669
1773.25	-0.18594033666666698
1774.92	-0.42189933666666696
1776.59	-0.187696336666667
1778.25	-0.41296833666666694
1779.92	-0.14575433666666693
1781.59	-0.35635433666666694
1783.26	-0.06988133666666693
1784.93	-0.3137393366666669
1786.6	-0.06045133666666693
1788.26	-0.34024133666666695
1789.93	-0.11394533666666695
1791.6	-0.40357733666666695
1793.27	-0.151730336666667
1794.94	-0.41879133666666685
1796.6	-0.11323533666666696
1798.27	-0.38224633666666696
1799.94	-0.05241733666666688
1801.61	-0.32426033666666704
1803.28	0.009570663333332962
1804.95	-0.3067943366666669
1806.61	0.05457366333333304
1808.28	-0.34701653666666704
1809.95	0.118191363333333
1811.62	-0.5269830366666669
1813.29	0.9132256633333329
1814.95	3.673836063333333
1816.62	6.098904663333333
1818.29	7.845006663333332
1819.96	8.085079663333332
1821.63	5.930887663333333
1823.3	3.692196663333333
1824.96	0.6888496633333329
1826.63	-0.8677836366666669
1828.3	-0.4380023766666669
1829.97	-0.44918923666666694
1831.64	-0.421890336666667
1833.3	-0.3437043366666669
1834.97	-0.420570336666667
1836.64	-0.3249303366666668
1838.31	-0.40272033666666696
1839.98	-0.27042333666666696
1841.64	-0.399919336666667
1843.31	-0.28611533666666694
1844.98	-0.447647336666667
1846.65	-0.30238533666666695
1848.32	-0.4102433366666668
1849.99	-0.224147336666667
1851.65	-0.34449933666666693
1853.32	-0.2020143366666669
1854.99	-0.358947336666667
1856.66	-0.202271336666667
1858.33	-0.3503443366666669
1859.99	-0.15501233666666706
1861.66	-0.2951383366666669
1863.33	-0.12148433666666696
1865.0	-0.287119336666667
1866.67	-0.14043933666666697
1868.34	-0.32828433666666695
1870.0	-0.13029733666666693
1871.67	-0.320878336666667
1873.34	-0.13445833666666687
1875.01	-0.326069336666667
1876.68	-0.15763233666666693
1878.34	-0.34986633666666694
1880.01	-0.16717133666666695
1881.68	-0.36161833666666693
1883.35	-0.16889633666666698
1885.02	-0.35001133666666695
1886.69	-0.1622433366666669
1888.35	-0.33654933666666703
1890.02	-0.14015433666666696
1891.69	-0.315332336666667
1893.36	-0.13428133666666692
1895.03	-0.3212793366666669
1896.69	-0.15825633666666702
1898.36	-0.3507803366666669
1900.03	-0.18272933666666696
1901.7	-0.376627336666667
1903.37	-0.18316933666666696
1905.03	-0.364745336666667
1906.7	-0.14565333666666697
1908.37	-0.28810033666666696
1910.04	-0.0574163366666669
1911.71	-0.21477833666666699
1913.38	-0.022981336666666952
1915.04	-0.234417336666667
1916.71	-0.07961833666666696
1918.38	-0.308191336666667
1920.05	-0.13837733666666696
1921.72	-0.3250673366666669
1923.38	-0.11715933666666692
1925.05	-0.286281336666667
1926.72	-0.08596933666666691
1928.39	-0.25787633666666687
1930.06	-0.07812833666666692
1931.73	-0.26353033666666686
1933.39	-0.08324833666666694
1935.06	-0.2801243366666669
1936.73	-0.105328336666667
1938.4	-0.31230933666666694
1940.07	-0.15675633666666697
1941.73	-0.3693673366666669
1943.4	-0.2128883366666669
1945.07	-0.4032833366666669
1946.74	-0.18696433666666698
1948.41	-0.33822833666666696
1950.08	-0.10615233666666687
1951.74	-0.2684303366666669
1953.41	-0.07933833666666686
1955.08	-0.28195133666666694
1956.75	-0.116737336666667
1958.42	-0.316885336666667
1960.08	-0.122602336666667
1961.75	-0.299354336666667
1963.42	-0.080573336666667
1965.09	-0.23062933666666702
1966.76	-0.008418336666666937
1968.42	-0.1663153366666669
1970.09	0.01602366333333305
1971.76	-0.19400133666666694
1973.43	-0.04665033666666685
1975.1	-0.27519133666666695
1976.77	-0.10299033666666704
1978.43	-0.28255933666666694
1980.1	-0.05958933666666701
1981.77	-0.1987513366666669
1983.44	0.03942766333333307
1985.11	-0.141039336666667
1986.77	0.02976566333333306
1988.44	-0.2177333366666669
1990.11	-0.05637433666666691
1991.78	-0.25579633666666696
1993.45	-0.04983033666666699
1995.12	-0.21104033666666688
1996.78	0.010005663333333104
1998.45	-0.190709336666667
2000.12	0.0012046633333330447
2001.79	-0.22766733666666691
2003.46	-0.05478433666666702
2005.12	-0.2587753366666669
2006.79	-0.06572333666666705
2008.46	-0.2533683366666669
2010.13	-0.053961336666666956
2011.8	-0.25095933666666687
2013.47	-0.09700233666666698
2015.13	-0.30788233666666703
2016.8	-0.09075533666666705
2018.47	-0.2437433366666669
2020.14	0.051444663333333154
2021.81	-0.06397133666666707
2023.47	0.15861766333333302
2025.14	-0.025130336666666954
2026.81	0.12082166333333308
2028.48	-0.10079333666666694
2030.15	0.09288066333333304
2031.81	-0.11689033666666707
2033.48	0.07593566333333306
2035.15	-0.1347293366666671
2036.82	0.03936966333333305
2038.49	-0.16238233666666693
2040.16	0.047580663333332975
2041.82	-0.11986533666666692
2043.49	0.089104663333333
2045.16	-0.11383833666666696
2046.83	0.0622286633333331
2048.5	-0.17907233666666694
2050.16	-0.02084133666666701
2051.83	-0.23575233666666695
2053.5	-0.022930336666666974
2055.17	-0.18528833666666697
2056.84	0.04435666333333299
2058.51	-0.11878533666666699
2060.17	0.1172716633333331
2061.84	-0.06199633666666693
2063.51	0.11907966333333304
2065.18	-0.13206233666666697
2066.85	0.004357663333332961
2068.51	-0.26392333666666684
2070.18	-0.10204533666666693
2071.85	-0.295250336666667
2073.52	-0.060886336666666895
2075.19	-0.20220433666666696
2076.86	0.04527566333333306
2078.52	-0.13680733666666695
2080.19	0.06360366333333305
2081.86	-0.1346993366666669
2083.53	0.06906266333333311
2085.2	-0.12512933666666695
2086.86	0.06368366333333308
2088.53	-0.15563933666666702
2090.2	0.002262663333333004
2091.87	-0.2306833366666669
2093.54	-0.07005933666666694
2095.2	-0.270805336666667
2096.87	-0.05262233666666698
2098.54	-0.22384333666666692
2100.21	0.001620663333333061
2101.88	-0.14820133666666693
2103.55	0.0993286633333331
2105.21	-0.05284433666666692
2106.88	0.162817663333333
2108.55	-0.03936233666666693
2110.22	0.123431663333333
2111.89	-0.11452633666666694
2113.55	0.06021966333333299
2115.22	-0.1360883366666669
2116.89	0.06651266333333306
2118.56	-0.12761633666666694
2120.23	0.061926663333332986
2121.9	-0.14194733666666698
2123.56	0.053385663333332986
2125.23	-0.13200433666666694
2126.9	0.09942666333333308
2128.57	-0.07251833666666699
2130.24	0.12542766333333302
2131.9	-0.08645333666666692
2133.57	0.07751766333333307
2135.24	-0.16740133666666698
2136.91	0.003211663333333048
2138.58	-0.19319833666666703
2140.24	0.022116663333333085
2141.91	-0.15473333666666686
2143.58	0.041643663333332984
2145.25	-0.16318033666666693
2146.92	0.022675663333333106
2148.59	-0.17888933666666698
2150.25	0.03630666333333297
2151.92	-0.13933233666666692
2153.59	0.07300966333333299
2155.26	-0.12009633666666701
2156.93	0.07840266333333297
2158.59	-0.10277733666666693
2160.26	0.11899666333333303
2161.93	-0.06717233666666692
2163.6	0.14456666333333304
2165.27	-0.05882733666666686
2166.94	0.12248466333333297
2168.6	-0.07468933666666695
2170.27	0.13021766333333296
2171.94	-0.05416333666666686
2173.61	0.15646066333333303
2175.28	-0.04983533666666688
2176.94	0.12372666333333301
2178.61	-0.08999533666666695
2180.28	0.07405566333333313
2181.95	-0.13962233666666696
2183.62	0.05072466333333301
2185.29	-0.13023133666666692
2186.95	0.07527166333333306
2188.62	-0.069938336666667
2190.29	0.125546663333333
2191.96	-0.07282933666666698
2193.63	0.095409663333333
2195.29	-0.12671633666666696
2196.96	0.03533666333333296
2198.63	-0.16168833666666696
2200.3	0.02874066333333305
2201.97	-0.118698336666667
2203.63	0.09273166333333309
2205.3	-0.062258336666666914
2206.97	0.15944266333333307
2208.64	-0.0037803366666669725
2210.31	0.2020996633333331
2211.98	0.017376663333333032
2213.64	0.23970766333333318
2215.31	0.0653736633333331
2216.98	0.2616196633333331
2218.65	0.065770663333333
2220.32	0.22742466333333308
2221.98	0.024158663333333007
2223.65	0.21553766333333302
2225.32	0.036336663333332984
2226.99	0.25831766333333295
2228.66	0.06054666333333301
2230.33	0.23197066333333308
2231.99	0.008626663333333128
2233.66	0.1656106633333331
2235.33	-0.022899336666666992
2237.0	0.16440166333333311
2238.67	-0.032112336666667
2240.33	0.15287466333333302
2242.0	-0.06026633666666692
2243.67	0.133286663333333
2245.34	-0.06468133666666702
2247.01	0.143463663333333
2248.68	-0.006306336666667
2250.34	0.21569166333333323
2252.01	0.033028663333332986
2253.68	0.21743366333333308
2255.35	0.003378663333333076
2257.02	0.17260766333333302
2258.68	-0.04846033666666698
2260.35	0.14855566333333306
2262.02	-0.02827733666666692
2263.69	0.18238466333333297
2265.36	-0.003948336666667007
2267.02	0.1868426633333331
2268.69	0.007065663333333028
2270.36	0.20759766333333302
2272.03	0.04028366333333309
2273.7	0.24762766333333297
2275.37	0.075343663333333
2277.03	0.2676236633333331
2278.7	0.052045663333333006
2280.37	0.20596366333333305
2282.04	-0.0034733366666669595
2283.71	0.15899766333333304
2285.37	-0.02132633666666699
2287.04	0.16197066333333304
2288.71	-0.023216336666666847
2290.38	0.1635626633333332
2292.05	-0.04506133666666701
2293.72	0.14166866333333292
2295.38	-0.04962433666666697
2297.05	0.163648663333333
2298.72	0.03102666333333306
2300.39	0.273469663333333
2302.06	0.13833266333333305
2303.72	0.3480666633333331
2305.39	0.126078663333333
2307.06	0.262728663333333
2308.73	0.002806663333333059
2310.4	0.15456866333333302
2312.07	-0.03150033666666689
2313.73	0.21133666333333298
2315.4	0.06897766333333313
2317.07	0.3055666633333331
2318.74	0.13988166333333313
2320.41	0.31572366333333296
2322.07	0.10586066333333304
2323.74	0.27497566333333306
2325.41	0.0595306633333331
2327.08	0.2722296633333329
2328.75	0.0896746633333331
2330.41	0.30567766333333324
2332.08	0.1346926633333331
2333.75	0.3128796633333331
2335.42	0.13189266333333305
2337.09	0.2959406633333331
2338.76	0.08156166333333306
2340.42	0.27010466333333305
2342.09	0.060873663333332974
2343.76	0.257976663333333
2345.43	0.08004566333333307
2347.1	0.2664456633333331
2348.76	0.07425666333333307
2350.43	0.24497266333333306
2352.1	0.050147663333333
2353.77	0.26953766333333307
2355.44	0.10505266333333312
2357.11	0.329835663333333
2358.77	0.143056663333333
2360.44	0.2929856633333331
2362.11	0.04748266333333295
2363.78	0.18709566333333308
2365.45	-0.006112336666666884
2367.11	0.21247766333333304
2368.78	0.04065466333333312
2370.45	0.24780866333333304
2372.12	0.054791663333333095
2373.79	0.21230266333333297
2375.46	-0.017082336666666986
2377.12	0.146027663333333
2378.79	-0.03171433666666697
2380.46	0.20664366333333312
2382.13	0.09252466333333312
2383.8	0.36161566333333306
2385.46	0.21334666333333305
2387.13	0.43914566333333305
2388.8	0.21231766333333307
2390.47	0.3723886633333331
2392.14	0.15646266333333303
2393.8	0.32055266333333304
2395.47	0.13720166333333306
2397.14	0.33979166333333316
2398.81	0.16689866333333306
2400.48	0.39207766333333294
2402.15	0.21677766333333306
2403.81	0.4119266633333331
2405.48	0.214578663333333
2407.15	0.38420066333333314
2408.82	0.1463336633333332
2410.49	0.29641266333333316
2412.15	0.098452663333333
2413.82	0.274372663333333
2415.49	0.09122066333333292
2417.16	0.28516566333333304
2418.83	0.093924663333333
2420.5	0.2569096633333331
2422.16	0.01891666333333313
2423.83	0.1762386633333331
2425.5	-0.026427336666666922
2427.17	0.18676166333333297
2428.84	0.04616466333333298
2430.5	0.26782266333333316
2432.17	0.12129466333333308
2433.84	0.289514663333333
2435.51	0.08182066333333302
2437.18	0.27060066333333305
2438.85	0.09590966333333303
2440.51	0.3222246633333331
2442.18	0.16952666333333294
2443.85	0.31781266333333297
2445.52	0.07891166333333302
2447.19	0.19648166333333306
2448.85	-0.0384763366666669
2450.52	0.15493666333333306
2452.19	0.008547663333333011
2453.86	0.26346466333333296
2455.53	0.12793166333333308
2457.19	0.32446466333333296
2458.86	0.11218866333333319
2460.53	0.279398663333333
2462.2	0.059355663333332934
2463.87	0.263013663333333
2465.54	0.09635066333333309
2467.2	0.331585663333333
2468.87	0.18604766333333314
2470.54	0.39811866333333307
2472.21	0.23795466333333307
2473.88	0.438343663333333
2475.54	0.24667066333333296
2477.21	0.430897663333333
2478.88	0.21258166333333306
2480.55	0.35222366333333305
2482.22	0.14433666333333303
2483.89	0.32395566333333314
2485.55	0.15738166333333306
2487.22	0.35871366333333304
2488.89	0.15783266333333304
2490.56	0.284871663333333
2492.23	0.051796663333333014
2493.89	0.20166466333333308
2495.56	0.018781663333332997
2497.23	0.255375663333333
2498.9	0.14027866333333305
2500.57	0.37406266333333305
2502.23	0.23886366333333306
2503.9	0.4218636633333331
2505.57	0.2431636633333331
2507.24	0.434813663333333
2508.91	0.2621346633333331
2510.58	0.44829166333333303
2512.24	0.29133766333333305
2513.91	0.4846816633333331
2515.58	0.3175076633333331
2517.25	0.5285396633333331
2518.92	0.38124266333333307
2520.58	0.5890146633333332
2522.25	0.39493566333333313
2523.92	0.5323326633333331
2525.59	0.280948663333333
2527.26	0.426668663333333
2528.93	0.234653663333333
2530.59	0.46012966333333305
2532.26	0.3143676633333331
2533.93	0.5383086633333329
2535.6	0.3449566633333331
2537.27	0.5186566633333332
2538.93	0.3122596633333331
2540.6	0.5116986633333331
2542.27	0.35668466333333304
2543.94	0.561308663333333
2545.61	0.3580846633333331
2547.28	0.5122116633333332
2548.94	0.28872966333333294
2550.61	0.434593663333333
2552.28	0.2493956633333331
2553.95	0.43597666333333296
2555.62	0.28371966333333304
2557.28	0.4881686633333331
2558.95	0.30002466333333305
2560.62	0.4366846633333331
2562.29	0.22541466333333307
2563.96	0.34802166333333306
2565.62	0.16470366333333306
2567.29	0.33434766333333304
2568.96	0.13350766333333305
2570.63	0.31434866333333306
2572.3	0.1387926633333331
2573.97	0.30596966333333303
2575.63	0.145184663333333
2577.3	0.3434366633333329
2578.97	0.17021666333333302
2580.64	0.37960666333333304
2582.31	0.23071466333333307
2583.97	0.457427663333333
2585.64	0.32816866333333305
2587.31	0.5546756633333331
2588.98	0.40448366333333297
2590.65	0.5955346633333332
2592.32	0.36958266333333306
2593.98	0.5191306633333331
2595.65	0.32057466333333307
2597.32	0.4983696633333331
2598.99	0.3364086633333331
2600.66	0.5479976633333331
2602.32	0.386942663333333
2603.99	0.5704236633333328
2605.66	0.348339663333333
2607.33	0.48702666333333317
2609.0	0.3080286633333331
2610.67	0.488199663333333
2612.33	0.3323006633333331
2614.0	0.5230516633333329
2615.67	0.35304966333333304
2617.34	0.5268646633333329
2619.01	0.4011286633333331
2620.67	0.6564906633333332
2622.34	0.5830876633333331
2624.01	0.8331436633333329
2625.68	0.666966663333333
2627.35	0.777336663333333
2629.01	0.549159663333333
2630.68	0.6917386633333331
2632.35	0.5163486633333328
2634.02	0.7232696633333331
2635.69	0.5089456633333329
2637.36	0.594172663333333
2639.02	0.31143566333333317
2640.69	0.4084926633333332
2642.36	0.20107266333333298
2644.03	0.40946766333333295
2645.7	0.261172663333333
2647.36	0.472836663333333
2649.03	0.276745663333333
2650.7	0.436403663333333
2652.37	0.22777266333333293
2654.04	0.3899786633333332
2655.71	0.19744466333333316
2657.37	0.36883466333333303
2659.04	0.20768566333333305
2660.71	0.40418166333333316
2662.38	0.22784866333333303
2664.05	0.4591636633333328
2665.71	0.296188663333333
2667.38	0.5350756633333331
2669.05	0.41619566333333297
2670.72	0.6420766633333331
2672.39	0.5124016633333331
2674.06	0.716516663333333
2675.72	0.515484663333333
2677.39	0.7017346633333332
2679.06	0.485303663333333
2680.73	0.6248416633333329
2682.4	0.4086786633333329
2684.06	0.563175663333333
2685.73	0.35206666333333314
2687.4	0.5128386633333332
2689.07	0.3355086633333332
2690.74	0.551238663333333
2692.4	0.421572663333333
2694.07	0.6417986633333331
2695.74	0.46029466333333324
2697.41	0.621885663333333
2699.08	0.3959376633333332
2700.75	0.5319746633333329
2702.41	0.3544336633333331
2704.08	0.5525246633333329
2705.75	0.39909466333333304
2707.42	0.580789663333333
2709.09	0.38779266333333307
2710.75	0.562725663333333
2712.42	0.41976666333333307
2714.09	0.6433616633333333
2715.76	0.572981663333333
2717.43	0.7993136633333331
2719.1	0.6950746633333331
2720.76	0.9089826633333331
2722.43	0.747286663333333
2724.1	0.875352663333333
2725.77	0.624652663333333
2727.44	0.6543556633333332
2729.1	0.3741116633333331
2730.77	0.4272406633333331
2732.44	0.20252266333333308
2734.11	0.3804896633333331
2735.78	0.26438866333333294
2737.45	0.48681366333333304
2739.11	0.3848916633333331
2740.78	0.5726306633333331
2742.45	0.4307756633333331
2744.12	0.6248406633333328
2745.79	0.47917966333333323
2747.45	0.697480663333333
2749.12	0.5889786633333332
2750.79	0.7840876633333327
2752.46	0.601131663333333
2754.13	0.700567663333333
2755.79	0.45458266333333297
2757.46	0.5727606633333332
2759.13	0.4101426633333329
2760.8	0.618140663333333
2762.47	0.480907663333333
2764.14	0.6837306633333331
2765.8	0.5070386633333331
2767.47	0.6517246633333331
2769.14	0.470434663333333
2770.81	0.6520566633333331
2772.48	0.530663663333333
2774.14	0.7153496633333332
2775.81	0.5571966633333331
2777.48	0.719208663333333
2779.15	0.5836456633333331
2780.82	0.7429266633333331
2782.49	0.5985526633333331
2784.15	0.7853916633333332
2785.82	0.6039596633333331
2787.49	0.7035476633333332
2789.16	0.47069666333333304
2790.83	0.579101663333333
2792.49	0.44556766333333303
2794.16	0.639216663333333
2795.83	0.537247663333333
2797.5	0.7719776633333331
2799.17	0.633388663333333
2800.84	0.8237816633333331
2802.5	0.6816126633333331
2804.17	0.8790276633333333
2805.84	0.7656446633333331
2807.51	0.964860663333333
2809.18	0.787401663333333
2810.84	0.9176496633333333
2812.51	0.682445663333333
2814.18	0.8175946633333331
2815.85	0.6371266633333332
2817.52	0.817849663333333
2819.18	0.7001036633333332
2820.85	0.919853663333333
2822.52	0.7788306633333331
2824.19	0.9150006633333332
2825.86	0.693412663333333
2827.53	0.8081716633333331
2829.19	0.608158663333333
2830.86	0.779837663333333
2832.53	0.673365663333333
2834.2	0.893445663333333
2835.87	0.7768366633333329
2837.53	0.9172696633333329
2839.2	0.7677656633333332
2840.87	0.8943296633333329
2842.54	0.712172663333333
2844.21	0.8484186633333332
2845.88	0.6955066633333331
2847.54	0.8589436633333329
2849.21	0.7118886633333329
2850.88	0.8652896633333331
2852.55	0.721005663333333
2854.22	0.874895663333333
2855.88	0.7061676633333333
2857.55	0.8729656633333329
2859.22	0.7256596633333331
2860.89	0.838972663333333
2862.56	0.605591663333333
2864.22	0.732277663333333
2865.89	0.520423663333333
2867.56	0.689253663333333
2869.23	0.5627036633333331
2870.9	0.7586816633333331
2872.57	0.6275916633333329
2874.23	0.7800366633333329
2875.9	0.5909646633333331
2877.57	0.7719756633333331
2879.24	0.6550776633333332
2880.91	0.8171816633333331
2882.57	0.712674663333333
2884.24	0.9356116633333331
2885.91	0.807962663333333
2887.58	0.977083663333333
2889.25	0.8003686633333331
2890.92	0.8942936633333328
2892.58	0.721464663333333
2894.25	0.7986036633333331
2895.92	0.570058663333333
2897.59	0.6867636633333332
2899.26	0.496527663333333
2900.92	0.6092446633333332
2902.59	0.46854766333333303
2904.26	0.6290646633333331
2905.93	0.47513766333333296
2907.6	0.6234196633333331
2909.27	0.4809026633333329
2910.93	0.6667426633333331
2912.6	0.593040663333333
2914.27	0.800886663333333
2915.94	0.691498663333333
2917.61	0.8609046633333328
2919.27	0.696992663333333
2920.94	0.8480016633333332
2922.61	0.7295076633333331
2924.28	0.928834663333333
2925.95	0.839642663333333
2927.61	1.045723663333333
2929.28	0.948121663333333
2930.95	1.1315866633333331
2932.62	0.978247663333333
2934.29	1.118686663333333
2935.96	0.9443876633333332
2937.62	1.079670663333333
2939.29	0.9463406633333328
2940.96	1.1074686633333328
2942.63	0.9552816633333331
2944.3	1.092773663333333
2945.96	0.9028596633333331
2947.63	1.0226896633333329
2949.3	0.8699576633333331
2950.97	1.012044663333333
2952.64	0.8813596633333332
2954.31	1.011381663333333
2955.97	0.8249056633333332
2957.64	0.9348616633333331
2959.31	0.8058796633333329
2960.98	0.9922836633333331
2962.65	0.9281036633333329
2964.31	1.1209676633333332
2965.98	1.013367663333333
2967.65	1.1134136633333327
2969.32	0.909866663333333
2970.99	1.0359436633333332
2972.66	0.939041663333333
2974.32	1.1302826633333332
2975.99	0.897230663333333
2977.66	0.9279266633333332
2979.33	0.666242663333333
2981.0	0.7257246633333331
2982.66	0.5851356633333331
2984.33	0.8107296633333331
2986.0	0.724760663333333
2987.67	0.928222663333333
2989.34	0.726871663333333
2991.0	0.8238066633333331
2992.67	0.685561663333333
2994.34	0.8361656633333329
2996.01	0.6771976633333331
2997.68	0.8250266633333331
2999.35	0.6364836633333331
3001.01	0.8017996633333329
3002.68	0.7195996633333331
3004.35	0.9394926633333333
3006.02	0.8614586633333332
3007.69	1.0717316633333327
3009.35	0.9273686633333329
3011.02	1.043163663333333
3012.69	0.7995276633333329
3014.36	0.869555663333333
3016.03	0.7061676633333331
3017.7	0.854640663333333
3019.36	0.7554696633333331
3021.03	0.9660006633333331
3022.7	0.9211506633333331
3024.37	1.100475663333333
3026.04	1.0260506633333328
3027.7	1.2215216633333332
3029.37	1.158318663333333
3031.04	1.315275663333333
3032.71	1.189278663333333
3034.38	1.268988663333333
3036.05	1.105500663333333
3037.71	1.126208663333333
3039.38	0.8834986633333329
3041.05	0.9152406633333332
3042.72	0.750336663333333
3044.39	0.897908663333333
3046.05	0.8542726633333331
3047.72	1.109695663333333
3049.39	1.0832696633333332
3051.06	1.2408896633333328
3052.73	1.112548663333333
3054.39	1.2026416633333332
3056.06	1.101436663333333
3057.73	1.323885663333333
3059.4	1.252811663333333
3061.07	1.461785663333333
3062.74	1.3484366633333333
3064.4	1.3733556633333328
3066.07	1.122762663333333
3067.74	1.0743806633333333
3069.41	0.8009656633333331
3071.08	0.8755386633333332
3072.74	0.722090663333333
3074.41	0.897428663333333
3076.08	0.812634663333333
3077.75	0.941381663333333
3079.42	0.8490986633333328
3081.09	0.9849056633333332
3082.75	0.879729663333333
3084.42	1.072402663333333
3086.09	1.0021526633333329
3087.76	1.161003663333333
3089.43	1.0515426633333331
3091.09	1.1325306633333332
3092.76	0.9838476633333331
3094.43	1.0371276633333328
3096.1	0.8579126633333333
3097.77	0.9274246633333332
3099.44	0.835266663333333
3101.1	0.928705663333333
3102.77	0.8325956633333329
3104.44	0.9592366633333331
3106.11	0.8788226633333329
3107.78	0.9901536633333331
3109.44	0.9000586633333331
3111.11	0.9904376633333332
3112.78	0.9174506633333334
3114.45	0.9675966633333328
3116.12	0.8665056633333332
3117.78	0.989199663333333
3119.45	0.993886663333333
3121.12	1.1595656633333329
3122.79	1.175264663333333
3124.46	1.302240663333333
3126.13	1.255317663333333
3127.79	1.204654663333333
3129.46	1.0793626633333333
3131.13	0.9549706633333328
3132.8	0.9186606633333328
3134.47	0.8342866633333331
3136.13	1.150452663333333
3137.8	2.047034663333333
3139.47	2.7030526633333327
3141.14	3.3581396633333327
3142.81	3.474558663333333
3144.48	3.1391296633333328
3146.14	2.618305663333333
3147.81	1.9621836633333332
3149.48	1.4670526633333332
3151.15	1.566023663333333
3152.82	1.4244446633333334
3154.48	1.366278663333333
3156.15	1.3201606633333332
3157.82	1.241511663333333
3159.49	1.2766236633333328
3161.16	1.026340663333333
3162.83	1.297055663333333
3164.49	1.9675056633333328
3166.16	4.823698663333333
3167.83	12.297555663333334
3169.5	18.19053466333333
3171.17	22.848517663333336
3172.83	22.999951663333334
3174.5	18.69341266333333
3176.17	12.14841166333333
3177.84	6.085186563333333
3179.51	1.0875189633333333
3181.17	1.6306986633333331
3182.84	1.184152663333333
3184.51	1.6278636633333332
3186.18	1.2999266633333328
3187.85	1.574802663333333
3189.52	1.224716663333333
3191.18	1.466892663333333
3192.85	1.2279116633333333
3194.52	1.5385346633333328
3196.19	1.332620663333333
3197.86	1.6205826633333333
3199.52	1.386758663333333
3201.19	1.575698663333333
3202.86	1.2526566633333331
3204.53	1.370984663333333
3206.2	1.067035663333333
3207.87	1.1862216633333333
3209.53	0.8734166633333331
3211.2	1.0453646633333329
3212.87	0.8338046633333331
3214.54	1.0722216633333335
3216.21	0.8913066633333333
3217.87	1.1117876633333332
3219.54	0.9561396633333332
3221.21	1.184155663333333
3222.88	0.9956796633333331
3224.55	1.229594663333333
3226.21	1.074059663333333
3227.88	1.2667726633333332
3229.55	1.123449663333333
3231.22	1.330400663333333
3232.89	1.218122663333333
3234.56	1.4718496633333331
3236.22	1.2994616633333331
3237.89	1.460378663333333
3239.56	1.1878866633333334
3241.23	1.258805663333333
3242.9	1.018982663333333
3244.56	1.1681436633333333
3246.23	1.016323663333333
3247.9	1.222365663333333
3249.57	1.0565796633333333
3251.24	1.2093706633333328
3252.91	1.018894663333333
3254.57	1.2186776633333332
3256.24	1.163652663333333
3257.91	1.427976663333333
3259.58	1.392567663333333
3261.25	1.6057116633333326
3262.91	1.406526663333333
3264.58	1.4507696633333331
3266.25	1.1581546633333333
3267.92	1.2596626633333332
3269.59	1.158319663333333
3271.26	1.341953663333333
3272.92	1.2790146633333332
3274.59	1.465503663333333
3276.26	1.244962663333333
3277.93	1.326466663333333
3279.6	1.0891856633333332
3281.26	1.2527656633333328
3282.93	1.165821663333333
3284.6	1.351692663333333
3286.27	1.192802663333333
3287.94	1.3975006633333331
3289.6	1.329086663333333
3291.27	1.622244663333333
3292.94	1.660529663333333
3294.61	1.981391663333333
3296.28	1.8493146633333333
3297.95	1.9207336633333327
3299.61	1.5711516633333327
3301.28	1.526289663333333
3302.95	1.2623276633333331
3304.62	1.3479196633333328
3306.29	1.206670663333333
3307.95	1.347678663333333
3309.62	1.240682663333333
3311.29	1.400713663333333
3312.96	1.3291196633333329
3314.63	1.497470663333333
3316.3	1.429684663333333
3317.96	1.6091666633333332
3319.63	1.508509663333333
3321.3	1.6210466633333334
3322.97	1.433457663333333
3324.64	1.5222766633333331
3326.3	1.371383663333333
3327.97	1.469237663333333
3329.64	1.3357936633333332
3331.31	1.4290246633333328
3332.98	1.2472286633333332
3334.65	1.4307526633333332
3336.31	1.342561663333333
3337.98	1.624244663333333
3339.65	1.6377066633333328
3341.32	1.8168276633333327
3342.99	1.682222663333333
3344.65	1.7486476633333332
3346.32	1.573161663333333
3347.99	1.8929126633333329
3349.66	1.943090663333333
3351.33	2.2196656633333327
3352.99	2.132921663333333
3354.66	2.1646356633333337
3356.33	1.859509663333333
3358.0	1.795993663333333
3359.67	1.3733456633333332
3361.34	1.4186456633333329
3363.0	1.2492756633333333
3364.67	1.3827706633333328
3366.34	1.303632663333333
3368.01	1.586012663333333
3369.68	1.511287663333333
3371.34	1.676256663333333
3373.01	1.4561046633333325
3374.68	1.5550586633333328
3376.35	1.408843663333333
3378.02	1.5476156633333331
3379.69	1.4621546633333333
3381.35	1.665924663333333
3383.02	1.565719663333333
3384.69	1.619290663333333
3386.36	1.3683346633333333
3388.03	1.3956936633333332
3389.69	1.177827663333333
3391.36	1.314716663333333
3393.03	1.3146236633333328
3394.7	1.5754366633333332
3396.37	1.5889006633333331
3398.04	1.7757526633333331
3399.7	1.681454663333333
3401.37	1.8239676633333333
3403.04	1.6606036633333328
3404.71	1.7651666633333327
3406.38	1.5580136633333332
3408.04	1.5872706633333329
3409.71	1.426030663333333
3411.38	1.5513806633333331
3413.05	1.497117663333333
3414.72	1.731485663333333
3416.38	1.700144663333333
3418.05	1.8662696633333333
3419.72	1.7772196633333333
3421.39	1.8710126633333328
3423.06	1.7760126633333329
3424.73	1.874634663333333
3426.39	1.7732896633333328
3428.06	1.860224663333333
3429.73	1.7510456633333327
3431.4	1.7689646633333331
3433.07	1.6257886633333332
3434.73	1.681340663333333
3436.4	1.5573346633333334
3438.07	1.661926663333333
3439.74	1.6058036633333326
3441.41	1.7632476633333334
3443.08	1.728348663333333
3444.74	1.7654646633333333
3446.41	1.6180946633333328
3448.08	1.6610906633333333
3449.75	1.5596166633333333
3451.42	1.6782346633333334
3453.08	1.649514663333333
3454.75	1.7502106633333328
3456.42	1.6511926633333327
3458.09	1.654003663333333
3459.76	1.5354226633333332
3461.43	1.564814663333333
3463.09	1.5765866633333332
3464.76	1.7454496633333327
3466.43	1.8560686633333332
3468.1	2.022638663333333
3469.77	2.0807006633333334
3471.43	2.042787663333333
3473.1	2.0431166633333326
3474.77	1.8229256633333328
3476.44	2.1549456633333333
3478.11	3.698073663333333
3479.77	8.638860663333334
3481.44	16.213256663333333
3483.11	21.729477663333334
3484.78	24.637757663333332
3486.45	22.503077663333336
3488.12	16.764817663333332
3489.78	9.900826663333333
3491.45	4.263606663333334
3493.12	1.4799046633333333
3494.79	2.273103163333333
3496.46	1.9324562633333333
3498.12	2.153682663333333
3499.79	1.684129663333333
3501.46	1.8081766633333327
3503.13	1.576057663333333
3504.8	1.771225663333333
3506.47	1.549533663333333
3508.13	1.683344663333333
3509.8	1.402522663333333
3511.47	1.5152246633333333
3513.14	1.257024663333333
3514.81	1.3930266633333332
3516.47	1.190788663333333
3518.14	1.387835663333333
3519.81	1.236055663333333
3521.48	1.3240576633333332
3523.15	1.055829663333333
3524.82	1.104540663333333
3526.48	0.8243826633333331
3528.15	0.878744663333333
3529.82	0.6670832633333331
3531.49	0.8485663633333329
3533.16	0.810905063333333
3534.82	1.0105375633333329
3536.49	0.7688646633333331
3538.16	0.672539163333333
3539.83	-0.404339836666667
3541.5	15.090147663333335
3543.16	29.01507766333333
3544.83	43.74126766333334
3546.5	51.12862766333333
3548.17	47.30105766333333
3549.84	34.674227663333326
3551.51	21.418207663333337
3553.17	4.7080554633333325
3554.84	4.042061263333334
3556.51	3.4624235633333336
3558.18	3.317649663333333
3559.85	2.9425566633333324
3561.51	2.916610663333333
3563.18	2.660334663333334
3564.85	2.726310663333333
3566.52	2.5644426633333333
3568.19	2.7222646633333327
3569.86	2.5870386633333333
3571.52	2.7160676633333334
3573.19	2.569557663333333
3574.86	2.699907663333333
3576.53	2.523983663333332
3578.2	2.691439663333333
3579.86	2.5716046633333334
3581.53	2.7496726633333326
3583.2	2.6670076633333335
3584.87	2.8170776633333334
3586.54	2.702172663333333
3588.2	2.808439663333333
3589.87	2.607556663333333
3591.54	2.691465663333333
3593.21	2.5956236633333334
3594.88	2.7839016633333333
3596.55	2.6695956633333333
3598.21	2.8469966633333335
3599.88	2.7605466633333333
3601.55	2.859593663333334
3603.22	2.710590663333333
3604.89	2.8149186633333327
3606.55	2.671574663333333
3608.22	2.788636663333333
3609.89	2.573847663333333
3611.56	2.641029663333333
3613.23	2.4892576633333334
3614.9	2.5103216633333334
3616.56	2.3226426633333332
3618.23	2.3417786633333333
3619.9	2.167876663333333
3621.57	2.3008536633333336
3623.24	2.2204556633333334
3624.9	2.409732663333333
3626.57	2.3891456633333332
3628.24	2.524900663333333
3629.91	2.4703246633333324
3631.58	2.6092576633333326
3633.25	2.510409663333333
3634.91	2.6433176633333333
3636.58	2.541138663333333
3638.25	2.639098663333333
3639.92	2.4857026633333326
3641.59	2.558010663333333
3643.25	2.408685663333333
3644.92	2.5557036633333334
3646.59	2.500314663333333
3648.26	2.715557663333333
3649.93	2.738078663333333
3651.59	2.949282663333333
3653.26	2.939057663333333
3654.93	3.118748663333333
3656.6	3.0900156633333333
3658.27	3.340049663333333
3659.94	3.3686656633333336
3661.6	3.5983846633333334
3663.27	3.5888296633333328
3664.94	3.700786663333333
3666.61	3.5725266633333326
3668.28	3.6166546633333327
3669.94	3.466143663333334
3671.61	3.5326076633333336
3673.28	3.5431126633333334
3674.95	3.855181663333334
3676.62	4.173519663333333
3678.29	5.012052663333334
3679.95	7.465312663333331
3681.62	16.900347663333335
3683.29	24.96652766333333
3684.96	30.942457663333336
3686.63	31.502617663333336
3688.29	25.626517663333335
3689.96	16.16849866333333
3691.63	7.212861663333333
3693.3	-0.35546373666666703
3694.97	-0.16254033666666712
3696.64	0.515830663333333
3698.3	0.8588016633333331
3699.97	1.097568663333333
3701.64	1.285287663333333
3703.31	1.2620686633333331
3704.98	1.327711663333333
3706.64	1.320053663333333
3708.31	1.409877663333333
3709.98	1.4804046633333328
3711.65	1.6282646633333333
3713.32	1.658599663333333
3714.98	1.7150386633333334
3716.65	1.6106446633333331
3718.32	1.5908106633333332
3719.99	1.5359266633333335
3721.66	1.619222663333333
3723.33	1.6179786633333328
3724.99	1.700705663333333
3726.66	1.678924663333333
3728.33	1.713311663333333
3730.0	1.5930446633333326
3731.67	1.618455663333333
3733.33	1.548271663333333
3735.0	1.663028663333333
3736.67	1.6248206633333329
3738.34	1.707905663333333
3740.01	1.619749663333333
3741.68	1.6462146633333326
3743.34	1.5344286633333328
3745.01	1.662044663333333
3746.68	1.7258566633333334
3748.35	2.0349876633333333
3750.02	2.2119866633333336
3751.68	2.528270663333333
3753.35	2.561511663333333
3755.02	2.6568306633333334
3756.69	2.476732663333333
3758.36	2.467230663333333
3760.03	2.304474663333333
3761.69	2.282124663333333
3763.36	2.138737663333333
3765.03	2.1660886633333325
3766.7	2.0034416633333327
3768.37	2.048523663333333
3770.03	1.9294186633333332
3771.7	2.0392876633333334
3773.37	2.0121556633333326
3775.04	2.106481663333333
3776.71	2.0721996633333335
3778.37	2.224668663333333
3780.04	2.2489796633333334
3781.71	2.4201166633333338
3783.38	2.3570996633333334
3785.05	2.386264663333333
3786.72	2.2227136633333333
3788.38	2.2604396633333335
3790.05	2.218793663333333
3791.72	2.4487076633333333
3793.39	2.5028316633333327
3795.06	2.6534886633333334
3796.72	2.5838686633333325
3798.39	2.591340663333333
3800.06	2.4572146633333327
3801.73	2.513023663333333
3803.4	2.443446663333333
3805.07	2.569044663333333
3806.73	2.482896663333333
3808.4	2.5209726633333327
3810.07	2.388390663333333
3811.74	2.390322663333333
3813.41	2.2196956633333333
3815.07	2.2618446633333327
3816.74	2.2136106633333332
3818.41	2.385635663333333
3820.08	2.4286126633333334
3821.75	2.6126426633333333
3823.42	2.6424656633333328
3825.08	2.764656663333333
3826.75	2.732103663333333
3828.42	2.7733736633333335
3830.09	2.618217663333333
3831.76	2.620987663333333
3833.42	2.4486786633333333
3835.09	2.3962506633333325
3836.76	2.304587663333333
3838.43	2.2710896633333335
3840.1	2.241948663333333
3841.76	2.2980786633333325
3843.43	2.2656306633333334
3845.1	2.4198986633333335
3846.77	2.4832176633333334
3848.44	2.6690266633333324
3850.11	2.7529196633333335
3851.77	2.886567663333333
3853.44	2.7807446633333326
3855.11	2.7252256633333327
3856.78	2.4952156633333327
3858.45	2.3585956633333334
3860.11	2.1764066633333328
3861.78	2.183661663333333
3863.45	2.1486276633333325
3865.12	2.3392366633333332
3866.79	2.3070816633333324
3868.46	2.4252326633333325
3870.12	2.3696056633333327
3871.79	2.422739663333333
3873.46	2.3680886633333333
3875.13	2.396869663333333
3876.8	2.371029663333333
3878.46	2.469843663333333
3880.13	2.405680663333333
3881.8	2.4453616633333333
3883.47	2.300783663333333
3885.14	2.345108663333333
3886.81	2.3209096633333335
3888.47	2.3854286633333333
3890.14	2.4259176633333333
3891.81	2.5579936633333333
3893.48	2.517858663333333
3895.15	2.543168663333333
3896.81	2.4166276633333332
3898.48	2.413106663333333
3900.15	2.377716663333333
3901.82	2.5033876633333327
3903.49	2.573291663333333
3905.15	2.780276663333333
3906.82	2.899555663333333
3908.49	3.0459696633333335
3910.16	2.966582663333333
3911.83	2.972361663333333
3913.5	2.7957406633333326
3915.16	2.763213663333333
3916.83	2.6838196633333333
3918.5	2.692640663333333
3920.17	2.675830663333333
3921.84	2.8231326633333333
3923.5	2.742507663333333
3925.17	2.899245663333333
3926.84	2.8839736633333333
3928.51	2.9782446633333324
3930.18	3.012812663333333
3931.85	3.088053663333333
3933.51	3.0744636633333338
3935.18	3.151838663333333
3936.85	3.001022663333333
3938.52	2.9751276633333332
3940.19	2.8001806633333333
3941.85	2.855626663333333
3943.52	2.845134663333333
3945.19	2.9827866633333326
3946.86	3.048030663333333
3948.53	3.1442116633333326
3950.19	3.0962816633333334
3951.86	3.129610663333333
3953.53	3.0346206633333335
3955.2	3.048939663333333
3956.87	2.900808663333333
3958.54	2.8385126633333333
3960.2	2.724368663333333
3961.87	2.709528663333333
3963.54	2.6744136633333335
3965.21	2.6873086633333334
3966.88	2.672930663333333
3968.54	2.723516663333333
3970.21	2.729653663333333
3971.88	2.875807663333333
3973.55	2.9496816633333323
3975.22	3.0910336633333335
3976.89	3.119754663333333
3978.55	3.0994146633333326
3980.22	2.994491663333333
3981.89	3.0096816633333328
3983.56	2.9684206633333323
3985.23	2.988648663333333
3986.89	2.9998576633333327
3988.56	3.0374866633333326
3990.23	3.0119506633333333
3991.9	3.0678516633333333
3993.57	3.008187663333333
3995.24	3.100702663333333
3996.9	3.125499663333333
3998.57	3.135395663333333
4000.24	3.172312663333334
4001.91	3.2229276633333326
4003.58	3.130188663333333
4005.24	3.201342663333333
4006.91	3.112163663333333
4008.58	3.206675663333333
4010.25	3.264153663333333
4011.92	3.3844786633333337
4013.58	3.477819663333333
4015.25	3.5718246633333335
4016.92	3.5108106633333334
4018.59	3.506918663333334
4020.26	3.3599526633333334
4021.93	3.3062056633333325
4023.59	3.190663663333333
4025.26	3.1789746633333325
4026.93	3.1285406633333332
4028.6	3.149416663333333
4030.27	3.0853016633333334
4031.93	3.0673336633333332
4033.6	3.0040356633333327
4035.27	3.037349663333333
4036.94	2.995518663333333
4038.61	3.159632663333333
4040.28	3.227557663333333
4041.94	3.351328663333333
4043.61	3.4039706633333333
4045.28	3.442194663333333
4046.95	3.4353066633333333
4048.62	3.4975586633333338
4050.28	3.4079026633333336
4051.95	3.4373406633333325
4053.62	3.398087663333333
4055.29	3.250634663333333
4056.96	3.157848663333333
4058.63	3.1482646633333324
4060.29	3.1251206633333326
4061.96	3.216089663333333
4063.63	3.2402186633333327
4065.3	3.256052663333333
4066.97	3.233023663333333
4068.63	3.2097946633333327
4070.3	3.2378166633333327
4071.97	3.331750663333333
4073.64	3.3694246633333327
4075.31	3.3517076633333325
4076.97	3.3104586633333333
4078.64	3.2604526633333335
4080.31	3.185425663333333
4081.98	3.203041663333333
4083.65	3.2421876633333326
4085.32	3.3542306633333334
4086.98	3.356161663333333
4088.65	3.3027506633333323
4090.32	3.2074746633333335
4091.99	3.1252146633333333
4093.66	2.9408456633333326
4095.32	2.862018663333333
4096.99	2.690837663333333
4098.66	2.624744663333333
4100.33	2.6063096633333336
4102.0	2.691998663333333
4103.67	2.9098586633333325
4105.33	3.2960986633333333
4107.0	3.489404663333333
4108.67	3.6355146633333333
4110.34	3.569534663333333
4112.01	3.4633756633333332
4113.67	3.4186206633333334
4115.34	3.4602666633333334
4117.01	3.5342816633333327
4118.68	3.6451186633333337
4120.35	3.5876886633333327
4122.02	3.5903536633333326
4123.68	3.5626216633333327
4125.35	3.5572046633333327
4127.02	3.633847663333332
4128.69	3.6772966633333324
4130.36	3.668117663333333
4132.02	3.6978526633333333
4133.69	3.5860426633333327
4135.36	3.584714663333333
4137.03	3.633995663333333
4138.7	3.6504706633333335
4140.36	3.7524176633333335
4142.03	3.811343663333333
4143.7	3.8667156633333333
4145.37	3.9198856633333334
4147.04	3.855290663333333
4148.71	3.8375006633333326
4150.37	3.754581663333333
4152.04	3.679099663333333
4153.71	3.6076566633333327
4155.38	3.507831663333333
4157.05	3.5367756633333327
4158.71	3.587767663333332
4160.38	3.644890663333333
4162.05	3.685253663333333
4163.72	3.5967436633333336
4165.39	3.5050086633333337
4167.06	3.4133366633333333
4168.72	3.413595663333333
