5.837614088435022	2.6822599455728953
19.180732004857926	2.430861884238961
32.523849921280835	40.99690412056592
45.866967837703754	44.74989255707564
59.210085754126645	173.1050396643455
72.55320367054956	30.968261042642517
85.89632158697246	9.643894738048074
99.23943950339539	17.279931676447415
112.58255741981829	37.31012352498467
125.9256753362412	3644.8553796479437
139.2687932526641	1364.9437667101772
152.611911169087	15.188146536982632
165.95502908550992	8.251365355054691
179.2981470019328	20.091052336015274
192.6412649183557	89.25979971831141
205.98438283477867	997.5678269132998
219.3275007512016	43.29392687019132
232.67061866762447	162.9692469715563
246.01373658404736	29271.23756259193
259.35685450047026	1357.082794585798
272.6999724168932	3408.314255893166
286.04309033331606	17590.56777734976
299.386208249739	4897.658514502319
312.7293261661619	9079.38193758319
326.0724440825848	3116.589151790466
339.4155619990077	48648.92050556195
352.7586799154306	574.3003393874664
366.1017978318535	171.67367158646007
379.4449157482764	187.7788726688604
392.78803366469936	61.31504557479012
406.13115158112225	72.02048973648482
419.47426949754504	19.904657042296613
432.8173874139681	197.9745019034537
446.16050533039106	15678.984239632695
459.5036232468139	241.80819093112441
472.84674116323686	282.61768667752847
486.1898590796597	28687.132644242734
499.53297699608265	44291.43755362438
512.8760949125056	782.7979097869468
526.2192128289283	126.3761611807754
539.5623307453513	6033.294747424085
552.9054486617744	1113.1091064364632
566.2485665781971	41.52897434314832
579.59168449462	64.14263075988796
592.9348024110432	206.32579418749202
606.2779203274657	31.483188052787874
619.6210382438888	1949.6011980784067
632.9641561603116	70178.66825261497
646.3072740767345	1926.4698430376852
659.6503919931577	880.8827759985585
672.9935099095804	2775.5639088387525
686.3366278260033	50.430140230354695
699.6797457424262	32.90732396251779
713.0228636588489	18.299162824814125
726.365981575272	7.514140998268024
739.7090994916949	15.729537450856238
753.0522174081179	36.90454594905937
766.3953353245406	2.4582521601144975
779.7384532409635	49.40860424345916
793.0815711573865	52.93461550875641
806.4246890738094	170.14393258684743
819.7678069902324	225.4002500401582
833.1109249066553	1524.3269645360986
846.4540428230781	261371.42282623897
859.7971607395011	94.96211636401372
873.140278655924	221.59709416311188
886.483396572347	227.5974957034151
899.8265144887699	162.56371114901967
913.1696324051926	-248.6451313770916
926.5127503216157	1826.2162767757914
939.8558682380384	450621.6608905198
953.1989861544616	988.2114959197012
966.5421040708845	306.3689672328271
979.8852219873072	593.2275997229962
993.2283399037299	658.8961824215811
1006.5714578201532	-216.65212779613654
1019.914575736576	3447.012652029973
1033.257693652999	416909.81347993977
1046.6008115694217	204.3920078281905
1059.9439294858446	724.7879909507496
1073.2870474022675	11110.963333213303
1086.6301653186904	885835.3610012226
1099.9732832351135	17404.267613772572
1113.3164011515366	11988.81243171887
1126.6595190679593	522111.3526710363
1140.002636984382	80320.04068454291
1153.345754900805	30802.440684807712
1166.688872817228	56197.199007907046
1180.031990733651	991.1338715203649
1193.375108650074	1207.3545428257185
1206.7182265664965	264.4148600710154
1220.0613444829196	589.5484652412654
1233.4044623993427	275.89459437024175
1246.7475803157656	457.4735170924412
1260.0906982321883	212.1543549993291
1273.433816148611	891.5089385665284
1286.776934065034	1128.8945461132798
1300.1200519814572	1786.021658132723
1313.46316989788	42528.54674572002
1326.806287814303	1150859.4890911214
1340.1494057307257	14658.499128800182
1353.4925236471488	2455.2137639744647
1366.8356415635717	1969.6086544600403
1380.1787594799946	664.0349721864982
1393.5218773964175	699.5196780023955
1406.8649953128404	1210.0167974513367
1420.2081132292633	1057.480570471765
1433.551231145686	56250.49238693118
1446.8943490621093	126924.23751305994
1460.237466978532	22748.10728164797
1473.5805848949549	176457.95809778097
1486.9237028113778	3839740.1379977367
1500.2668207278005	-40487.27990600902
1513.6099386442238	1558293.1357123668
1526.9530565606467	3295148.6138943774
1540.2961744770698	1407.218431976325
1553.6392923934925	23982.822777581074
1566.9824103099147	18964.742963065386
1580.3255282263383	4272.463073275619
1593.668646142761	5181.126239899614
1607.011764059184	44143.93730879415
1620.354881975607	27610.945647280703
1633.6979998920292	2458565.794546624
1647.0411178084526	996675.6433002641
1660.3842357248757	35173.48996972153
1673.7273536412986	114100.04960957236
1687.0704715577217	5545644.383185954
1700.4135894741444	312965.90199390263
1713.7567073905673	43907.06441666193
1727.09982530699	9817.76131853185
1740.4429432234133	5494.491364605244
1753.7860611398362	2224.2791842083875
1767.1291790562586	1962.448478412581
1780.4722969726818	2449.3729563986344
1793.8154148891044	1177.1354341405179
1807.158532805528	52619.06431943226
1820.5016507219505	162422.97167700008
1833.844768638373	1827.2491930338322
1847.1878865547965	838.6386578837622
1860.5310044712187	465.7096036128336
1873.874122387642	956.4857219953103
1887.2172403040647	773.6547206448304
1900.560358220488	180.4353933437586
1913.9034761369112	958.7439407079279
1927.2465940533327	1201.744504832876
1940.5897119697568	2532.752205983012
1953.9328298861797	606.4826077138839
1967.2759478026023	5020.945568043275
1980.6190657190252	2166.587114868471
1993.962183635448	618.1733800372828
2007.3053015518717	218.5962845101888
2020.6484194682937	970.7807948004936
2033.9915373847173	545.6472172778092
2047.33465530114	64.88964901978338
2060.6777732175638	753.4756612617791
2074.020891133986	69.17251229071526
2087.364009050408	244.07104987288864
2100.707126966832	199.42279467373987
2114.0502448832544	327.84422044945575
2127.3933627996776	976.0081229317144
2140.7364807161	1975.3132987006538
2154.079598632523	368.83071242245416
2167.4227165489465	1474.371630530629
2180.7658344653687	1941.3405933461731
2194.108952381792	215.22716564153308
2207.452070298215	308.6529400320033
2220.7951882146376	550.4924357090125
2234.1383061310607	619.7171583084089
2247.4814240474834	375.5291170148246
2260.8245419639065	1309.5038888466747
2274.1676598803288	602.3895517366551
2287.510777796752	454.84569290872605
2300.853895713175	1608.942806838445
2314.1970136295977	940.780782058035
2327.5401315460213	408.9197876605316
2340.883249462444	571.4699966646083
2354.2263673788666	648.2799589115851
2367.56948529529	736.4653591658483
2380.9126032117124	326.6896785426407
2394.255721128136	244.09737786541646
2407.598839044558	1362.3731408809413
2420.941956960981	3348.277977678567
2434.2850748774044	1276.4317957769244
2447.6281927938267	3633.88852946217
2460.9713107102502	4230.239824812834
2474.314428626673	2200.353084369908
2487.657546543096	3556.3155420813637
2501.000664459519	1575.873627787431
2514.3437823759414	6266.270523735488
2527.6869002923645	3398.5616057421967
2541.030018208787	4143.093245219179
2554.3731361252103	6478.153302069134
2567.7162540416334	4880.708037473142
2581.0593719580565	3875.2441491463383
2594.40248987448	1116.6844108222704
2607.7456077909014	3522.7853581130175
2621.088725707325	11151.622310924486
2634.431843623748	4792.658241830146
2647.774961540171	8428.344629564415
2661.1180794565935	5575.084043211607
2674.461197373016	12964.451232873344
2687.8043152894397	31297.17737075671
2701.147433205863	35281.79106050615
2714.490551122286	203891.02658515127
2727.8336690387086	632588.5429360487
2741.1767869551304	397876.2090056666
2754.519904871553	4141499.182399504
2767.8630227879767	5934373.247746062
2781.2061407044	1512063.7759639958
2794.5492586208225	367743.68043772643
2807.8923765372456	860518.5989664026
2821.2354944536687	326376.44419929566
2834.578612370092	129301.35646078775
2847.9217302865154	242614.6181028351
2861.2648482029367	191265.69814962195
2874.60796611936	161664.10080612107
2887.9510840357834	27423.978567727252
2901.294201952206	3014.291302323273
2914.6373198686288	1449.393111056142
2927.980437785052	2445.965586816531
2941.3235557014746	2700.878787058181
2954.666673617898	1274.9776747130286
2968.0097915343204	12863.995156362109
2981.3529094507435	3005.4727088475847
2994.6960273671666	673.6763421659113
3008.039145283589	12028.468807978157
3021.3822632000124	7997.343067718311
3034.725381116435	3665.5229187553896
3048.068499032858	13763.961247746625
3061.411616949281	11277.013881898243
3074.754734865703	23083.739408798625
3088.0978527821267	94811.07261856903
3101.44097069855	104759.93890940839
3114.7840886149725	21746.803314073233
3128.127206531395	25674.12633226547
3141.470324447818	15927.39064026441
3154.813442364241	25129.4013035216
3168.1565602806645	28317.437233472476
3181.499678197087	34037.68075066647
3194.8427961135094	37211.600668175735
3208.1859140299325	43226.8999892843
3221.529031946356	47294.18164945409
3234.872149862779	68543.89713075732
3248.2152677792014	76480.65040268091
3261.558385695624	201998.62242337983
3274.9015036120472	106544.30476750623
3288.244621528471	389592.8909214869
3301.5877394448935	13575248.95513702
3314.930857361316	87888.34406675193
3328.273975277739	87420.78440576376
3341.617093194161	317029.98873010895
3354.9602111105846	23671.421770338453
3368.303329027008	39810.97397788457
3381.646446943431	38270534.84406434
3394.989564859853	69777.74116253619
3408.332682776276	1532.7539551533132
3421.6758006927	42228.707988820956
3435.0189186091225	729.3534700143762
3448.3620365255447	-652.0002305091264
3461.705154441968	-1296.4915598444236
3475.0482723583914	-1041.3806937092472
3488.391390274814	-813.0156625597476
3501.7345081912367	-554.8358241226609
3515.07762610766	14.812524079649119
3528.420744024082	-441.6399191240404
3541.7638619405047	-17.18159171290224
3555.1069798569283	770.062585983131
3568.4500977733514	5730.023042437421
3581.793215689774	6686.806550380631
3595.136333606197	-69.1099400721358
3608.479451522621	-77.61984160283532
3621.822569439044	5670.82466836088
3635.1656873554657	5294.566210575346
3648.508805271888	495.91456345045583
3661.851923188311	5478.714733129593
3675.195041104734	385.3929857864811
3688.5381590211578	589.0554703661712
3701.881276937581	2083.996747685775
3715.224394854003	2851.197216950609
3728.5675127704258	227.35221800347796
3741.91063068685	98.30687697821672
3755.253748603273	19.241452326125266
3768.596866519695	-71.80376743309412
3781.939984436117	-56.247993527455094
3795.283102352541	55.27984114611896
3808.626220268964	-14.806802537570505
3821.969338185387	1345.9938647989122
3835.3124561018094	654.8166823275207
3848.655574018232	335.0365165481693
3861.998691934655	71.79587433473965
3875.3418098510792	766.2969480797531
3888.684927767501	127.48535457861767
3902.028045683924	17.559029861757296
3915.3711636003463	-23.636256914938826
3928.7142815167695	232.50894598273854
3942.0573994331935	-22.26965990834459
3955.400517349616	-31.75474904345068
3968.7436352660393	-15.530663961500533
3982.0867531824606	-29.520114626588292
3995.4298710988846	-32.979863141701614
4008.772989015308	466.3189114320322
4022.1161069317295	-19.160961364401533
4035.4592248481526	-30.24845957851079
4048.802342764576	-16.364156709802437
4062.1454606809984	-25.182648735889057
4075.4885785974234	-11.40949398485447
4088.8316965138447	81.81529939314717
4102.174814430267	-2.243273680043599
4115.51793234669	-24.462362664646776
4128.861050263114	-8.554713694207974
4142.204168179537	-12.299866614369623
4155.547286095959	14.008886405504489
4168.890404012382	-21.28037067997327
4182.233521928804	-18.917866521456478
4195.576639845228	-4.302169700478518
4208.919757761652	-1.0509676408806172
4222.262875678073	316.55615503342375
4235.605993594497	855.1319659288667
4248.9491115109195	57.167749349348036
4262.292229427344	27.40767572753457
4275.635347343766	12.564815096811566
4288.978465260188	17.737951430771112
4302.321583176611	-3.2325979847959916
4315.664701093034	54.39454599616154
4329.007819009456	0.3763310153395366
4342.350936925881	-4.961820145265563
4355.694054842304	2.679760045161981
4369.037172758724	62.46780987976534
4382.380290675148	65.08997759393932
4395.7234085915725	195.31624116929873
4409.066526507995	320.07222434138646
4422.409644424418	172.68397113472435
4435.7527623408405	204.54478076604178
4449.095880257263	510.0242180898558
4462.438998173688	1572.958758077673
4475.7821160901085	106.2411897506616
4489.125234006532	70.55943549707378
4502.468351922955	134.08911158696392
4515.811469839377	53.07127255030057
4529.154587755801	20.833660657529506
4542.497705672224	115.44169716353994
4555.840823588646	1.2147923637357734
4569.183941505069	-7.530466450321251
4582.527059421492	-6.889534343634319
4595.870177337916	-10.247737966365822
4609.213295254338	-9.57538766627663
4622.556413170761	211.54533445721776
4635.899531087183	42.05873520786352
4649.242649003607	-9.825261861609397
4662.58576692003	-7.555224452257255
4675.928884836453	-10.33160523090179
4689.272002752876	-10.17636758708096
4702.6151206692975	152.96853421962587
4715.95823858572	3.0395222314339776
4729.301356502145	-6.589682870490447
4742.644474418568	3.4472710278175556
4755.98759233499	-5.529464249327782
4769.330710251413	-8.078355361925002
4782.673828167837	3.619398660384138
4796.016946084259	50.819925457122494
4809.3600640006825	-7.205872301739293
4822.703181917104	128.3823080337332
4836.046299833527	7.569352530840841
4849.38941774995	-4.510742660165067
4862.732535666373	113.2491006743389
4876.075653582797	317.9897103752122
4889.418771499219	3.8217634339480697
4902.761889415643	470.7895851300718
4916.105007332066	24.39610140088254
4929.448125248488	15.656930022193205
4942.791243164911	134.13445587619725
4956.134361081333	0.4466268122683005
4969.477478997756	-4.551738303550121
4982.820596914179	53.68458125828389
4996.163714830604	123.8888683312792
5009.506832747024	35.76886411944982
5022.849950663447	336.771672509871
5036.1930685798725	3.324568985578742
5049.536186496295	-3.949445709766678
5062.879304412718	152.0773645246359
5076.22242232914	300.2355312881683
5089.565540245563	-2.7046804572668406
5102.908658161985	-6.64583502095744
5116.251776078409	-5.102546598420565
5129.594893994832	-6.712656048299129
5142.938011911254	-5.15903076235926
5156.2811298276765	-5.841386048473464
5169.624247744102	-2.707112734402017
5182.967365660524	6.211584382662659
5196.310483576945	0.7002602303649951
5209.653601493369	15.80597504425216
5222.996719409792	3.952744511960657
5236.3398373262135	2.4773590983392295
5249.682955242638	1.6470978370922584
5263.0260731590615	10.310341522984196
5276.369191075483	15.169395753436675
5289.712308991906	2.1844257275000247
5303.0554269083295	12.64909697142873
5316.398544824752	26.2856438217025
5329.741662741176	3.746733423342664
5343.084780657598	3.305865708035719
5356.427898574021	7.22430355209716
5369.771016490442	3.7954668691343727
5383.1141344068665	10.618072147116061
5396.45725232329	24.59361417416203
5409.800370239713	43.90604160722198
5423.143488156136	33.068437006858304
5436.486606072559	153.78392946877128
5449.829723988982	277.5758995432795
5463.172841905404	214.63882805194308
5476.515959821825	919.946916977344
5489.85907773825	1328.1674162027625
5503.202195654672	771.6597640031531
5516.545313571097	5880.474618118185
5529.8884314875195	2693.5473891094653
5543.231549403942	907.8517566516305
5556.574667320366	1252.215765446787
5569.917785236788	1371.0309223949564
5583.260903153209	568.8763616497848
5596.604021069633	309.3062585252365
5609.947138986056	369.9373633411209
5623.290256902478	185.13180399889004
5636.633374818902	100.09105383268874
5649.976492735324	94.78933980926709
5663.319610651748	55.04268573928363
5676.662728568171	67.7939632651708
5690.005846484595	89.36406501504348
5703.348964401017	64.30157628291114
5716.6920823174405	81.16265946333978
5730.035200233862	51.21326260749436
5743.378318150285	117.18640272041844
5756.721436066708	49.75716021091681
5770.064553983131	21.98461967820907
5783.407671899555	5.131109173054779
5796.750789815977	2.211934265120737
5810.0939077324	5.114738166434245
5823.437025648824	22.793728950959384
5836.780143565245	4.154478381048125
5850.123261481669	5.536317035900993
5863.466379398091	2.3478668122595763
5876.8094973145135	0.0441165327077556
5890.152615230936	-2.433781527240478
5903.495733147361	-3.5708184348972507
5916.838851063783	-3.2851816643785696
5930.181968980207	-4.104944764552954
5943.52508689663	-4.770805109442153
5956.868204813053	-0.7834931370802003
5970.211322729474	1.407319618731003
5983.554440645898	-2.126527483355062
5996.89755856232	-4.497159303490048
6010.240676478743	-4.08407731609193
6023.583794395165	-0.1866092389216874
6036.926912311589	0.8547826024424238
6050.270030228012	-2.408842078751422
6063.613148144435	127.33774667521348
6076.95626606086	58.47322070567223
6090.299383977282	-3.875822311671095
6103.642501893704	4.8189544860463
6116.985619810127	2.0464059849303116
6130.32873772655	-1.8855069417407322
6143.671855642971	103.3724385608353
6157.014973559395	31.19428151975842
6170.35809147582	4.673169909981993
6183.701209392241	28.315976478579593
6197.044327308664	16.249370655398955
6210.387445225088	-0.8179766846846406
6223.73056314151	-0.18108820008217208
6237.073681057934	0.5878791661226614
6250.416798974356	3.4078377632208
6263.759916890779	-1.009600146471643
6277.103034807201	-3.371283378349858
6290.446152723624	-3.175994758841443
6303.789270640046	-3.610206781465604
6317.132388556472	-0.43740858509934244
6330.475506472894	-2.7291831577026646
6343.818624389317	-2.168008509271226
6357.16174230574	0.04710502065791005
6370.504860222161	-2.349542581593437
6383.847978138584	-1.12180131221819
6397.191096055008	0.05559469165268638
6410.5342139714285	0.6271444236657999
6423.877331887853	1.4990864186492217
6437.2204498042765	-0.3458969619124673
6450.5635677207	-0.5376552416345248
6463.906685637123	1.7477596870026901
6477.2498035535455	9.34645904246322
6490.592921469968	13.340133845312721
6503.936039386391	8.071681453407496
6517.2791573028135	8.25333681925838
6530.622275219236	11.098529064490595
6543.965393135659	13.736845769389083
6557.3085110520815	51.583783814843514
6570.651628968506	64.71664616569805
6583.994746884929	26.943255808641993
6597.337864801353	688.5274155715258
6610.680982717775	2870.344275459108
6624.024100634197	20.69415357099133
6637.36721855062	59.164060351613514
6650.710336467042	57.33496109661594
6664.053454383466	73.12137862172314
6677.396572299888	4648.926450125197
6690.739690216313	4012.3124789313392
6704.082808132735	75.28558777148604
6717.425926049159	180.58072598191103
6730.769043965582	100.18284650981263
6744.112161882003	23.658110909720676
6757.455279798427	6724.710328236477
6770.798397714849	2015.5148429342184
6784.141515631272	37.24499940039782
6797.484633547694	5.092426684781253
6810.827751464117	-2.978188370209182
6824.170869380539	-3.90767841209597
6837.513987296965	-4.567978162879877
6850.857105213388	-3.0616244497062555
6864.200223129809	-4.452059220551542
6877.543341046233	-0.10096789878186882
6890.886458962656	-3.7161310365360807
6904.229576879078	-5.012310183869113
6917.572694795501	-4.789800953675558
6930.915812711923	-0.8704384781936367
6944.258930628345	-4.9307137438743665
6957.60204854477	-2.3631336519976456
6970.945166461193	-3.507617366774525
6984.288284377616	-4.9003550594348555
6997.63140229404	-4.89882675928734
7010.9745202104605	-3.368608114694189
7024.317638126885	-4.637599961212368
7037.660756043307	-4.381493511738768
7051.003873959729	-4.544434679774736
7064.346991876152	-4.787829831204045
7077.690109792576	-4.805373914707388
7091.033227708999	-3.494414244046652
7104.376345625422	-4.697085334172153
7117.719463541846	-4.836805462154098
7131.062581458268	-4.449012765732914
7144.405699374691	-4.8505573480319075
7157.7488172911135	-4.7541534130448095
7171.091935207536	-4.750101329691665
7184.435053123959	-4.786705884920207
7197.7781710403815	-4.813000576805962
7211.121288956806	-4.501515346192105
7224.464406873227	-4.736942773728936
7237.807524789651	-4.764932711725555
7251.150642706075	-4.857842688832432
7264.493760622498	-4.822378987421177
7277.83687853892	-4.849897135762194
7291.179996455342	-4.91650881354858
7304.523114371765	-4.7828907534612535
7317.866232288187	-4.773148268152056
7331.209350204611	-4.800846778331811
7344.552468121032	-4.878387745378165
7357.895586037457	-4.882439686508405
7371.238703953882	-4.869503482312519
7384.581821870304	-4.824091499395649
7397.924939786726	-4.799408421200042
7411.268057703149	-4.821874176137942
7424.611175619571	-4.77907083289914
7437.954293535993	-4.824630453756288
7451.297411452416	-4.778016638626423
7464.6405293688385	-4.776915040263975
7477.983647285264	-4.80637886346932
7491.326765201687	-4.803542466993088
7504.66988311811	-4.791473674170175
7518.013001034533	-4.777684221136542
7531.356118950954	-4.516255464047049
7544.699236867377	-4.724406272387716
7558.0423547838	-4.7776870466931545
7571.385472700223	-4.769263619386209
7584.728590616644	-4.776181720061641
7598.071708533069	-4.742549931529356
7611.41482644949	-4.51054287271877
7624.757944365917	-4.743316276002872
7638.10106228234	-4.754322538982615
7651.444180198761	-4.7358072763560815
7664.787298115184	-4.747822826874358
7678.130416031607	-4.722867184670553
7691.4735339480285	-4.591478883791501
7704.816651864451	-4.678589521034541
7718.159769780874	-4.66576753846457
7731.502887697299	-4.709812767445828
7744.846005613723	-4.7186693341200225
7758.1891235301455	-4.742092904638492
7771.532241446568	-4.233958134640318
7784.875359362992	-4.608465930361149
7798.218477279411	-4.635028743473834
7811.561595195837	-4.634918114683842
7824.904713112259	-4.668256258944439
7838.24783102868	-4.640629094194606
7851.590948945104	-4.387715405108452
7864.934066861527	-4.664860775480622
7878.27718477795	-4.642825139307774
7891.620302694374	-4.590914194436754
7904.963420610797	-4.63938252027666
7918.306538527219	-4.611909017369794
7931.649656443642	-4.50193177851836
7944.992774360064	-4.651766456126461
7958.335892276486	-4.6213449583248805
7971.67901019291	-4.598446398410056
7985.022128109331	-4.6174903780235015
7998.365246025757	-4.59828336041179
8011.708363942179	-4.552227215340144
8025.051481858603	-4.596447339381962
8038.394599775025	-4.62073998866498
8051.73771769145	-4.575083294564888
8065.0808356078705	-4.560317893179251
8078.423953524293	-4.5242496187945225
8091.767071440717	-4.503280139389244
8105.110189357138	-4.572968494665713
8118.453307273561	-4.530527532816654
8131.796425189984	-4.549685690872002
8145.139543106409	-4.54493351257936
8158.482661022834	-4.479908294748691
8171.825778939255	-4.347357951675429
8185.168896855676	-4.548417983043146
8198.5120147721	-4.207839490222886
8211.85513268852	-4.054353911417502
8225.198250604946	-4.179402301537846
8238.541368521368	-3.564665701690558
8251.884486437793	-3.7467314697996583
8265.227604354217	-4.028372364616041
8278.570722270639	-1.1601419020247477
8291.913840187062	-3.6995077075121117
8305.256958103484	-4.122305039530431
8318.600076019908	-3.3057479884796863
8331.94319393633	-3.8575073041819676
8345.286311852753	-4.240936761665159
8358.629429769175	-3.993862069751856
8371.972547685598	-4.03013864877754
8385.31566560202	-4.407641822688345
8398.658783518444	-4.348228543147752
8412.001901434867	-4.39671024378182
8425.345019351289	-4.523727109567323
8438.688137267713	-4.489360432335173
8452.031255184134	-4.457846854091269
8465.374373100558	-4.4934020325054576
8478.717491016982	-4.486576965525626
8492.060608933403	-4.505235729580477
8505.403726849827	-4.484703417821265
8518.74684476625	-4.474502397589776
8532.089962682674	-4.499385725917056
8545.433080599094	-4.4790214166597595
8558.776198515518	-4.4834428992462225
8572.119316431941	-4.487687182294371
8585.462434348365	-4.4686025408730305
8598.805552264786	-4.500590745449699
8612.14867018121	-4.458282620729915
8625.491788097632	-4.487550358742794
8638.834906014054	-4.479464416890641
8652.178023930477	-4.511711772360821
8665.521141846903	-4.498943713626124
8678.864259763326	-4.482215611625906
8692.20737767975	-4.505092544561364
8705.550495596171	-4.4936793776875446
8718.893613512593	-4.493731265580107
8732.236731429015	-4.498099444810021
8745.579849345439	-4.484236821281035
8758.922967261859	-4.494732427158079
8772.266085178284	-4.49419884678025
8785.609203094711	-4.485081875087746
8798.952321011135	-4.476664391538452
8812.295438927553	-4.4664663316893325
8825.638556843978	-4.453683479098447
8838.9816747604	-4.472631921297852
8852.32479267682	-4.47154449577481
8865.667910593245	-4.470963587915492
8879.011028509667	-4.462004857803538
8892.354146426089	-4.459186084092392
8905.697264342512	-4.433467316168742
8919.040382258938	-4.471040973337222
8932.383500175361	-4.465071714530279
8945.726618091785	-4.447752464628752
8959.069736008207	-4.468187131413776
8972.412853924627	-4.458549414259437
8985.755971841052	-4.453040949502861
8999.099089757476	-4.469728877192256
9012.442207673896	-4.459903272030749
9025.78532559032	-4.4648906582180645
9039.128443506745	-4.46271193039181
9052.471561423168	-4.459886577414875
9065.814679339588	-4.457645437595829
9079.157797256014	-4.453448510767873
9092.500915172435	-4.455299081755663
9105.844033088859	-4.455024553700514
9119.18715100528	-4.454800208937092
9132.530268921704	-4.450319117448407
9145.873386838126	-4.453254887892001
9159.216504754548	-4.4481105120122155
9172.559622670973	-4.450669926282558
9185.902740587395	-4.44886599481797
9199.24585850382	-4.447186817961358
9212.588976420242	-4.4501890384765606
9225.932094336666	-4.449031763360881
9239.275212253087	-4.442884817481501
9252.618330169507	-4.444053364922468
9265.961448085933	-4.444498268823224
9279.304566002354	-4.438595010106576
9292.647683918782	-4.4413541473450096
9305.990801835203	-4.4430690814862945
9319.333919751623	-4.441202220134585
9332.677037668049	-4.445233361049179
9346.02015558447	-4.4393219347545365
9359.363273500892	-4.439080119531047
9372.706391417316	-4.431571003911256
9386.049509333741	-4.443866201901858
9399.392627250163	-4.437866347104955
9412.735745166585	-4.442655648200855
9426.078863083007	-4.432384420592871
9439.421980999427	-4.429558366355525
9452.765098915852	-4.4249671405592155
9466.108216832276	-4.437657295482575
9479.451334748703	-4.4350613201901865
9492.79445266512	-4.429859351400421
9506.137570581544	-4.443793040814262
9519.480688497966	-4.426504362640912
9532.823806414392	-4.421511381765936
9546.166924330815	-4.4264024168244305
9559.510042247239	-4.4425493329853225
9572.85316016366	-4.426046828624339
9586.196278080084	-4.430859699070356
9599.539395996506	-4.439517904948696
9612.882513912928	-4.430585010124321
9626.225631829351	-4.429741768853205
9639.568749745775	-4.431976782872778
9652.911867662198	-4.4300316867812395
9666.25498557862	-4.432956724281041
9679.598103495042	-4.432163985232455
9692.941221411464	-4.433198838951592
9706.284339327885	-4.431361353048066
9719.627457244313	-4.4339616102100425
9732.970575160734	-4.432057223434344
9746.313693077158	-4.428718430483002
9759.656810993582	-4.436053863336781
9772.999928910003	-4.432844198015937
9786.343046826427	-4.4245485732145315
9799.686164742849	-4.43277777247331
9813.029282659278	-4.43481142044327
9826.372400575696	-4.426873225012559
9839.71551849212	-4.434172033378036
9853.058636408541	-4.422265494382157
9866.401754324963	-4.393225702695122
9879.744872241386	-4.412057228589527
9893.08799015781	-4.411906913675045
9906.431108074234	-3.831031587740722
9919.774225990655	-4.36108156712711
9933.117343907075	-4.447551678115701
9946.460461823499	-4.42735048496512
9959.803579739922	-4.4449058503793255
9973.14669765635	-4.380191163721167
9986.489815572768	-3.0938177107150864
9999.832933489197	-4.363624928239756
10013.176051405617	-4.388129056178457
10026.51916932204	-4.326369373975103
10039.86228723846	-4.427001935819487
10053.205405154884	-4.264662501506905
10066.548523071307	-3.441745870656291
10079.891640987733	-4.427565913671549
10093.234758904156	-4.433662065148087
10106.577876820576	-4.3381575407463515
10119.920994736998	-4.434992269530357
10133.264112653424	-4.02172976023719
10146.607230569844	-2.2206299888067518
10159.950348486267	-4.364051728255856
10173.293466402693	-4.437049952355347
10186.636584319112	-4.436300828956791
10199.979702235536	-4.445164839540245
10213.322820151958	-4.448854417207508
10226.66593806838	-4.445462299166627
10240.009055984803	-4.4449080286882126
10253.352173901229	-4.44512961500219
10266.695291817652	-4.449771727565053
10280.038409734074	-4.449878530708361
10293.381527650496	-4.450238336767791
10306.72464556692	-4.451959869979146
10320.067763483345	-4.452461860483913
10333.410881399768	-4.453399241006264
10346.75399931619	-4.455583809962263
10360.097117232612	-4.454656516178
10373.440235149035	-4.456302863085637
10386.783353065455	-4.456091769795035
10400.12647098188	-4.45733124890437
10413.469588898302	-4.458576710416241
10426.812706814724	-4.457394491392643
10440.15582473115	-4.459727962192085
10453.498942647571	-4.4612075155658655
10466.842060563991	-4.460925290074988
10480.185178480417	-4.461028656223323
10493.528296396842	-4.463793436532285
10506.871414313264	-4.465240735838063
10520.214532229687	-4.465704424046987
10533.557650146107	-4.466942549118471
10546.900768062533	-4.468090895509102
10560.243885978954	-4.468969158065488
10573.587003895378	-4.469681579751284
10586.930121811802	-4.470847343999378
10600.273239728229	-4.471232380089896
10613.616357644649	-4.472705744891982
10626.959475561072	-4.473611046748237
10640.302593477492	-4.475733635630365
10653.645711393916	-4.476673727366199
10666.988829310338	-4.477381280985424
10680.33194722676	-4.478155241037598
10693.675065143185	-4.480011714331806
10707.018183059608	-4.481121344261214
10720.361300976028	-4.482298595112388
10733.70441889245	-4.483690872326951
10747.047536808874	-4.483934571938585
10760.3906547253	-4.486500577821209
10773.73377264172	-4.487248396962275
10787.076890558144	-4.488893336028445
10800.420008474568	-4.488689308530081
10813.763126390992	-4.49136807892121
10827.106244307412	-4.491364878881098
10840.449362223835	-4.493993091608274
10853.792480140262	-4.495273624201024
10867.135598056684	-4.4963995878214975
10880.478715973106	-4.497565354624555
10893.821833889528	-4.496556498754626
10907.164951805948	-4.502608513021255
10920.508069722377	-4.501627460433179
10933.851187638797	-4.504668162818064
10947.194305555218	-4.500679362058508
10960.537423471642	-4.505707510440743
10973.880541388064	-4.50690686173765
10987.223659304487	-4.5128047284470885
11000.566777220907	-4.509551478703452
11013.909895137333	-4.513054791358615
11027.253013053756	-4.5122930424519385
11040.596130970182	-4.511979647907151
11053.939248886603	-4.515730158214046
11067.282366803023	-4.516182392431608
11080.625484719449	-4.519849036116307
11093.96860263587	-4.519749880197639
11107.311720552296	-4.522851121929785
11120.65483846872	-4.524515717738939
11133.99795638514	-4.526546378126989
11147.341074301565	-4.525467571609897
11160.684192217986	-4.530289627624086
11174.027310134408	-4.530412722735036
11187.370428050832	-4.529222328724518
11200.713545967254	-4.535264201751784
11214.05666388368	-4.534614755049267
11227.3997818001	-4.537347529707654
11240.742899716524	-4.5395129357501105
11254.086017632944	-4.5397150905418355
11267.429135549366	-4.542661858289762
11280.772253465791	-4.544082965488178
11294.115371382217	-4.545841555238576
11307.45848929864	-4.547617150626275
11320.80160721506	-4.548920594558956
11334.144725131486	-4.551294928031519
11347.487843047908	-4.553349635519396
11360.830960964327	-4.554844948853304
11374.174078880756	-4.556861532358459
11387.517196797176	-4.558368833461441
11400.8603147136	-4.560265069849538
11414.203432630022	-4.562182727577704
11427.546550546444	-4.56359607030979
11440.889668462867	-4.566532573780887
11454.232786379289	-4.567428845223833
11467.575904295712	-4.569809616532131
11480.919022212136	-4.5716310317725855
11494.262140128558	-4.573461572574456
11507.60525804498	-4.575392329323847
11520.9483759614	-4.576410333115734
11534.291493877829	-4.57895253952247
11547.63461179425	-4.581820363427664
11560.977729710674	-4.582890995393427
11574.320847627096	-4.585556652306503
11587.66396554352	-4.58768679239746
11601.007083459945	-4.589501257555685
11614.350201376365	-4.591558305490276
11627.693319292788	-4.593215248198055
11641.036437209214	-4.5944080705836425
11654.379555125635	-4.5973587396148785
11667.722673042055	-4.599731234730484
11681.06579095848	-4.600942239652909
11694.4089088749	-4.60379231061529
11707.752026791326	-4.605758089796939
11721.095144707748	-4.607773713665324
11734.438262624171	-4.610450687634318
11747.781380540591	-4.612478272785109
11761.124498457017	-4.614287114199556
11774.467616373438	-4.616526570322355
11787.81073428986	-4.619004648417581
11801.153852206286	-4.621085904743905
11814.496970122707	-4.623322856624202
11827.840088039133	-4.624861709608263
11841.183205955556	-4.627762666770195
11854.526323871978	-4.629922928134306
11867.8694417884	-4.632003218711634
11881.212559704822	-4.634219174150701
11894.555677621249	-4.6367491758326995
11907.898795537672	-4.638923512778717
11921.241913454092	-4.641253310671937
11934.585031370514	-4.643797658990536
11947.928149286938	-4.646019117247124
11961.27126720336	-4.648327700122297
11974.614385119785	-4.6504762921046225
11987.957503036205	-4.653125061993649
12001.300620952628	-4.655244563667451
12014.643738869052	-4.657631104383791
12027.986856785474	-4.660046473474836
12041.329974701895	-4.662526470984664
12054.67309261832	-4.664931316502077
12068.016210534744	-4.667100483135914
12081.359328451168	-4.669842262133978
12094.70244636759	-4.672253176188031
12108.045564284012	-4.674644722316645
12121.388682200435	-4.67686146285331
12134.73180011686	-4.679583150202904
12148.07491803328	-4.681994161921784
12161.418035949706	-4.68452324401535
12174.761153866128	-4.687174482837906
12188.104271782551	-4.689729185022725
12201.447389698971	-4.692273407887501
12214.790507615397	-4.694605582507677
12228.133625531818	-4.697207442668651
12241.47674344824	-4.699982041717123
12254.819861364664	-4.702424396066476
12268.162979281087	-4.705023679104068
12281.506097197507	-4.707504650333249
12294.849215113933	-4.7101589861372535
12308.192333030353	-4.712469606869308
12321.53545094678	-4.715463364213815
12334.878568863202	-4.718174169609324
12348.221686779623	-4.720652612345338
12361.564804696049	-4.723398820647526
12374.907922612472	-4.726116706392906
12388.251040528894	-4.728564206317128
12401.594158445316	-4.7315013148802905
12414.93727636174	-4.734191540573397
12428.280394278165	-4.73684451063591
12441.623512194588	-4.739389030006191
12454.966630111008	-4.7424208902287095
12468.30974802743	-4.745148270845061
12481.652865943854	-4.748012661067344
12494.995983860275	-4.75059887847375
12508.3391017767	-4.7534590491981366
12521.682219693124	-4.756270091005694
12535.025337609544	-4.759084686603535
12548.368455525966	-4.761835935096007
12561.71157344239	-4.764555391429269
12575.054691358811	-4.7674206744474645
12588.397809275237	-4.770377490198655
12601.740927191657	-4.773191154640995
12615.084045108084	-4.776187692884844
12628.427163024506	-4.7788403261437225
12641.770280940927	-4.781919125872844
12655.113398857353	-4.784722733259196
12668.456516773776	-4.787797633404364
12681.7996346902	-4.790493974167509
12695.142752606622	-4.793579690461274
12708.485870523044	-4.796603580276894
12721.828988439464	-4.799496831899717
12735.172106355893	-4.802109743935546
12748.515224272312	-4.8054973287843605
12761.858342188734	-4.808505270367346
12775.201460105158	-4.811494449564009
12788.54457802158	-4.8145554442834735
12801.887695938003	-4.81749353577668
12815.230813854423	-4.820697830411495
12828.573931770849	-4.823244203903118
12841.91704968727	-4.826855793864479
12855.260167603692	-4.829603854585582
12868.60328552012	-4.832567084648372
12881.94640343654	-4.8360326270158795
12895.289521352965	-4.838994508020039
12908.63263926939	-4.842131677605925
12921.975757185812	-4.845044427954702
12935.318875102235	-4.848327841131504
12948.661993018655	-4.851664122510829
12962.00511093508	-4.854645881832051
12975.348228851502	-4.857834190738538
12988.691346767924	-4.86087711450134
13002.034464684348	-4.86423480511404
13015.37758260077	-4.867350216961631
13028.720700517191	-4.870347786470097
13042.063818433617	-4.8737078633765005
13055.406936350038	-4.87709505307605
13068.75005426646	-4.880188480393872
13082.093172182882	-4.883445526989806
13095.436290099306	-4.886849570208733
13108.779408015727	-4.889975062841472
13122.122525932153	-4.893346729473967
13135.465643848576	-4.896573593337211
13148.808761764998	-4.900023856134976
13162.151879681423	-4.903042342488686
13175.494997597849	-4.906646869118356
13188.838115514269	-4.910011155984319
13202.181233430692	-4.9134149940528005
13215.524351347116	-4.916195846424591
13228.867469263538	-4.920149153046554
13242.21058717996	-4.923142623834917
13255.553705096385	-4.92677247407679
13268.896823012805	-4.930071270518567
13282.239940929228	-4.933933686444459
13295.583058845652	-4.935557775112761
13308.926176762074	-4.940361615911376
13322.269294678495	-4.944244103593474
13335.612412594915	-4.947563847025743
13348.95553051134	-4.951000787799148
13362.298648427764	-4.954769803980082
13375.641766344186	-4.957100810709494
13388.984884260612	-4.961111447802784
13402.328002177035	-4.964624517002152
13415.67112009346	-4.968583900896317
13429.014238009882	-4.9713191491728255
13442.357355926304	-4.975876822446094
13455.700473842728	-4.979299786521244
13469.043591759151	-4.982852980015332
13482.386709675571	-4.98680291294163
13495.729827591997	-4.989933512536334
13509.072945508417	-4.993868820372938
13522.416063424842	-4.995478726489137
13535.759181341264	-5.000593725439603
13549.102299257684	-5.0043944341166595
13562.445417174107	-5.0081674175568995
13575.788535090533	-5.0117704101958225
13589.131653006954	-5.015481463867684
13602.474770923376	-5.018968963191151
13615.8178888398	-5.022722406324078
13629.16100675622	-5.02630843027481
13642.504124672643	-5.030275874270307
13655.84724258907	-5.033957050439824
13669.190360505492	-5.037366624748143
13682.533478421916	-5.0413047440257746
13695.87659633834	-5.045150107692882
13709.219714254765	-5.048957354731624
13722.562832171188	-5.052672771713037
13735.905950087608	-5.056602092770743
13749.24906800403	-5.060440493465023
13762.592185920454	-5.064140637023854
13775.935303836875	-5.067969050748218
13789.2784217533	-5.071703155481066
13802.62153966972	-5.07590059300046
13815.964657586144	-5.079280274267569
13829.307775502568	-5.083373813398237
13842.65089341899	-5.0873410621376935
13855.994011335411	-5.091136599282924
13869.337129251831	-5.095206746021143
13882.680247168257	-5.099123544825318
13896.02336508468	-5.102888492543547
13909.366483001106	-5.1068369122712856
13922.709600917527	-5.110908972149355
13936.052718833953	-5.114849594858811
13949.395836750376	-5.118951339113903
13962.738954666798	-5.122707988513264
13976.082072583222	-5.126707672460429
13989.425190499644	-5.1310043838512005
14002.768308416067	-5.134845809357739
14016.111426332487	-5.13895694161265
14029.454544248912	-5.143104981501608
14042.797662165334	-5.147062609216016
14056.140780081756	-5.150895971907767
14069.48389799818	-5.155270787722236
14082.827015914603	-5.159299753298865
14096.170133831023	-5.163286316280869
14109.513251747449	-5.167587259684103
14122.856369663868	-5.17142515019159
14136.199487580294	-5.175722256088045
14149.542605496716	-5.179891307196567
14162.885723413136	-5.184248275872392
14176.228841329565	-5.188280744976271
14189.571959245986	-5.1923842989532885
14202.91507716241	-5.196608712437933
14216.258195078834	-5.2009102520156265
14229.601312995255	-5.204878255706456
14242.94443091168	-5.209152533691054
14256.287548828102	-5.213738342112345
14269.630666744524	-5.218028482955742
14282.973784660946	-5.222035455300374
14296.31690257737	-5.226288731485658
14309.660020493791	-5.230669023430721
14323.003138410217	-5.234555137394648
14336.346256326638	-5.239508695234667
14349.68937424306	-5.243497043835885
14363.032492159482	-5.247866589300509
14376.375610075906	-5.252292723143148
14389.718727992327	-5.256714346839272
14403.061845908753	-5.260864441625881
14416.404963825173	-5.265454609943186
14429.7480817416	-5.2698658332987405
14443.091199658022	-5.274018365999098
14456.434317574443	-5.278713617242522
14469.777435490869	-5.283009019265876
14483.120553407292	-5.287273921694407
14496.463671323716	-5.29167626768442
14509.806789240138	-5.296428998767226
14523.14990715656	-5.300935136049054
14536.49302507298	-5.30510603051872
14549.836142989405	-5.309735681332166
14563.179260905828	-5.3144039901259195
14576.52237882225	-5.318752172813947
14589.865496738672	-5.323409265199689
14603.208614655096	-5.328183817600592
14616.55173257152	-5.3324236496383035
14629.89485048794	-5.337365331050586
14643.237968404364	-5.3417340141126655
14656.581086320786	-5.3463875679527515
14669.924204237208	-5.350896415050494
14683.267322153632	-5.355671254112389
14696.610440070055	-5.360108140043468
14709.95355798648	-5.364777321753991
14723.296675902902	-5.369221783373632
14736.639793819328	-5.374415245813071
14749.982911735748	-5.378874377931692
14763.326029652171	-5.383654297710843
14776.669147568597	-5.38812510443069
14790.012265485018	-5.393084369359315
14803.35538340144	-5.397496498358066
14816.698501317864	-5.402447102880347
14830.041619234284	-5.407338248180162
14843.384737150707	-5.4121944809658995
14856.727855067133	-5.416822344114775
14870.070972983554	-5.421659715603812
14883.414090899976	-5.426569325241911
14896.757208816398	-5.431258631956086
14910.10032673282	-5.436095911719508
14923.443444649243	-5.440831272678804
14936.786562565669	-5.445853417939025
14950.129680482092	-5.4505561786927785
14963.472798398514	-5.455470861972055
14976.81591631494	-5.460490584196737
14990.159034231365	-5.4652620120965825
15003.502152147785	-5.470046589832174
15016.845270064208	-5.4755000230684745
15030.188387980632	-5.480165969250544
15043.531505897054	-5.484904074467323
15056.874623813475	-5.489913754185954
15070.217741729895	-5.4953288254032255
15083.56085964632	-5.500098910558916
15096.903977562744	-5.505067045640965
15110.247095479166	-5.510243064857133
15123.59021339559	-5.515309205997641
15136.933331312011	-5.52006246004185
15150.276449228431	-5.525112087384929
15163.619567144857	-5.53033016349608
15176.96268506128	-5.535556601986445
15190.305802977702	-5.540349583834631
15203.648920894124	-5.54578253844362
15216.992038810546	-5.550768588507912
15230.335156726967	-5.555920695162973
15243.678274643398	-5.561030879198762
15257.02139255982	-5.566155170263187
15270.364510476244	-5.5712974565184314
15283.707628392667	-5.576562641551436
15297.050746309087	-5.581513960908888
15310.393864225513	-5.5868657816967815
15323.736982141932	-5.59232013273741
15337.080100058354	-5.597420362178656
15350.42321797478	-5.602920477740492
15363.7663358912	-5.608120652038195
15377.109453807623	-5.613364861408604
15390.452571724049	-5.61876496756995
15403.79568964047	-5.623746700081398
15417.138807556892	-5.6290653548147755
15430.481925473314	-5.634618055526573
15443.825043389736	-5.640143275655464
15457.16816130616	-5.645200343884187
15470.511279222586	-5.650698682396898
15483.854397139012	-5.655961003482053
15497.197515055434	-5.661814372635257
15510.540632971855	-5.666859053684044
15523.88375088828	-5.672255876162967
15537.226868804702	-5.677755047288673
15550.569986721124	-5.683329942199561
15563.913104637546	-5.688588843145231
15577.25622255397	-5.694178999519323
15590.599340470391	-5.699810243029015
15603.942458386817	-5.705185291101441
15617.285576303237	-5.710884944846117
15630.628694219658	-5.716351881766736
15643.971812136084	-5.721884325230763
15657.314930052506	-5.727569772023048
15670.658047968927	-5.733056095746963
15684.001165885347	-5.73888371719188
15697.344283801773	-5.744227267560643
15710.687401718196	-5.749766038283144
15724.030519634618	-5.755362244640287
15737.37363755104	-5.76123499396262
15750.716755467462	-5.766926762168856
15764.059873383892	-5.772273115441561
15777.402991300314	-5.778240380132104
15790.746109216736	-5.783990435561629
15804.08922713316	-5.789567256302405
15817.432345049583	-5.795471448213561
15830.775462966005	-5.80119905030013
15844.118580882428	-5.806808411161347
15857.461698798848	-5.812829227854405
15870.804816715272	-5.818574928934095
15884.147934631696	-5.824288752799691
15897.491052548115	-5.83018208121324
15910.83417046454	-5.835814209761429
15924.177288380964	-5.842026048409553
15937.520406297384	-5.847532223183771
15950.863524213806	-5.853519549868014
15964.206642130232	-5.859230902020573
15977.549760046651	-5.865332978311659
15990.89287796308	-5.8714375542995985
16004.235995879506	-5.877389516476967
16017.579113795928	-5.883086692970141
16030.922231712348	-5.889158569535482
16044.265349628771	-5.895250950841694
16057.608467545197	-5.901137114378946
16070.951585461618	-5.907042731711561
16084.29470337804	-5.912952973189254
16097.637821294462	-5.919189995637913
16110.980939210884	-5.925379573958276
16124.324057127307	-5.931195949708325
16137.667175043733	-5.937585503746556
16151.010292960153	-5.943357703078436
16164.353410876576	-5.949437940035523
16177.696528792998	-5.955822214873535
16191.039646709422	-5.961854651831789
16204.382764625843	-5.967979008146119
16217.725882542263	-5.974345492310261
16231.069000458689	-5.980792350827284
16244.41211837511	-5.986755496895938
16257.755236291532	-5.99287559497655
16271.098354207956	-5.998842303287899
16284.441472124385	-6.005423231540215
16297.784590040808	-6.011346231088021
16311.12770795723	-6.018071726435295
16324.470825873654	-6.023957795243803
16337.813943790075	-6.030501988940881
16351.157061706495	-6.036683338616887
16364.50017962292	-6.043083658234309
16377.843297539344	-6.049320648987566
16391.186415455766	-6.055684034518487
16404.529533372188	-6.062413252795318
16417.87265128861	-6.068935327949748
16431.215769205035	-6.07513075003344
16444.558887121457	-6.081536833746651
16457.90200503788	-6.087799325658961
16471.2451229543	-6.094187701015477
16484.588240870726	-6.10061998930056
16497.931358787147	-6.10746868055943
16511.274476703573	-6.1137705214178935
16524.61759462	-6.12041726481724
16537.96071253642	-6.127124679177285
16551.30383045284	-6.133474150171639
16564.646948369264	-6.140294116372968
16577.99006628569	-6.146688641752007
16591.33318420211	-6.153176216885294
16604.676302118532	-6.160083718799603
16618.019420034954	-6.166355641275527
16631.362537951376	-6.173160809343528
16644.7056558678	-6.179754355682332
16658.048773784223	-6.186715737614412
16671.391891700645	-6.193091978180627
16684.73500961707	-6.199774210956649
16698.078127533492	-6.206833231154974
16711.421245449914	-6.213507815951061
16724.764363366336	-6.220190737743292
16738.107481282757	-6.227135106124161
16751.450599199183	-6.2336511487328155
16764.793717115605	-6.240440619341075
16778.136835032026	-6.247294585100434
16791.479952948448	-6.254558648445328
16804.823070864877	-6.261168563792467
16818.166188781302	-6.268491049973534
16831.509306697724	-6.274888882139396
16844.852424614146	-6.2818892595488816
16858.195542530568	-6.288834016781971
16871.53866044699	-6.295518657535558
16884.881778363415	-6.3027620139967215
16898.224896279837	-6.309675949819422
16911.56801419626	-6.316906516527422
16924.91113211268	-6.32361310161537
16938.254250029102	-6.330657517121921
16951.597367945527	-6.337749201566868
16964.94048586195	-6.344977667258905
16978.28360377837	-6.351972800021963
16991.626721694793	-6.359169692520737
17004.969839611218	-6.366268611330685
17018.31295752764	-6.373334378474965
17031.656075444065	-6.380276503608519
17044.999193360494	-6.387316237594007
17058.342311276916	-6.3948686978500575
17071.685429193338	-6.401965035097897
17085.02854710976	-6.4091616755870975
17098.37166502618	-6.416517932029325
17111.714782942603	-6.423706425579053
17125.05790085903	-6.431111200054585
17138.40101877545	-6.438321114390544
17151.744136691872	-6.445651434130582
17165.087254608294	-6.452611247641727
17178.430372524715	-6.460386085216681
17191.77349044114	-6.467393288305027
17205.116608357563	-6.474844369470981
17218.459726273984	-6.482271679672908
17231.802844190406	-6.489943409280022
17245.145962106828	-6.497137140664767
17258.489080023253	-6.504601805037396
17271.832197939675	-6.512227496575082
17285.175315856097	-6.519217157084012
17298.51843377252	-6.526874954580217
17311.86155168894	-6.534673557116884
17325.204669605373	-6.542106999416347
17338.547787521795	-6.549632315056772
17351.890905438217	-6.557292629082587
17365.234023354642	-6.5647313816405815
17378.577141271064	-6.572570362007184
17391.920259187485	-6.5800617940086115
17405.263377103907	-6.587492350997223
17418.60649502033	-6.595487441089557
17431.949612936754	-6.602940808913599
17445.292730853176	-6.6104428229567755
17458.635848769598	-6.618046626637499
17471.97896668602	-6.62617460721641
17485.32208460244	-6.634265031268223
17498.665202518867	-6.641795573663069
17512.00832043529	-6.649476948304669
17525.35143835171	-6.657336937221243
17538.694556268132	-6.665390727053994
17552.03767418456	-6.67324870366487
17565.380792100987	-6.680749250119765
17578.72391001741	-6.688565036440155
17592.06702793383	-6.696587424940537
17605.410145850252	-6.704772546391075
17618.753263766677	-6.712787064126627
17632.0963816831	-6.720372775753566
17645.43949959952	-6.728464049619214
17658.782617515943	-6.7363925619088665
17672.125735432364	-6.744452130108942
17685.46885334879	-6.752406594746162
17698.81197126521	-6.760575536848234
17712.155089181633	-6.768702875810334
17725.498207098055	-6.776754267506289
17738.84132501448	-6.784953849854469
17752.184442930902	-6.79306537666398
17765.527560847324	-6.801282020210039
17778.870678763746	-6.809277752430001
17792.213796680167	-6.817612679847452
17805.556914596593	-6.825738679940713
17818.900032513015	-6.833568350859338
17832.243150429436	-6.84224256216819
17845.586268345865	-6.850314618378979
17858.929386262287	-6.858825434622292
17872.27250417871	-6.86704493772873
17885.615622095134	-6.875538576646465
17898.958740011556	-6.883796400253283
17912.301857927978	-6.892307044253892
17925.6449758444	-6.900555725244152
17938.98809376082	-6.90908883028423
17952.331211677247	-6.917498118644824
17965.67432959367	-6.925609052891929
17979.01744751009	-6.934328187766374
17992.360565426516	-6.942828030860056
18005.703683342937	-6.951070201242589
18019.04680125936	-6.95986715758487
18032.38991917578	-6.968468236972933
18045.733037092206	-6.977202036080138
18059.076155008628	-6.985500221736902
18072.419272925054	-6.994672058902796
18085.76239084148	-7.002818123392871
18099.1055087579	-7.01140993565212
18112.44862667432	-7.020179324911998
18125.791744590744	-7.028806349500127
18139.13486250717	-7.0374637762719825
18152.47798042359	-7.046682354685527
18165.821098340013	-7.055306282037014
18179.164216256435	-7.063741732251856
18192.507334172857	-7.072297039708383
18205.85045208928	-7.0818735115246625
18219.193570005704	-7.090527928854766
18232.53668792213	-7.099242773050276
18245.87980583855	-7.1081001768066985
18259.222923754973	-7.11748849987219
18272.566041671394	-7.126091569993269
18285.909159587816	-7.135204883994493
18299.25227750424	-7.14410180179367
18312.595395420663	-7.152950211052127
18325.938513337085	-7.161819152920566
18339.281631253507	-7.170879429538019
18352.62474916993	-7.180104750736836
18365.96786708636	-7.189115552368134
18379.310985002776	-7.198261567335868
18392.654102919205	-7.207457152846007
18405.997220835627	-7.216611851099532
18419.34033875205	-7.225802092776382
18432.683456668474	-7.235411364360692
18446.02657458489	-7.2439935460585385
18459.369692501317	-7.253350849738945
18472.712810417735	-7.262647066166929
18486.05592833416	-7.271861185731927
18499.399046250583	-7.2813724606143895
18512.742164167008	-7.290524923510605
18526.085282083433	-7.29973902997595
18539.428399999848	-7.30931969269061
18552.771517916277	-7.318678305850861
18566.114635832695	-7.328169790768865
18579.45775374912	-7.337441583211245
18592.800871665542	-7.346826685970521
18606.143989581968	-7.3567047213763885
18619.487107498397	-7.3659065925339835
18632.830225414815	-7.375628717560789
18646.17334333124	-7.385278130122336
18659.516461247666	-7.394642133454042
18672.859579164084	-7.404272312923777
18686.202697080505	-7.414024568183001
18699.545814996927	-7.423561400416577
18712.888932913356	-7.4329548629447855
18726.23205082977	-7.442788795431571
18739.5751687462	-7.452658602273931
18752.918286662614	-7.462547040076464
18766.261404579043	-7.4718787446952835
18779.60452249547	-7.482129221247507
18792.947640411887	-7.491700846969957
18806.290758328312	-7.501181456898811
18819.63387624473	-7.5113458139507
18832.97699416116	-7.521578828775356
18846.320112077578	-7.5311438598972185
18859.663229994	-7.5411905980863905
18873.00634791042	-7.5508507394967355
18886.349465826843	-7.561452264970063
18899.692583743272	-7.570780816980149
18913.035701659697	-7.581197249001491
18926.37881957612	-7.590850352003434
18939.72193749254	-7.601344325468531
18953.065055408963	-7.6112384547305965
18966.408173325388	-7.621760797287758
18979.75129124181	-7.631766457602842
18993.09440915823	-7.641722697712444
19006.437527074657	-7.6520146007917305
19019.78064499108	-7.662590897257627
19033.1237629075	-7.672722399589972
19046.46688082393	-7.682993954344141
19059.809998740348	-7.6935654864536955
19073.15311665677	-7.703448697391781
19086.49623457319	-7.7138900571599525
19099.839352489624	-7.724113259950587
19113.182470406045	-7.734660953771183
19126.525588322467	-7.745209190964138
19139.86870623889	-7.755429727530867
19153.21182415531	-7.765820498581741
19166.554942071733	-7.7764537568921694
19179.898059988154	-7.787157259613858
19193.241177904576	-7.797179586162079
19206.584295821	-7.808281264454857
19219.92741373742	-7.819169566794332
19233.270531653845	-7.829338842164847
19246.61364957027	-7.8397976079869185
19259.95676748669	-7.850564956513088
19273.299885403118	-7.861192723744227
19286.643003319536	-7.872441516894639
19299.98612123596	-7.883324111381285
19313.329239152383	-7.893892419756847
19326.672357068805	-7.90486773783716
19340.015474985223	-7.915483621517711
19353.358592901648	-7.926417843499905
19366.701710818073	-7.937109442220057
19380.044828734488	-7.948187864537067
19393.38794665092	-7.959307181863832
19406.731064567335	-7.970539621742427
19420.074182483764	-7.981052544909369
19433.417300400193	-7.991882912308606
19446.760418316608	-8.00289192164239
19460.103536233037	-8.014824277634577
19473.44665414945	-8.025320598158881
19486.789772065884	-8.036372123235045
19500.132889982306	-8.047851132010857
19513.476007898727	-8.059241539536803
19526.81912581515	-8.070282806923235
19540.162243731567	-8.08127889644972
19553.505361647996	-8.092830965882138
19566.848479564414	-8.103896718934081
19580.19159748084	-8.115506817983373
19593.534715397265	-8.126803309698081
19606.877833313683	-8.138575446558221
19620.22095123012	-8.149642293595164
19633.564069146538	-8.1614695216386
19646.90718706296	-8.172611844155771
19660.25030497938	-8.183899184359884
19673.593422895803	-8.195688118358115
19686.936540812225	-8.207182002496442
19700.279658728647	-8.218909370253044
19713.62277664507	-8.23034691292743
19726.965894561486	-8.24192589015949
19740.30901247792	-8.253541781052812
19753.65213039434	-8.265061727167588
19766.995248310763	-8.277709114786306
19780.338366227184	-8.289163601895563
19793.681484143606	-8.300225990082684
19807.024602060028	-8.312671790163654
19820.367719976453	-8.324254697485873
19833.710837892875	-8.336195279967711
19847.053955809297	-8.348547559377177
19860.39707372572	-8.360357207583622
19873.740191642144	-8.372187591484975
19887.08330955857	-8.384370335385105
19900.426427474988	-8.396026563301398
19913.76954539141	-8.408526755344571
19927.11266330783	-8.42038048112167
19940.455781224256	-8.432812910104527
19953.79889914068	-8.444544193280743
19967.142017057104	-8.457128738407144
19980.48513497353	-8.469398594857592
19993.82825288995	-8.48149528244412
20007.171370806376	-8.493532908171847
20020.5144887228	-8.506161732567644
20033.85760663922	-8.518643270274103
20047.20072455564	-8.53089926401464
20060.543842472063	-8.542882456145653
20073.886960388485	-8.555272623285108
20087.23007830491	-8.567951227348152
20100.573196221336	-8.580189729450222
20113.91631413776	-8.5926886833843
20127.259432054176	-8.60523331323808
20140.60254997061	-8.618370901823075
20153.945667887034	-8.630955317754927
20167.28878580345	-8.643324845371474
20180.631903719877	-8.656205236342043
20193.97502163629	-8.668860010020984
20207.31813955272	-8.6813745142754
20220.661257469143	-8.694609628884335
20234.004375385564	-8.707226773388749
20247.347493301982	-8.719791701327974
20260.690611218408	-8.732766697780226
20274.033729134837	-8.745864971178785
20287.37684705125	-8.759272868328377
20300.71996496768	-8.771805716376473
20314.063082884095	-8.7851214623493
20327.40620080052	-8.797913928473184
20340.74931871695	-8.810666876203644
20354.092436633367	-8.824234907981594
20367.435554549797	-8.837114412368305
20380.77867246621	-8.849913907968602
20394.12179038264	-8.863952100902866
20407.464908299055	-8.877096933271826
20420.80802621548	-8.89009641739855
20434.151144131905	-8.90321008797559
20447.494262048323	-8.916773197546986
20460.83737996475	-8.930256380345375
20474.180497881174	-8.943493721699602
20487.5236157976	-8.956471068642312
20500.86673371402	-8.970609914641589
20514.209851630443	-8.984176774154196
20527.55296954687	-8.997674051658361
20540.896087463287	-9.011370986615104
20554.239205379712	-9.024697340532601
20567.58232329613	-9.038064351013592
20580.92544121256	-9.051654258043476
20594.26855912898	-9.06591754670308
20607.611677045406	-9.079459411188125
20620.954794961828	-9.093615156647383
20634.297912878246	-9.107567303583673
20647.64103079467	-9.121221604161482
20660.9841487111	-9.134585674752355
20674.32726662752	-9.148865093566434
20687.670384543948	-9.16277089143124
20701.01350246037	-9.177194381258037
20714.35662037679	-9.190894298758511
20727.699738293213	-9.204929091783345
20741.042856209635	-9.218725112263536
20754.385974126057	-9.23313697985021
20767.72909204248	-9.247390217999541
20781.0722099589	-9.261561419842232
20794.41532787533	-9.276046655383945
20807.758445791747	-9.290498993146462
20821.101563708173	-9.304429761145974
20834.444681624595	-9.319105305129359
