  0.0000e+00  0.0000e+00  0.0000e+00  0.0000e+00  0.0000e+00  0.0000e+00  0.0000e+00  0.0000e+00  0.0000e+00  0.0000e+00  0.0000e+00  0.0000e+00  0.0000e+00  0.0000e+00  0.0000e+00  0.0000e+00  0.0000e+00  0.0000e+00  0.0000e+00  0.0000e+00  0.0000e+00  0.0000e+00  0.0000e+00  0.0000e+00  0.0000e+00  0.0000e+00  0.0000e+00  0.0000e+00  0.0000e+00  0.0000e+00  0.0000e+00  0.0000e+00  0.0000e+00  0.0000e+00  0.0000e+00  0.0000e+00  0.0000e+00  0.0000e+00  0.0000e+00  0.0000e+00  0.0000e+00  0.0000e+00  0.0000e+00  0.0000e+00  0.0000e+00  0.0000e+00  0.0000e+00  0.0000e+00  0.0000e+00  0.0000e+00  0.0000e+00  0.0000e+00  0.0000e+00  0.0000e+00  0.0000e+00  0.0000e+00  0.0000e+00  0.0000e+00  0.0000e+00  0.0000e+00  0.0000e+00
  0.0000e+00  0.0000e+00  0.0000e+00  0.0000e+00  0.0000e+00  0.0000e+00  0.0000e+00  0.0000e+00  0.0000e+00  0.0000e+00  0.0000e+00  0.0000e+00  0.0000e+00  0.0000e+00  0.0000e+00  0.0000e+00  0.0000e+00  0.0000e+00  0.0000e+00  0.0000e+00  0.0000e+00  0.0000e+00  0.0000e+00  0.0000e+00  0.0000e+00  0.0000e+00  0.0000e+00  0.0000e+00  0.0000e+00  0.0000e+00  0.0000e+00  0.0000e+00  0.0000e+00  0.0000e+00  0.0000e+00  0.0000e+00  0.0000e+00  0.0000e+00  0.0000e+00  0.0000e+00  0.0000e+00  0.0000e+00  0.0000e+00  0.0000e+00  0.0000e+00  0.0000e+00  0.0000e+00  0.0000e+00  0.0000e+00  0.0000e+00  0.0000e+00  0.0000e+00  0.0000e+00  0.0000e+00  0.0000e+00  0.0000e+00  0.0000e+00  0.0000e+00  0.0000e+00  0.0000e+00  0.0000e+00
  0.0000e+00  0.0000e+00  0.0000e+00  0.0000e+00  0.0000e+00  0.0000e+00  0.0000e+00  0.0000e+00  0.0000e+00  0.0000e+00  0.0000e+00  0.0000e+00  0.0000e+00  0.0000e+00  0.0000e+00  0.0000e+00  0.0000e+00  0.0000e+00  0.0000e+00  0.0000e+00  0.0000e+00  0.0000e+00  0.0000e+00  0.0000e+00  0.0000e+00  0.0000e+00  0.0000e+00  0.0000e+00  0.0000e+00  0.0000e+00  0.0000e+00  0.0000e+00  0.0000e+00  0.0000e+00  0.0000e+00  0.0000e+00  0.0000e+00  0.0000e+00  0.0000e+00  0.0000e+00  0.0000e+00  0.0000e+00  0.0000e+00  0.0000e+00  0.0000e+00  0.0000e+00  0.0000e+00  0.0000e+00  0.0000e+00  0.0000e+00  0.0000e+00  0.0000e+00  0.0000e+00  0.0000e+00  0.0000e+00  0.0000e+00  0.0000e+00  0.0000e+00  0.0000e+00  0.0000e+00  0.0000e+00
  0.0000e+00  0.0000e+00  0.0000e+00  0.0000e+00  0.0000e+00  0.0000e+00  0.0000e+00  0.0000e+00  0.0000e+00  0.0000e+00  0.0000e+00  0.0000e+00  0.0000e+00  0.0000e+00  0.0000e+00  0.0000e+00  0.0000e+00  0.0000e+00  0.0000e+00  0.0000e+00  0.0000e+00  0.0000e+00  0.0000e+00  0.0000e+00  0.0000e+00  0.0000e+00  0.0000e+00  0.0000e+00  0.0000e+00  0.0000e+00  0.0000e+00  0.0000e+00  0.0000e+00  0.0000e+00  0.0000e+00  0.0000e+00  0.0000e+00  0.0000e+00  0.0000e+00  0.0000e+00  0.0000e+00  0.0000e+00  0.0000e+00  0.0000e+00  0.0000e+00  0.0000e+00  0.0000e+00  0.0000e+00  0.0000e+00  0.0000e+00  0.0000e+00  0.0000e+00  0.0000e+00  0.0000e+00  0.0000e+00  0.0000e+00  0.0000e+00  0.0000e+00  0.0000e+00  0.0000e+00  0.0000e+00
  0.0000e+00  0.0000e+00  0.0000e+00  0.0000e+00  0.0000e+00  0.0000e+00  0.0000e+00  0.0000e+00  0.0000e+00  0.0000e+00  0.0000e+00  0.0000e+00  0.0000e+00  0.0000e+00  0.0000e+00  0.0000e+00  0.0000e+00  0.0000e+00  0.0000e+00  0.0000e+00  0.0000e+00  0.0000e+00  0.0000e+00  0.0000e+00  0.0000e+00  0.0000e+00  0.0000e+00  0.0000e+00  0.0000e+00  0.0000e+00  0.0000e+00  0.0000e+00  0.0000e+00  0.0000e+00  0.0000e+00  0.0000e+00  0.0000e+00  0.0000e+00  0.0000e+00  0.0000e+00  0.0000e+00  0.0000e+00  0.0000e+00  0.0000e+00  0.0000e+00  0.0000e+00  0.0000e+00  0.0000e+00  0.0000e+00  0.0000e+00  0.0000e+00  0.0000e+00  0.0000e+00  0.0000e+00  0.0000e+00  0.0000e+00  0.0000e+00  0.0000e+00  0.0000e+00  0.0000e+00  0.0000e+00
  0.0000e+00  0.0000e+00  0.0000e+00  0.0000e+00  0.0000e+00  0.0000e+00  0.0000e+00  0.0000e+00  0.0000e+00  0.0000e+00  0.0000e+00  0.0000e+00  0.0000e+00  0.0000e+00  0.0000e+00  0.0000e+00  0.0000e+00  0.0000e+00  0.0000e+00  0.0000e+00  0.0000e+00  0.0000e+00  0.0000e+00  0.0000e+00  0.0000e+00  0.0000e+00  0.0000e+00  0.0000e+00  0.0000e+00  0.0000e+00  0.0000e+00  0.0000e+00  0.0000e+00  0.0000e+00  0.0000e+00  0.0000e+00  0.0000e+00  0.0000e+00  0.0000e+00  0.0000e+00  0.0000e+00  0.0000e+00  0.0000e+00  0.0000e+00  0.0000e+00  0.0000e+00  0.0000e+00  0.0000e+00  0.0000e+00  0.0000e+00  0.0000e+00  0.0000e+00  0.0000e+00  0.0000e+00  0.0000e+00  0.0000e+00  0.0000e+00  0.0000e+00  0.0000e+00  0.0000e+00  0.0000e+00
  4.1495e+01 -1.9780e-02  6.7919e-02  4.8670e-02 -1.6395e-02  5.6302e-02  4.0343e-02 -1.4275e-03  6.4253e-02  3.4114e-02 -3.1044e-02  4.7257e-02  4.5795e-02 -2.9524e-02  1.0136e-01  7.2632e-02 -1.1538e-01  1.2041e-01  1.0423e-01  3.2023e-02  1.6577e-01  1.0085e-01 -5.1559e-03  1.7678e-02  1.2671e-02  4.0931e-02 -1.4055e-01 -1.0071e-01 -4.0004e-02  1.3730e-01  9.8398e-02 -1.9284e-02  6.6155e-02  4.7417e-02 -1.2253e-01  8.3677e-02 -1.1912e-01 -1.1705e-01 -3.3786e-02 -1.0784e-01 -1.3835e-01  1.8806e-01 -1.4544e-01  5.6835e-02 -1.9515e-01 -1.3984e-01  3.0798e-01 -1.1975e-02 -3.7844e-01 -1.7210e-01 -4.5462e-01  4.4103e-02  1.1016e-01 -4.1140e-02  1.4959e-01  1.4513e-01 -6.2542e-02  3.8805e-02  9.3153e-02 -3.2750e-02  2.5672e-01
  4.2540e+01  1.1951e-02  2.1608e-02 -2.5303e-02  1.9807e-02  3.1009e-02 -3.5226e-02  3.2457e-02  1.3990e-02 -2.0181e-02  2.8842e-02  2.6405e-02 -1.1285e-02 -5.3223e-02  1.4635e-02 -4.2067e-02 -7.2426e-02  3.0828e-02 -6.8583e-02 -7.1419e-02  2.7337e-02 -7.1081e-02 -9.2256e-02 -3.6916e-02  1.4014e-02 -5.9399e-02 -6.6943e-02  6.9294e-02 -1.7028e-01 -4.6584e-02 -4.2250e-03 -1.9435e-01 -8.3042e-02  3.6874e-02  1.5642e-01  2.3522e-01 -3.0954e-02  1.0686e-01  2.1489e-01  6.0954e-02  2.5017e-01  3.3010e-01 -2.8141e-02 -7.3973e-02 -1.6229e-01  1.9642e-01 -8.7389e-02 -1.7629e-01  2.1155e-01 -8.7087e-02 -1.7720e-01  2.1086e-01  2.1744e-01  2.5673e-02 -1.8116e-01  1.8974e-01 -6.9690e-02 -1.4300e-01  3.3655e-01  3.3477e-02 -2.4076e-01
  5.0039e+01  2.7443e-02 -9.4236e-02 -6.7528e-02  2.8127e-02 -9.6587e-02 -6.9212e-02  8.9019e-03 -8.8638e-02 -7.1782e-02  4.3087e-02 -8.9884e-02 -5.6148e-02  1.6522e-02 -5.6731e-02 -4.0650e-02  6.1394e-02 -8.3447e-02 -1.0523e-02 -2.1719e-02 -5.2782e-02 -8.7091e-02 -3.1825e-03  1.0928e-02  7.8343e-03  2.6617e-02 -9.1386e-02 -6.5492e-02 -5.6189e-02  1.9293e-01  1.3827e-01 -6.2417e-02  2.1431e-01  1.5359e-01  9.3603e-02  4.6841e-02 -1.0913e-01  6.5674e-02  1.5855e-02 -5.3748e-02  1.4495e-01  1.4176e-01 -1.1691e-01 -2.7031e-02  9.2799e-02  6.6505e-02 -2.6788e-01 -2.3812e-01  4.0654e-01  2.2006e-01  4.0237e-01 -2.8886e-01 -7.2234e-02 -1.2020e-01  5.6544e-02 -5.0440e-02 -6.8146e-02  1.6259e-02 -1.5069e-01 -1.2204e-01  1.3102e-01
  5.7674e+01  1.0968e-01  1.3263e-01 -1.4050e-01  1.1940e-01  1.4257e-01 -1.5043e-01  1.1019e-01  1.1488e-01 -9.8081e-02  1.1475e-01  9.9234e-02 -1.0929e-01  2.3861e-02  1.2293e-01 -1.6185e-01  4.4022e-03  1.4280e-01 -1.9785e-01  4.3025e-03  1.4313e-01 -1.9762e-01 -2.1767e-02  6.3083e-02 -9.6871e-02  1.8023e-02  2.7631e-02 -3.1239e-02 -1.1104e-01  5.2560e-02 -1.1845e-01 -1.3850e-01  1.1276e-02 -7.2002e-02  2.7374e-02 -1.8398e-01  6.4442e-02  1.7127e-02 -2.1715e-01  8.9750e-02  4.7983e-02 -2.9547e-01  9.3358e-02 -1.3619e-02 -1.3731e-01  1.8608e-01 -4.0632e-02 -1.6700e-01  2.1804e-01 -4.0233e-02 -1.6836e-01  2.1710e-01 -2.5762e-02 -1.5952e-03  1.9516e-01 -4.0398e-02 -1.9684e-02  2.3127e-01 -4.0424e-02  7.9953e-03  3.1085e-01
  6.6943e+01 -9.2986e-03  3.1928e-02  2.2879e-02 -5.2791e-03  1.8127e-02  1.2988e-02 -1.3572e-02  3.2542e-02  2.6168e-02 -6.5612e-03  3.6589e-02  2.3370e-02 -6.7265e-03  2.3096e-02  1.6549e-02 -1.5127e-02  2.8528e-02  1.0042e-02  5.0232e-04  2.1688e-02  2.5939e-02 -2.0040e-03  6.8817e-03  4.9293e-03 -9.2589e-03  3.1791e-02  2.2780e-02  1.2054e-02 -4.1386e-02 -2.9662e-02  1.3333e-02 -4.5776e-02 -3.2808e-02 -5.0024e-02  3.0174e-03 -5.4990e-03 -2.6042e-02 -1.1356e-02 -4.5955e-02 -9.5572e-02  2.5189e-02 -2.1764e-02  1.3100e-02 -4.4985e-02 -3.2229e-02 -1.2245e-01 -5.5374e-01  3.9061e-01  2.0926e-01  2.5580e-01 -6.0416e-01  4.5050e-02  1.4058e-02  1.7740e-02  3.9417e-02 -3.4573e-02  1.3047e-02  8.1932e-02  2.1643e-02  5.5334e-02
  8.5057e+01 -1.2563e-01 -1.7945e-02 -2.6085e-02 -1.4186e-01 -3.7927e-02 -4.7796e-03 -1.1701e-01 -1.6771e-02 -3.6800e-02 -1.2031e-01 -5.4470e-03 -2.8754e-02 -4.1317e-02 -8.8648e-03 -4.5765e-03 -2.1972e-02 -2.7265e-02  2.9756e-02 -2.1938e-02 -2.8147e-02  2.9156e-02  2.5373e-03  4.8919e-02 -6.7096e-02 -2.8072e-02  7.8527e-02 -1.2056e-01  8.7221e-02  6.0335e-02 -4.8702e-02  1.1298e-01  9.9988e-02 -9.3352e-02  6.8826e-02  4.5354e-02  2.2946e-01 -2.2965e-02  2.2030e-01  3.6412e-01  2.5058e-01 -3.4516e-02  2.9103e-01 -1.3357e-01  1.5084e-02 -7.5351e-02 -1.2823e-01  2.1459e-02 -8.1990e-02 -1.2829e-01  2.1248e-02 -8.1743e-02  1.3813e-01 -1.9228e-01  5.9388e-02  1.5494e-01 -3.9077e-01 -7.3265e-02  2.8792e-01 -1.6114e-01  2.0048e-01
  8.5135e+01 -1.1843e-02  4.0340e-02  2.8900e-02 -8.2949e-03  2.8105e-02  2.0157e-02 -1.7317e-02  5.1690e-02 -8.7746e-03 -1.2392e-03  1.1422e-02  5.3968e-02 -2.6610e-02  9.1253e-02  6.5397e-02 -1.8530e-01  1.3035e-01  1.1458e-01  8.8171e-02  2.0298e-01  1.2437e-01  2.2974e-02 -7.8838e-02 -5.6572e-02  7.2220e-02 -2.4797e-01 -1.7783e-01  6.9446e-03 -2.3586e-02 -1.6969e-02  4.3267e-02 -1.4820e-01 -1.0633e-01  5.3066e-02  2.7252e-02  1.6956e-01 -6.0760e-02  2.4793e-02  3.7680e-01  2.7144e-01  1.0314e-01  2.0651e-01 -2.7312e-03  9.0585e-03  6.4323e-03 -2.8045e-02 -1.6203e-01  1.3974e-01  4.7446e-02  9.4852e-02 -1.8803e-01 -1.0145e-01  1.3928e-01 -4.9935e-02 -5.2913e-02  3.6569e-01 -9.6664e-02 -3.3374e-01  1.1193e-01 -5.1922e-02
  1.2542e+02 -1.4207e-02  4.8777e-02  3.4956e-02 -1.8906e-02  6.4909e-02  4.6517e-02 -6.5241e-02  1.9859e-02  1.7134e-01  6.3291e-03  1.8241e-01 -2.6387e-02  6.0390e-02 -2.0734e-01 -1.4859e-01  3.4879e-01 -2.2938e-01 -3.8110e-01 -1.2864e-01 -5.2647e-01 -1.6058e-01  1.2684e-02 -4.3549e-02 -3.1209e-02  7.3277e-03 -2.5159e-02 -1.8030e-02 -1.8557e-02  6.3714e-02  4.5661e-02 -4.1353e-02  1.4198e-01  1.0175e-01 -9.9375e-02  9.2825e-03  7.3827e-02 -1.4513e-01 -2.2553e-02  1.6469e-01 -5.4010e-03  1.1178e-01  7.3393e-02  1.5210e-03 -5.2221e-03 -3.7424e-03  4.5944e-02 -3.6484e-02 -1.2919e-04 -2.7737e-02 -2.6025e-02 -4.4668e-02  6.6162e-02  1.0475e-01  7.8936e-03  9.4934e-02  1.9491e-01 -4.1177e-02 -5.5075e-02  9.5862e-02  7.5410e-02
  1.8318e+02  3.5749e-02  6.5707e-03  5.3607e-03  3.8537e-02  8.8843e-04  1.4423e-02  2.5117e-02  1.0513e-02 -8.9652e-03  2.3941e-02  1.4552e-02 -6.0710e-03  5.6241e-02  2.7077e-03  1.9079e-02  5.5034e-02  3.7675e-03  1.5536e-02  5.4622e-02  5.1776e-03  1.6547e-02  4.8441e-02 -1.7122e-02  4.3579e-02  6.7106e-02 -3.7912e-02  8.0174e-02 -8.7396e-03 -2.6634e-02  3.3612e-02 -2.5916e-02 -5.3221e-02  6.3731e-02  1.2937e-01 -6.6910e-02 -7.7092e-02  1.8686e-01 -8.3071e-02 -1.8113e-01  1.0331e-02 -2.9068e-01 -5.6242e-02 -3.3343e-01  1.9884e-02 -1.6326e-01 -4.5406e-01 -1.2048e-01 -8.9654e-03 -4.5210e-01 -1.2716e-01 -1.3786e-02  7.1117e-02  1.3309e-01  6.6235e-02  8.9444e-02  2.5138e-01  5.8562e-02 -1.1138e-01  1.2723e-01  2.4324e-01
  1.9718e+02  7.1912e-02  6.2490e-02 -5.7972e-02  4.6855e-02  2.3467e-02 -1.3705e-02  4.3547e-02  8.4627e-02 -7.1993e-02  5.0965e-02  5.9162e-02 -9.0240e-02  1.4040e-01  7.3978e-02 -4.6164e-02  1.4199e-01  6.8266e-02 -3.2812e-02  1.4323e-01  6.4021e-02 -3.5857e-02  1.0569e-01  1.7843e-02  1.8058e-02  1.8640e-01 -5.4898e-02  1.5236e-01 -6.8135e-02 -6.7816e-03 -1.8230e-02 -1.2367e-01 -9.0258e-02  7.5681e-02 -1.6454e-01  7.7723e-02  8.6826e-02 -2.1951e-01 -3.2534e-02  2.1099e-01 -5.1976e-02  4.2062e-01  3.7435e-02 -7.9860e-02  2.2282e-02 -6.3547e-02 -1.9911e-01 -1.2483e-01  9.4511e-02 -1.9878e-01 -1.2594e-01  9.3689e-02 -9.6068e-02 -1.5735e-01 -8.1639e-02 -1.5295e-01 -2.6101e-01  4.7240e-02  1.1659e-01 -1.5819e-01 -3.7733e-01
  2.1159e+02 -4.9345e-03  1.6944e-02  1.2141e-02 -7.8894e-03  2.7084e-02  1.9410e-02  4.6538e-03  1.1457e-02  2.7085e-02 -1.5410e-02  2.5471e-02 -6.2613e-04  4.4736e-03 -1.5349e-02 -1.1002e-02  2.1420e-02 -1.1721e-02 -3.9195e-02 -4.6324e-03 -4.5895e-02 -2.0984e-03  4.7216e-03 -1.6204e-02 -1.1612e-02  1.0212e-02 -3.5050e-02 -2.5114e-02 -5.4803e-03  1.8807e-02  1.3477e-02 -8.0389e-04  2.7441e-03  1.9700e-03  1.1164e-02  4.1769e-02  1.5914e-02  1.1595e-01  2.0980e-01 -2.0648e-01 -2.1526e-01 -5.7931e-01  9.7679e-02  1.1759e-03 -4.0361e-03 -2.8908e-03 -6.4133e-03 -2.4334e-02  1.5159e-02  1.0653e-02  9.8276e-03 -2.5574e-02 -2.9358e-02  2.0684e-02  2.8839e-02 -1.2616e-01 -1.7468e-01  2.3160e-01  3.7796e-01  2.0481e-02 -4.9808e-01
  2.1886e+02 -1.1995e-03  7.8510e-03 -1.1445e-02 -9.1045e-03 -2.5472e-03 -1.5035e-04 -1.1118e-02  1.0612e-02 -1.6025e-02 -1.0253e-02  7.6485e-03 -1.8147e-02  1.7139e-02  1.1016e-02 -8.4025e-03  1.8694e-02  8.1807e-03 -2.6068e-03  1.9011e-02  7.1021e-03 -3.3846e-03  1.3038e-02  3.3220e-03  6.6713e-04  2.8453e-02 -1.2198e-02  2.8593e-02 -2.6212e-02 -4.1050e-03 -4.9290e-03 -3.6676e-02 -1.9755e-02  1.2660e-02 -2.3048e-02  6.4567e-02  2.9013e-02  8.3318e-02  2.1059e-01 -1.9199e-01 -2.5617e-01 -5.6343e-01  1.1070e-01  1.3634e-02 -5.8328e-03  1.3681e-02  5.5428e-02  4.7091e-02 -4.2452e-02  5.5615e-02  4.6433e-02 -4.2914e-02  1.0511e-02 -5.0641e-02 -5.3552e-02  1.0111e-01  1.4965e-01 -2.3575e-01 -4.0547e-01 -5.1075e-02  4.7797e-01
  2.5020e+02  2.4471e-03 -4.8808e-03  7.8074e-03  1.2255e-02  3.8537e-03 -3.9264e-04  8.1582e-03 -1.0706e-02  1.7923e-02  8.0703e-03 -1.0406e-02  1.8136e-02 -1.9193e-02 -7.0546e-03  2.0431e-03 -1.8308e-02 -6.8990e-03 -1.1112e-03 -1.9170e-02 -3.9448e-03  1.0078e-03 -1.7378e-02 -2.5430e-03 -3.5143e-03 -2.9139e-02  7.6142e-03 -2.2468e-02  4.9077e-03  3.6277e-04  1.4885e-03  1.3001e-02  1.2090e-02 -1.1586e-02  2.5719e-03  2.6269e-03  1.2514e-02  4.3450e-02  8.0706e-02 -7.5416e-02 -7.7531e-02 -2.1549e-02 -2.1067e-03  8.1470e-02  5.8755e-02 -4.8871e-02 -2.9536e-01 -4.1756e-01  4.5731e-01 -2.9674e-01 -4.1279e-01  4.6066e-01  6.5234e-03 -1.0945e-02  2.7882e-03  4.8554e-02  6.3182e-02 -8.7976e-02 -7.7702e-02 -2.0954e-02 -1.6906e-03
  2.7422e+02 -4.0326e-02  1.3845e-01  9.9221e-02 -4.4129e-02  1.5151e-01  1.0858e-01 -6.1071e-02  1.2674e-01  1.9275e-01 -4.1942e-02  2.2693e-01  6.0716e-02 -7.4018e-04  2.5427e-03  1.8221e-03  7.8932e-02  1.3483e-02 -1.1550e-01 -4.5300e-02 -1.2895e-01  3.2754e-02 -2.5472e-03  8.7464e-03  6.2681e-03 -6.4766e-05  2.2404e-04  1.6103e-04  2.9298e-04 -1.0066e-03 -7.2146e-04  8.4263e-04 -2.8948e-03 -2.0741e-03  7.4640e-02 -1.8790e-02 -6.4855e-02  7.0164e-03 -4.6989e-01  1.3168e-01  1.8691e-01 -2.4105e-01  1.3744e-02 -5.6312e-03  1.9329e-02  1.3853e-02  1.9786e-01 -9.2330e-02  6.6387e-03 -1.4494e-01 -8.9341e-02 -1.3685e-01 -4.2932e-02 -9.0076e-02 -1.3163e-02  1.3058e-01 -2.5408e-03 -4.7024e-01 -8.2797e-02 -1.1635e-01 -2.6989e-01
  3.0642e+02  2.5211e-02 -8.6560e-02 -6.2033e-02 -7.1740e-03  2.4628e-02  1.7650e-02  1.7422e-01 -1.2952e-01 -9.6089e-02 -8.3428e-02 -1.8219e-01 -1.2730e-01  3.1035e-04 -1.0650e-03 -7.6322e-04 -5.5732e-02 -9.0699e-03  8.0093e-02  3.2204e-02  8.9851e-02 -2.2201e-02 -2.2541e-03  7.7396e-03  5.5466e-03 -8.4234e-03  2.8921e-02  2.0727e-02  3.3525e-03 -1.1510e-02 -8.2489e-03 -8.6366e-03  2.9652e-02  2.1250e-02 -5.7525e-02  5.7514e-02 -2.9855e-02 -2.5254e-01 -6.4307e-02  3.4265e-01  3.0030e-01 -3.1645e-01  1.4224e-01 -2.9838e-03  1.0245e-02  7.3420e-03  1.3330e-01 -6.9120e-02  5.6687e-03 -9.5436e-02 -6.0859e-02 -9.8821e-02  3.8255e-02  8.6435e-03  7.7267e-02  1.5968e-01  3.8312e-01 -1.1416e-01 -1.9023e-01 -6.1394e-02 -4.1303e-01
  3.1205e+02  9.4730e-03 -3.2515e-02 -2.3301e-02  4.5260e-02 -1.5538e-01 -1.1135e-01 -1.2286e-01  1.8610e-02 -4.0292e-02  1.1357e-01  1.3319e-02  6.3179e-02  6.5482e-05 -2.2577e-04 -1.6216e-04 -5.5218e-03 -6.1279e-03  2.2812e-02  1.2098e-03  2.0930e-02 -1.2207e-02 -1.4163e-03  4.8604e-03  3.4833e-03  9.0859e-04 -3.1229e-03 -2.2390e-03  2.0880e-03 -7.1691e-03 -5.1376e-03 -3.2812e-03  1.1266e-02  8.0736e-03 -1.2895e-02  5.5320e-02  2.3972e-02  4.1316e-02 -5.0080e-01  2.0832e-02 -1.6083e-01 -6.9530e-02  1.6263e-02  1.0335e-02 -3.5487e-02 -2.5433e-02 -3.8520e-01  1.5777e-01  5.8720e-03  2.8528e-01  1.8528e-01  2.3998e-01 -1.4895e-02  4.0091e-02  4.4411e-02  1.4016e-01 -1.2218e-01 -4.6734e-01  1.6484e-01  5.5721e-02 -2.6195e-02
  3.2149e+02  8.0362e-02  1.2933e-02  1.4616e-02  1.1772e-01  5.8810e-02 -3.4204e-02  1.1513e-01 -1.0630e-02  6.7612e-02  1.1668e-01 -1.6005e-02  6.3755e-02 -1.0941e-02  3.8021e-03 -9.7519e-03 -1.9987e-02  1.6685e-02 -3.6311e-02 -2.1268e-02  2.1084e-02 -3.3158e-02 -2.1528e-02 -6.1301e-03 -1.9624e-04 -3.6711e-02  8.5311e-03 -2.6824e-02  8.4822e-03 -8.3848e-04  4.6181e-03  1.8668e-02  1.4810e-02 -1.3080e-02  2.3485e-03 -2.7262e-02  5.5533e-02  1.7991e-01  2.9861e-01 -3.1901e-01 -3.2200e-01  3.3158e-01 -1.0570e-01 -4.0549e-02 -1.2349e-02  7.5537e-04  2.0332e-02  7.0662e-02 -8.5518e-02  2.1562e-02  6.6323e-02 -8.8632e-02  6.6692e-03 -4.2095e-02  4.4903e-02  1.8631e-01  2.7662e-01 -3.3474e-01 -1.9460e-01 -1.0588e-01 -4.1921e-01
  3.4547e+02  1.5898e-01  3.0912e-02  2.1481e-02  2.1764e-01  1.0021e-01 -5.1377e-02  1.9557e-01 -1.6455e-03  8.5001e-02  1.9642e-01 -4.5292e-03  8.2934e-02 -2.7747e-02  4.9025e-03 -1.8117e-02 -5.7425e-02  3.6015e-02 -7.9443e-02 -5.8954e-02  4.1260e-02 -7.5684e-02 -5.6489e-02 -2.9629e-02  1.8385e-02 -9.8167e-02  8.0684e-03 -5.1155e-02  8.1401e-02 -1.0668e-02  4.7969e-02  1.3572e-01  7.0575e-02 -4.3318e-02 -2.7606e-02  7.7738e-02  2.5208e-02 -3.7307e-03 -5.6412e-01  9.1750e-02 -1.2564e-01 -1.3388e-01  4.9432e-02 -4.6336e-02 -2.9625e-03 -1.4700e-02 -4.8553e-02  4.1666e-03 -1.8819e-02 -4.6782e-02 -1.8570e-03 -2.3131e-02  1.0238e-02 -5.2196e-02 -6.7908e-02 -1.8495e-01  5.8099e-02  5.3765e-01 -1.4819e-01 -5.6479e-02  1.0490e-01
  3.7769e+02 -1.8459e-02  6.3370e-02  4.5415e-02 -1.1255e-02  3.8634e-02  2.7688e-02  1.6170e-02  4.4278e-02  7.6566e-02 -5.0591e-02  7.3888e-02  8.1167e-03 -2.5947e-03  8.9086e-03  6.3847e-03  2.8271e-02  1.6587e-02 -4.6606e-02 -1.9142e-02 -4.7928e-02  2.4148e-02 -1.6073e-03  5.5206e-03  3.9558e-03 -1.3425e-03  4.6122e-03  3.3057e-03 -2.0744e-04  7.1013e-04  5.0826e-04  8.0483e-03 -2.7637e-02 -1.9805e-02 -3.2803e-03 -2.8851e-02 -4.0977e-02 -1.2495e-01  2.7777e-01  1.2634e-01  2.5809e-01 -8.4598e-02  3.5918e-02  1.5922e-02 -5.4663e-02 -3.9176e-02 -5.1044e-01  1.8451e-01  1.6163e-02  3.8480e-01  2.4687e-01  2.9299e-01  2.4149e-02 -4.2796e-02 -1.0368e-02 -2.2539e-02  2.2861e-01  2.3655e-01 -2.0924e-01 -8.3103e-02 -1.5610e-01
  4.0200e+02 -1.1131e-01 -3.4308e-02  2.6323e-03 -1.2643e-01 -5.1726e-02  2.0792e-02 -6.7594e-02 -5.0141e-02  1.7505e-04 -7.8645e-02 -1.2194e-02  2.7370e-02 -3.5396e-03 -1.3999e-02  1.8095e-02  2.0326e-02 -4.1601e-02  7.0399e-02  2.1394e-02 -4.5267e-02  6.7771e-02  3.1501e-02  3.6300e-02 -3.7850e-02  5.6232e-02  1.0031e-02  8.8574e-03 -4.8819e-02  2.5567e-02 -5.5516e-02 -7.9584e-02 -1.9959e-02 -4.4940e-03  3.9748e-02  1.9793e-02  3.5906e-02  2.0662e-01 -5.0467e-01 -1.7783e-01 -3.2201e-01  1.2889e-01 -7.6508e-02  2.0482e-02  4.0299e-04  7.7624e-03  2.3025e-02 -1.5123e-04  7.0984e-03  2.2377e-02  2.0623e-03  8.6835e-03  5.2119e-02 -2.2683e-02  5.4654e-03 -4.5671e-02  3.6155e-01  4.4294e-01 -2.6084e-01 -8.1128e-02 -2.2702e-01
  4.9432e+02 -1.6641e-01  1.1233e-01 -2.2438e-01 -2.2495e-01  4.5160e-02 -1.5444e-01 -1.6388e-01  1.1117e-01 -2.3385e-01 -1.6705e-01  1.2203e-01 -2.2606e-01 -6.6579e-02  8.0028e-02 -1.3873e-01 -1.1167e-01  1.0928e-01 -1.7682e-01 -1.0618e-01  9.0404e-02 -1.9035e-01 -7.9126e-02 -5.9192e-02  5.0437e-02 -1.6621e-02 -1.2331e-01  1.6531e-01  2.2741e-01 -3.5184e-02  1.4152e-01  4.1665e-01  2.4680e-01 -1.7504e-01  2.1262e-02 -1.1328e-02  1.3125e-02  9.7032e-02 -4.9026e-02 -1.1875e-01 -1.2590e-01  9.4008e-02 -4.7226e-02  2.8445e-02  6.2081e-04  1.0694e-02  3.1247e-02 -3.5780e-03  1.1601e-02  2.9656e-02  1.8837e-03  1.5515e-02  1.8305e-02 -1.1746e-03  2.0401e-02  3.7850e-02  1.5417e-01  2.6863e-02 -9.0608e-02 -2.7153e-02 -1.3406e-01
  5.3733e+02  7.7977e-03 -2.6772e-02 -1.9186e-02  3.1407e-02 -1.0783e-01 -7.7277e-02 -7.9018e-02  1.4916e-02 -5.6296e-02  7.9897e-02 -1.7936e-02  5.4131e-02 -6.5135e-03  2.2363e-02  1.6026e-02  4.3053e-01 -1.1296e-01 -5.3997e-02 -3.2956e-01 -2.3370e-01 -1.9443e-01 -5.1995e-02  1.7852e-01  1.2793e-01  1.4938e-02 -5.1286e-02 -3.6754e-02  4.7552e-03 -1.6326e-02 -1.1700e-02  1.6198e-01 -5.5612e-01 -3.9854e-01 -4.5278e-03  1.9849e-04 -4.1080e-03 -1.5813e-02  3.3363e-02  1.0732e-02  1.5731e-02 -1.9909e-02  5.7484e-03 -1.7308e-03  5.9423e-03  4.2586e-03  4.2273e-02 -9.3704e-03 -4.0654e-03 -3.3309e-02 -2.1405e-02 -1.7991e-02  5.0478e-03 -1.9836e-03  2.8287e-03 -8.2656e-04  2.3768e-02  3.0211e-02 -8.3066e-03 -5.5802e-03 -2.4016e-02
  6.3755e+02  6.7861e-02 -6.9163e-02  1.2409e-01  2.1460e-01  1.2030e-01 -8.0641e-02  1.3804e-01 -1.2327e-01  2.3365e-01  1.3948e-01 -1.2824e-01  2.3009e-01 -2.3592e-01 -6.3744e-02 -6.9333e-03 -2.0861e-01 -7.5029e-02 -9.7120e-03 -2.1635e-01 -4.8467e-02  9.3231e-03 -9.8993e-02  6.8981e-02 -1.3649e-01  1.1325e-01 -1.1211e-01  2.0246e-01  8.5630e-02  1.5485e-01 -1.8127e-01  2.3288e-01  3.7206e-01 -4.2451e-01 -7.6365e-03 -1.9626e-03 -1.4893e-02 -4.3621e-02  8.1253e-02  3.8236e-02  7.0999e-02 -4.3148e-02  1.4778e-02 -9.5563e-03 -1.2224e-03 -2.1780e-03 -1.9218e-02 -3.9271e-03  3.4691e-03 -1.7704e-02 -9.1284e-03 -2.5848e-04 -1.1431e-02  1.1065e-02 -5.5572e-03  6.0708e-04 -7.0596e-02 -7.0587e-02  5.1597e-02  2.3464e-02  6.2515e-02
  6.6044e+02 -2.1782e-03  7.4786e-03  5.3597e-03 -1.1131e-01  3.8218e-01  2.7389e-01  4.5858e-01 -1.4371e-01 -2.8093e-02 -3.5019e-01 -2.2842e-01 -2.3859e-01  5.4589e-03 -1.8743e-02 -1.3432e-02 -3.9045e-02  3.8642e-03 -3.0537e-02  4.1467e-02 -1.2182e-02  2.4576e-02  7.4341e-03 -2.5524e-02 -1.8292e-02 -4.3945e-03  1.5088e-02  1.0813e-02 -1.0597e-02  3.6384e-02  2.6075e-02  1.0910e-01 -3.7459e-01 -2.6845e-01  1.3401e-02  6.9416e-03  1.3900e-02  5.0584e-02 -1.1122e-01 -3.7275e-02 -7.8818e-02  5.8779e-02 -2.0654e-02  4.2874e-03 -1.4720e-02 -1.0549e-02 -8.5699e-02  2.1549e-02  4.0792e-03  6.7683e-02  4.0303e-02  4.0248e-02 -1.8139e-02  9.3246e-03 -2.2433e-03  5.0536e-03 -7.9802e-02 -9.9622e-02  5.4425e-02  2.4971e-02  8.0673e-02
  6.8349e+02  1.3348e-03 -4.5827e-03 -3.2841e-03  6.8892e-02 -2.3653e-01 -1.6951e-01 -3.0745e-01  8.3911e-02  6.5302e-02  2.2718e-01  1.9168e-01  1.3220e-01  7.2247e-03 -2.4806e-02 -1.7777e-02 -2.1881e-01  4.3131e-02  2.5506e-02  1.7321e-01  1.1345e-01  8.6708e-02  2.7627e-02 -9.4854e-02 -6.7977e-02 -1.3928e-02  4.7821e-02  3.4271e-02 -1.9850e-02  6.8154e-02  4.8842e-02  1.7071e-01 -5.8612e-01 -4.2004e-01 -1.0351e-02 -2.0350e-03 -8.2140e-03 -3.5968e-02  2.8591e-02  3.5803e-02  5.4348e-02 -3.5243e-02  1.4815e-02 -2.6865e-03  9.2234e-03  6.6100e-03  5.4249e-02 -1.6485e-02 -6.7998e-04 -4.2305e-02 -2.4521e-02 -2.8708e-02  1.2139e-02 -4.1046e-03  3.8140e-03  1.2379e-02  5.2395e-02  2.2236e-02 -3.9604e-02 -1.5376e-02 -5.1091e-02
  8.7358e+02  5.3797e-03 -3.4013e-02  4.9648e-02 -1.6785e-01 -2.6159e-01  2.9680e-01 -9.4277e-02  5.1308e-02 -8.9993e-02 -8.9076e-02  3.3448e-02 -1.0279e-01  2.9922e-01  6.1192e-02  3.6225e-02  3.4394e-01  1.0413e-02  1.4829e-01  3.4996e-01 -1.0246e-02  1.3349e-01 -1.5698e-01 -1.3408e-02 -4.5093e-02 -1.5772e-01 -8.6897e-02  5.7152e-02  7.2716e-03  6.8782e-02 -9.3022e-02  1.9509e-01  3.4555e-01 -4.0288e-01  3.4312e-03 -1.5494e-03  1.9471e-03  1.2330e-02 -4.7884e-03 -1.3859e-02 -1.2295e-02  6.9358e-03 -4.2999e-03 -1.3580e-03  1.5521e-03 -2.7178e-03  2.7865e-03  1.7055e-03 -4.1263e-03  2.0352e-03  4.2875e-03 -2.2759e-03  3.0108e-03 -1.0623e-04  2.9813e-03  5.6562e-03  1.8124e-02  2.5608e-03 -9.5850e-03 -2.3675e-03 -1.0967e-02
  9.7076e+02 -1.3166e-04  4.5203e-04  3.2398e-04  4.3305e-02 -1.4868e-01 -1.0655e-01  8.7144e-02  8.6429e-02 -3.6333e-01 -1.4500e-02 -3.3584e-01  1.8459e-01 -3.6061e-02  1.2381e-01  8.8729e-02  4.4381e-01  8.7599e-02 -3.2032e-01 -3.4497e-01 -4.2696e-01  7.7114e-02  3.8091e-02 -1.3078e-01 -9.3723e-02 -8.4378e-03  2.8969e-02  2.0761e-02 -5.6520e-03  1.9406e-02  1.3907e-02 -5.7553e-03  1.9760e-02  1.4161e-02  9.6205e-04  2.9889e-03 -4.4365e-03 -1.0179e-02 -7.1621e-03  1.6694e-02  3.8204e-03 -4.6998e-03  4.6836e-05 -8.3471e-04  2.8658e-03  2.0538e-03  1.6663e-02 -4.7972e-03  1.1158e-04 -1.3175e-02 -7.1778e-03 -8.6938e-03 -7.9051e-04 -3.5779e-03  4.0144e-03  7.3487e-03  1.6880e-02 -9.7299e-03 -1.7143e-03 -2.5311e-03 -5.2289e-03
  1.0821e+03 -2.6372e-02 -1.5113e-01  2.0016e-01 -1.2816e-01 -2.9180e-01  3.5509e-01 -1.0407e-01 -8.0959e-02  5.4354e-02 -1.0834e-01 -6.6327e-02  6.4839e-02  1.2010e-02  1.7620e-01 -2.4098e-01 -1.2865e-01  2.9461e-01 -4.2696e-01 -1.1914e-01  2.6196e-01 -4.5036e-01  6.7481e-03  4.8699e-03 -4.0527e-03  3.6395e-02  2.2178e-02 -1.6155e-02  5.1515e-03 -3.4526e-02  5.0271e-02  1.9531e-02 -1.4533e-02  2.8217e-02  3.0908e-03 -8.8039e-04 -3.7443e-04  4.5021e-03 -6.9227e-03 -2.5696e-03 -2.9588e-03  1.1187e-03 -1.7391e-03 -1.9796e-03  1.4504e-03 -2.8285e-03 -7.2714e-04 -4.0371e-04 -1.7933e-03 -1.2650e-03  1.4448e-03 -4.6854e-04  2.3441e-03  1.6833e-03  1.4628e-03  8.3018e-04  5.6840e-03  6.4650e-03 -2.6912e-03  2.0006e-04 -2.3974e-03
  1.1507e+03 -4.7570e-02 -1.9067e-02  7.2731e-03  1.5435e-01  2.5341e-01 -2.9087e-01  1.4764e-01 -1.3705e-01  1.8523e-01  1.3040e-01 -7.7856e-02  2.2765e-01  1.9966e-02  4.2337e-02 -5.0961e-02  1.7950e-01 -1.1058e-01  2.2564e-01  1.7908e-01 -1.0913e-01  2.2668e-01 -3.0078e-02  4.2462e-02 -7.1475e-02  5.5397e-02  3.5435e-02 -2.6931e-02 -6.9106e-02 -9.6733e-02  1.0689e-01  2.8155e-01  4.0102e-01 -4.4515e-01 -2.3011e-03 -7.2364e-04 -4.1555e-03 -1.0543e-02  1.2488e-02  9.0177e-03  2.8250e-02 -9.0242e-03  4.6347e-03 -4.2977e-04 -1.5513e-03  1.9900e-03 -8.3533e-03  3.1257e-03  4.6192e-04 -6.2072e-03 -4.2440e-03 -4.8197e-03 -3.4059e-03  3.0694e-03 -1.4372e-03 -2.5178e-03 -1.5066e-02 -1.0729e-02  2.3173e-02  8.4066e-03  1.7126e-02
  1.1641e+03 -9.6620e-03  3.3173e-02  2.3773e-02  5.5659e-02 -1.9110e-01 -1.3695e-01  1.0741e-01  1.0702e-01 -3.5324e-01 -4.2753e-02 -3.2900e-01  1.9415e-01  1.6019e-02 -5.4997e-02 -3.9414e-02 -3.4260e-01  2.0122e-01 -3.9582e-01  3.3628e-01 -1.7952e-01  4.1137e-01 -2.1457e-02  7.3670e-02  5.2796e-02  3.5255e-03 -1.2105e-02 -8.6747e-03  2.3994e-03 -8.2373e-03 -5.9037e-03  3.1261e-03 -1.0736e-02 -7.6925e-03  1.6560e-03  1.4185e-03 -2.6563e-03 -8.3705e-03  6.0658e-03  1.2427e-02 -4.9881e-03 -1.1820e-03 -8.7283e-04 -9.4535e-04  3.2456e-03  2.3260e-03  1.6552e-02 -5.5767e-03  1.1982e-03 -1.3075e-02 -6.3585e-03 -9.7518e-03 -1.3034e-03 -2.6291e-03  1.7888e-03  2.0259e-03  1.5718e-02  3.1842e-03  5.1173e-03  7.3819e-04  5.5472e-04
  1.2051e+03  9.1192e-02  3.3044e-02 -9.0464e-03 -1.9211e-01 -3.4130e-01  3.9817e-01 -2.0428e-01  2.1030e-01 -2.4443e-01 -1.6979e-01  9.1902e-02 -3.2929e-01 -5.0403e-02 -6.7115e-02  7.3166e-02 -1.4712e-01  2.0879e-02 -9.9267e-02 -1.4982e-01  3.0152e-02 -9.2621e-02 -8.7689e-03  2.4829e-02 -3.8210e-02  5.8760e-02  3.2550e-02 -2.1538e-02 -5.8371e-02 -5.0516e-02  4.6766e-02  2.1373e-01  3.2923e-01 -3.7254e-01  2.3573e-03  1.3720e-04  4.8270e-03  1.2756e-02 -1.5977e-02 -1.0246e-02 -2.1071e-02  1.6552e-02 -5.4197e-03 -3.7298e-04  1.6523e-03 -2.4573e-03  8.3803e-03 -1.6695e-03 -2.5529e-03  6.2159e-03  5.7629e-03  2.7736e-03  3.4177e-03 -3.5038e-03  2.2177e-03  2.9032e-03  1.7850e-02  1.3996e-02 -1.4217e-02 -6.9775e-03 -2.2282e-02
  1.3497e+03  6.3175e-02  8.3950e-03  1.3961e-02 -7.9237e-02 -1.7200e-01  2.0779e-01 -1.4416e-01  1.1550e-01 -5.3940e-02 -1.0086e-01 -3.3188e-02 -1.6049e-01 -7.3678e-02  2.6677e-02 -6.7168e-02  3.0080e-01 -2.3457e-01  2.8880e-01  2.5881e-01 -9.0413e-02  3.9210e-01 -8.2139e-02  8.9700e-02 -1.5855e-01  3.9104e-03 -1.4202e-02  2.1406e-02  5.0745e-02 -3.2562e-02  6.6061e-02 -1.8169e-01 -3.4869e-01  4.1271e-01  2.5184e-03 -6.1611e-04  1.1727e-03  4.6496e-03 -4.5136e-03 -1.6318e-03 -1.1518e-02  7.3376e-03 -4.6012e-03 -1.2628e-03  2.9859e-04 -9.2991e-04  7.5345e-03 -2.0576e-03 -1.6949e-03  5.5423e-03  4.7827e-03  3.2072e-03  2.3328e-03  2.0978e-05  1.6293e-03  2.0849e-03  4.2918e-03  4.6785e-03 -8.8229e-03 -1.9152e-03 -1.1232e-02
  1.3737e+03 -2.4131e-02  8.2849e-02  5.9374e-02  5.4454e-02 -1.8696e-01 -1.3398e-01  1.4165e-01  1.7039e-01 -3.8176e-01 -8.9005e-02 -3.5114e-01  2.5222e-01  1.7824e-02 -6.1197e-02 -4.3857e-02  6.2276e-02 -2.5663e-01  4.4503e-01 -7.8369e-02  3.1188e-01 -4.0543e-01  4.4575e-03 -1.5304e-02 -1.0967e-02 -6.0552e-04  2.0789e-03  1.4898e-03 -5.0442e-04  1.7318e-03  1.2410e-03  2.3809e-03 -8.1738e-03 -5.8583e-03  2.0962e-03  1.4700e-03 -3.0725e-03 -1.1912e-02  1.2647e-03  1.8429e-02 -9.0556e-03 -2.0498e-03 -1.5160e-03 -5.8708e-04  2.0156e-03  1.4445e-03  1.0848e-02 -2.4265e-03 -2.9423e-04 -8.7351e-03 -4.8268e-03 -4.9040e-03 -1.6070e-03 -3.1497e-03  1.8687e-03  5.3731e-03  2.1184e-02 -2.3413e-03  9.2374e-03  1.4258e-03  1.0688e-03
  1.4661e+03 -4.3583e-02 -6.2344e-03 -9.0136e-03  5.2664e-02  1.1096e-01 -1.3343e-01  1.7378e-01 -8.5539e-02 -1.9685e-04  1.2411e-01  8.4999e-02  1.2202e-01  1.5159e-01 -4.9047e-02  1.3005e-01 -4.4808e-01  2.8527e-01 -2.0292e-01 -3.4955e-01 -5.3009e-02 -4.4535e-01 -1.1846e-01  1.0913e-01 -2.0042e-01  2.5680e-02 -5.8137e-03  1.8549e-02  2.6468e-02 -4.1880e-02  6.9195e-02 -1.0481e-01 -2.1539e-01  2.5796e-01 -3.9665e-03 -3.3498e-04 -6.9446e-04  4.5251e-03  7.7040e-03 -1.2491e-02  3.0739e-02 -5.2212e-03  7.2009e-03  6.9065e-04  6.5777e-05  1.8892e-04 -1.0194e-02  3.0002e-03  1.2490e-03 -7.6920e-03 -5.5887e-03 -4.9063e-03 -3.8489e-03 -7.3864e-04 -9.8374e-04  3.5900e-03  1.0914e-02 -1.0191e-02  2.7454e-02  6.0570e-03  1.5283e-02
  1.5175e+03  1.8320e-02  2.2554e-02 -2.4026e-02 -1.2557e-01 -1.6846e-01  1.8404e-01  3.2616e-02 -2.8065e-02  1.4649e-01  5.7185e-02 -1.1242e-01  8.6036e-02  3.1521e-02  4.9443e-02 -5.6181e-02 -4.4622e-01  2.1269e-02  4.8226e-01 -2.6515e-01 -6.0040e-01  3.6738e-02  3.9175e-03 -1.8895e-02  2.7959e-02  5.0552e-03  4.5767e-03 -4.3317e-03  7.9125e-04  7.3127e-03 -9.8824e-03 -5.2595e-03  7.4645e-04 -3.1792e-03  9.4512e-04 -5.3597e-04 -1.5815e-03 -7.1218e-03  6.3426e-03  1.0560e-02 -6.9983e-03 -1.9951e-03 -1.9842e-03 -2.8447e-03  8.4354e-04 -2.3332e-03  1.9545e-02 -1.3403e-02  1.0693e-03  1.2865e-02  9.5312e-03  1.7505e-02  2.3643e-04  1.8973e-03  1.6223e-04 -1.2963e-03 -1.3658e-02 -3.7734e-03 -7.5008e-03 -2.7001e-04 -7.4785e-04
  1.5749e+03 -5.0201e-03  5.4128e-02 -7.7569e-02 -2.7505e-01 -3.0206e-01  3.0970e-01  9.3389e-02 -1.6477e-01  5.1332e-01  1.5750e-01 -3.8487e-01  3.5559e-01 -9.2439e-03 -1.9429e-02  2.3354e-02  1.5125e-01  1.8769e-03 -1.9422e-01  8.5155e-02  2.2880e-01 -3.1590e-02 -1.8989e-02 -2.2678e-03 -4.5531e-03  1.4192e-02  5.6054e-03 -2.0537e-03 -2.5218e-04 -1.6779e-03  2.2388e-03 -5.5745e-03 -7.7187e-03  8.5049e-03  1.0833e-03  4.3665e-04 -4.6675e-03 -1.7403e-02  1.2564e-02  2.3475e-02 -1.8926e-03 -8.3554e-03 -2.1516e-03 -4.4922e-03  1.5711e-03 -4.0181e-03  3.7951e-02 -2.5705e-02  1.9242e-03  2.5058e-02  1.8563e-02  3.3649e-02 -9.1583e-05  4.4705e-03 -1.7767e-03 -4.8457e-03 -3.0550e-02 -7.4216e-03 -5.2990e-03  3.3388e-03  6.2290e-03
  1.6532e+03  4.1167e-03 -2.8745e-04  2.0742e-03  5.3347e-02  6.0432e-02 -6.2644e-02 -1.2878e-01  3.7897e-02  6.4739e-02 -8.4395e-02 -1.1451e-01 -4.4481e-02  1.1079e-02 -5.8188e-04  5.3147e-03 -1.7097e-02  1.5720e-02 -1.1143e-02 -1.2464e-02 -1.8823e-04 -2.2544e-02 -9.5016e-03 -1.1038e-03 -2.3215e-03  4.4874e-03  1.9228e-03 -8.5923e-04  4.4507e-04 -6.2316e-04  1.0504e-03 -1.3384e-04 -1.4909e-03  2.0260e-03  4.4873e-02 -6.4379e-03 -1.9312e-02 -2.3456e-01  9.2934e-02  4.0403e-01 -4.5896e-01 -5.8736e-03 -1.1115e-01  1.2393e-02 -1.8527e-03  7.6219e-03 -1.1316e-01  8.0016e-02 -9.6116e-03 -7.4500e-02 -5.2724e-02 -1.0474e-01  3.2719e-02  3.5287e-02  1.0591e-02 -7.0268e-02 -4.7112e-01 -2.0042e-04 -4.4141e-01 -6.6118e-02 -1.5432e-01
  1.6536e+03 -6.4596e-04  2.2177e-03  1.5893e-03  9.7922e-03 -3.3622e-02 -2.4094e-02  5.3126e-03 -2.8432e-02  4.4827e-02 -6.0938e-03  3.1118e-02 -4.2902e-02 -7.3516e-04  2.5239e-03  1.8087e-03  6.7122e-04  3.2313e-03 -3.2590e-03 -9.2628e-04 -2.3550e-03  3.8871e-03  1.0731e-04 -3.6832e-04 -2.6394e-04 -3.2653e-04  1.1211e-03  8.0341e-04  5.1704e-05 -1.7752e-04 -1.2723e-04  3.7848e-05 -1.2997e-04 -9.3139e-05  4.6377e-02 -7.3030e-03 -2.0155e-02 -2.4534e-01  1.0031e-01  4.2227e-01 -4.8107e-01 -7.4077e-03 -1.1637e-01 -8.7514e-05  3.0036e-04  2.1523e-04  2.3650e-03 -2.2969e-04 -7.2065e-05 -2.0110e-03 -9.8395e-04 -7.9735e-04 -3.3529e-02 -3.6810e-02 -1.1458e-02  7.2458e-02  4.9327e-01  3.1170e-03  4.6311e-01  6.9108e-02  1.6059e-01
  1.6690e+03  9.3518e-04  5.3114e-03 -7.0313e-03 -1.2520e-02 -3.3041e-02  4.1015e-02 -1.7941e-02 -6.8779e-03  4.3517e-02 -7.1780e-03 -4.3832e-02  1.7034e-02 -8.1035e-04  5.9117e-04 -1.1542e-03 -3.2719e-03 -7.0127e-04  6.0676e-03 -1.5955e-03 -6.4571e-03  1.9428e-03  1.1493e-04 -1.1815e-03  1.6954e-03  5.3506e-04  3.7339e-04 -3.0356e-04  1.3724e-04  6.0302e-04 -7.8567e-04 -1.5393e-03 -1.8950e-03  2.0186e-03 -9.4428e-03  1.5235e-03  3.9954e-03  5.0513e-02 -2.0847e-02 -8.7227e-02  1.0004e-01  1.9553e-03  2.4012e-02  6.0153e-02 -8.0287e-03  3.5650e-02 -5.6029e-01  3.9532e-01 -4.6954e-02 -3.6901e-01 -2.6140e-01 -5.1760e-01 -6.8417e-03 -7.4066e-03 -2.4045e-03  1.4772e-02  1.0186e-01  7.1327e-04  9.6403e-02  1.4435e-02  3.2955e-02
  1.7197e+03 -8.7983e-03  3.0201e-02  2.1644e-02  1.6525e-01 -5.6742e-01 -4.0662e-01  3.3879e-01 -1.7456e-01  3.0425e-01 -3.1863e-01  1.0555e-01 -3.5372e-01 -3.4992e-03  1.2008e-02  8.6053e-03  1.9633e-02  1.5219e-02 -9.1562e-03 -2.0699e-02 -1.1540e-02  1.1798e-02  5.1546e-04 -1.7728e-03 -1.2696e-03  2.8584e-04 -9.7891e-04 -7.0189e-04 -4.3695e-05  1.5032e-04  1.0759e-04 -4.2775e-04  1.4672e-03  1.0521e-03 -1.7998e-03  1.1988e-03  5.0973e-03  2.3931e-02 -1.8341e-02 -3.7247e-02  1.9824e-02  9.0667e-03  5.9088e-03 -1.2296e-03  4.2222e-03  3.0260e-03  2.1512e-02 -4.9901e-03 -1.2213e-03 -1.7094e-02 -1.0191e-02 -9.6609e-03 -1.5901e-04  5.5288e-03 -2.7630e-04 -4.9804e-03 -4.6743e-02 -9.3866e-03 -2.2578e-02  3.5032e-04  8.3807e-04
  1.7223e+03 -3.2546e-02 -8.3950e-03 -1.5171e-03 -1.7099e-01 -1.9148e-01  1.9777e-01  5.5193e-01 -1.0449e-01 -3.1330e-01  3.7347e-01  5.0832e-01  1.2592e-01 -2.8467e-02 -2.0488e-03 -8.7122e-03  6.1099e-02 -4.5931e-02  2.4096e-02  4.4171e-02  1.2201e-02  6.5754e-02 -1.4122e-02 -1.0830e-02  9.3733e-03  1.2133e-02  5.5455e-03 -2.8069e-03  1.2422e-03  1.5081e-03 -1.5996e-03 -5.7908e-03 -6.4175e-03  6.6012e-03  6.8478e-03 -3.3303e-03 -5.4583e-03 -5.9581e-02  3.5602e-02  9.5144e-02 -9.3309e-02 -1.0500e-02 -2.2763e-02  3.8736e-03 -7.8271e-06  1.5847e-03 -4.2500e-02  2.9460e-02 -3.9256e-03 -2.8275e-02 -1.9368e-02 -3.8918e-02  3.4817e-03  8.2261e-03  2.8240e-03 -1.5432e-02 -1.1597e-01 -1.3481e-02 -9.3173e-02 -1.0956e-02 -2.3090e-02
  1.8189e+03  2.4320e-03  5.5351e-03 -6.7352e-03 -1.0726e-01 -1.3447e-01  1.4405e-01  1.6670e-01 -8.3551e-02  6.9505e-02  1.3671e-01  1.9417e-02  1.4330e-01 -5.1077e-02 -4.8876e-03 -1.3939e-02 -1.3389e-01  3.6008e-02 -3.6217e-02 -1.1601e-01 -2.5364e-02 -8.0199e-02  5.9983e-01  3.2142e-01 -2.0472e-01 -3.7145e-01 -1.8886e-01  1.1256e-01 -4.2902e-02 -5.3511e-02  5.7232e-02  1.3499e-01  1.9091e-01 -2.1153e-01  4.4531e-03 -1.9935e-03 -4.2645e-03 -5.4039e-02  3.2763e-02  7.8267e-02 -5.3690e-02 -1.3885e-03 -1.7080e-02  1.7153e-03 -1.3341e-04  8.8326e-04 -1.7336e-02  1.5277e-02 -2.9728e-03 -1.0705e-02 -7.4900e-03 -1.9289e-02  2.1401e-03  5.9477e-03  1.4265e-03 -1.5921e-02 -9.8107e-02 -1.5520e-02 -5.2958e-02 -3.9023e-03 -1.8881e-02
  3.0034e+03  2.0637e-02  2.8217e-02 -3.0985e-02  3.5943e-01 -4.8882e-02  2.1429e-01 -1.9815e-01 -5.8011e-01 -1.8314e-01 -4.3635e-01  2.3775e-01  4.0297e-01 -1.6634e-03 -5.3733e-05 -6.0113e-04  8.5612e-03  1.0857e-02  1.5215e-02  1.5583e-02 -1.3251e-02 -2.0619e-03 -1.9517e-03  4.9564e-04 -1.4848e-03  6.2277e-04 -1.0409e-05  2.6764e-04 -3.1530e-04 -2.2060e-04  1.7968e-04  1.1264e-02 -1.0596e-03  6.0565e-03  8.3272e-04  9.0592e-05  9.7550e-05 -1.3977e-02  2.7791e-03  4.8765e-04 -8.0185e-03  5.1270e-03  2.2842e-03 -4.5989e-04  1.7007e-05 -2.1065e-04  5.5083e-03 -4.9265e-04  8.8068e-04  4.9740e-03  1.3415e-03  2.1952e-03  8.0284e-04  1.9324e-04  1.7111e-04 -1.1353e-02 -6.2294e-03 -5.9683e-03 -4.7025e-03 -6.2588e-03 -5.8754e-03
  3.1088e+03  1.9348e-02 -6.6428e-02 -4.7606e-02 -1.0210e-03  3.5332e-03  2.5378e-03  2.2104e-01  6.3485e-01  1.9970e-01 -4.8110e-01  2.5801e-01  4.4018e-01 -1.8792e-03  6.4513e-03  4.6234e-03 -2.3503e-02 -5.5249e-02 -2.4164e-02  4.7457e-02 -2.6984e-02 -3.4770e-02 -1.8486e-04  6.3466e-04  4.5482e-04  1.4972e-04 -5.1404e-04 -3.6838e-04  3.3825e-05 -1.1615e-04 -8.3236e-05 -2.9682e-04  1.0195e-03  7.3067e-04  8.2078e-04  4.5026e-04  3.1314e-04 -1.7108e-02  2.6208e-03  2.2943e-04 -1.0562e-02  5.5432e-03  3.6289e-03 -8.5975e-05  2.9515e-04  2.1152e-04 -1.4864e-03 -1.6443e-03 -2.4041e-03  2.5560e-03 -2.0271e-03 -2.2702e-04 -9.7952e-04  9.4790e-05  7.7481e-05  1.4276e-02  7.0988e-03  6.7361e-03  6.4727e-03  8.4958e-03  6.4320e-03
  3.1252e+03  3.7871e-04 -1.4566e-04  3.5749e-04 -8.4395e-03 -2.0597e-03 -5.5601e-04  4.0326e-03  1.6732e-02  3.4066e-03  1.0594e-02 -5.7897e-03 -1.2734e-02 -6.1103e-02 -3.0004e-02  1.7034e-02  2.1972e-01  6.3019e-01  2.2752e-01  4.8548e-01 -2.8227e-01 -4.2640e-01  9.7990e-05 -2.3479e-04  3.6744e-04  7.8827e-04  2.9167e-04 -8.6622e-05 -9.2567e-05 -8.2933e-05  7.8102e-05 -8.6395e-04  1.1071e-03 -1.8960e-03 -4.7923e-05  9.4231e-05  4.8734e-05  7.8311e-04 -8.2057e-04 -9.8839e-05 -3.7112e-05 -4.3147e-04 -7.4554e-04  6.4399e-05  6.8468e-05 -6.9368e-05 -3.6510e-04 -1.5816e-03 -9.4301e-04 -1.1490e-03  1.1099e-03  9.8586e-04  4.2374e-06 -8.4839e-05 -7.9597e-05  3.7506e-04  5.8014e-04  9.0498e-04 -3.8516e-04  7.6337e-04  1.1073e-04
  3.1804e+03  7.8768e-02  4.0890e-03  2.6307e-02 -7.8196e-01  9.6488e-02 -4.5244e-01 -8.7976e-02 -2.6286e-01 -8.1224e-02 -1.9565e-01  1.0681e-01  1.8371e-01  6.1850e-04  1.3150e-04  6.8208e-05 -2.1597e-03  2.7530e-03  1.8190e-03 -4.5013e-04 -3.1110e-03 -2.3842e-03 -1.1554e-03  7.3720e-06 -4.7984e-04  4.4347e-04  1.8476e-04 -7.7583e-05  5.0499e-06  2.1532e-04 -2.9840e-04  2.7777e-03 -1.2929e-03  2.9329e-03  1.3760e-04  9.0789e-05 -2.7443e-04 -4.4602e-03  9.0119e-04  6.0054e-04 -5.4220e-03  3.1639e-03  6.1293e-03  6.3778e-04 -2.3321e-04  5.8465e-04 -1.3219e-02 -2.0696e-03 -8.1138e-03 -1.4689e-02  2.9778e-03 -4.4964e-03  8.4391e-05  2.7342e-04 -1.4355e-04 -3.5013e-03 -2.3903e-03 -1.7583e-03 -2.0925e-03 -8.2669e-03 -2.0626e-03
  3.2027e+03 -1.6191e-03  5.5585e-03  3.9835e-03  6.4668e-04 -2.2171e-03 -1.5883e-03 -1.9524e-02 -6.1404e-02 -1.2078e-02  4.2985e-02 -1.9142e-02 -4.5646e-02 -2.1864e-02  7.5066e-02  5.3796e-02 -2.2987e-01 -6.2377e-01 -2.2190e-01  4.9075e-01 -2.7192e-01 -4.1999e-01 -1.2712e-04  4.3647e-04  3.1280e-04 -4.5186e-05  1.5513e-04  1.1117e-04 -6.4398e-06  2.2110e-05  1.5845e-05  6.6644e-05 -2.2884e-04 -1.6400e-04 -1.1214e-04 -5.6033e-05  7.3474e-05  7.3721e-04 -1.3826e-04 -1.6195e-03  1.0299e-03  2.5874e-04  1.5247e-03  2.9708e-05 -1.0200e-04 -7.3097e-05 -1.9554e-04  4.8876e-04  6.3411e-04 -1.6891e-04  7.6263e-04  2.6272e-04  1.0146e-04  9.2673e-05 -4.7215e-05 -1.8559e-04 -1.7556e-03  2.6226e-04 -1.4131e-03  1.0569e-03 -5.8186e-04
  3.7054e+03 -7.7959e-04 -3.6017e-04  1.8573e-04 -2.1346e-03 -1.7401e-04 -6.2475e-04  4.0968e-03  7.8176e-03  3.1598e-03  7.3362e-03 -3.3045e-03 -4.8108e-03  3.5198e-04  2.8044e-04 -2.4827e-04  4.8488e-04  5.9549e-04  1.8821e-03  1.1420e-03 -1.6606e-03  2.6529e-04 -2.2005e-03  5.2686e-04 -1.6295e-03 -4.6990e-04 -5.4240e-04  5.6587e-04 -5.3089e-02  5.6744e-03 -2.9494e-02  8.7165e-01 -8.8641e-02  4.7794e-01  1.2880e-04 -1.9675e-05 -3.6215e-05 -1.5754e-03 -1.8094e-04 -1.1918e-03 -5.3927e-04  4.9809e-04  2.3972e-03  7.1163e-05 -3.1163e-05  7.2407e-05 -1.9833e-04 -6.2150e-04 -1.0375e-03 -6.7475e-04  1.0142e-03  1.3474e-04  9.8494e-05  8.4356e-05  3.8338e-05 -1.7853e-03  5.4003e-04 -6.7513e-04  3.2558e-04 -2.4712e-03  2.6924e-04
  3.8005e+03  7.5521e-04  3.3421e-04 -1.3555e-04 -1.7510e-03  5.2505e-04 -1.4110e-03 -5.1336e-03 -1.2014e-02 -2.4445e-03 -9.2959e-03  3.2496e-03  8.2882e-03  3.9731e-05  4.9894e-05 -6.0505e-05 -4.6794e-04 -6.7568e-04  3.0285e-05 -7.0631e-04 -1.5570e-06  5.3464e-04  3.4275e-05 -1.6152e-04  2.3433e-04 -7.1292e-05 -2.3862e-05  3.3676e-06 -2.2189e-04  1.0155e-04 -2.3131e-04  3.9061e-03 -4.0665e-04  2.1541e-03 -2.9066e-02  4.6324e-03  1.7298e-02  3.6828e-01  4.0876e-02  2.3662e-01  9.7065e-02 -1.1480e-01 -5.1486e-01  2.8215e-03 -4.1460e-04  1.7157e-03 -1.3329e-02 -2.7506e-02 -3.5767e-02 -3.1357e-02  3.4202e-02  8.4143e-03 -2.0391e-02 -2.8135e-02 -5.7346e-03  4.1858e-01 -9.1001e-02  1.4860e-01 -9.2374e-02  5.4258e-01 -5.7483e-02
  3.8005e+03  2.1278e-04 -6.8518e-04 -4.9685e-04  2.5335e-04 -9.5477e-04 -7.1191e-04  5.5146e-03  1.2011e-02  2.0527e-03 -1.0136e-02  2.9507e-03  8.8577e-03 -5.8631e-05  2.0419e-04  1.4484e-04 -7.9217e-04 -1.9702e-03 -7.1862e-04  1.5927e-03 -8.5114e-04 -1.2870e-03 -4.1472e-05  1.4172e-04  1.0699e-04 -9.1552e-06  2.7261e-05  1.9855e-05  1.4280e-06 -1.5139e-05 -1.5562e-05  5.3586e-05  1.7610e-05  5.0527e-05 -2.9886e-02  4.8096e-03  1.8172e-02  3.7754e-01  4.2086e-02  2.4272e-01  1.0115e-01 -1.1917e-01 -5.3512e-01 -3.7676e-05  2.7315e-04  2.2697e-04 -1.4386e-03 -2.3660e-03 -3.3474e-03  2.0510e-03 -2.0121e-03 -2.8885e-04  1.9592e-02  2.7537e-02  5.4483e-03 -4.0341e-01  8.7853e-02 -1.4307e-01  8.9959e-02 -5.3008e-01  5.6216e-02
  3.8173e+03 -9.3912e-04  3.2452e-05 -4.2694e-04  1.2633e-02 -2.3603e-03  8.4280e-03  1.0914e-03  3.0049e-03  9.9605e-04  2.3309e-03 -1.2504e-03 -2.0536e-03  1.0068e-04  3.7545e-05 -1.1470e-05 -4.4541e-04 -1.5805e-03 -2.2531e-04 -1.0330e-03  4.3678e-04  1.2204e-03  1.3091e-04  1.5187e-05  3.2011e-05 -3.1953e-05 -1.5213e-05  8.2412e-06  1.0650e-04  3.9010e-06  3.7839e-05 -1.8989e-03 -7.3018e-06 -7.6157e-04  2.0047e-03 -2.7349e-04 -1.0673e-03 -2.5974e-02 -2.9628e-03 -1.6770e-02 -6.2726e-03  7.4794e-03  3.4037e-02  4.1649e-02 -6.1658e-03  2.5533e-02 -1.9720e-01 -4.1315e-01 -5.3560e-01 -4.6670e-01  5.1218e-01  1.2756e-01  1.4135e-03  1.7564e-03  3.8737e-04 -2.8676e-02  6.3158e-03 -1.0120e-02  6.0086e-03 -3.4686e-02  3.8193e-03
  3.8925e+03 -1.7165e-04  5.8945e-04  4.2251e-04  1.7988e-04 -6.1953e-04 -4.4452e-04 -4.0326e-03 -4.9897e-03 -3.6614e-03  6.3800e-03 -3.0676e-03 -2.1132e-03  8.4288e-07 -2.8771e-06 -2.0571e-06  2.3551e-05  8.9035e-05 -8.3646e-05 -3.1805e-05 -6.1261e-05  1.0355e-04  7.7546e-06 -2.6826e-05 -1.9194e-05  1.9620e-06 -6.5838e-06 -4.7228e-06  1.4553e-06 -4.9639e-06 -3.5836e-06 -5.3846e-05  1.8476e-04  1.3246e-04  2.3191e-02  8.7234e-03  4.3044e-02 -4.7731e-01 -4.6377e-02 -2.6663e-01  1.0684e-01 -9.1620e-02 -4.1731e-01  1.1647e-03 -3.9987e-03 -2.8657e-03  1.6805e-02  2.7837e-02  3.8860e-02 -3.5316e-02  3.5716e-02  6.6850e-03 -3.5142e-02  3.2329e-02 -1.3615e-02  5.1306e-01 -7.6772e-02  1.7832e-01  4.6868e-02 -4.3604e-01  3.9069e-02
  3.8940e+03 -3.1201e-04  2.6940e-04 -5.0255e-04  4.9635e-03 -1.1219e-03  3.5826e-03 -1.5094e-03 -4.2552e-03 -1.5602e-03 -3.3058e-03  1.9172e-03  2.8632e-03 -4.0939e-05  1.2613e-05 -3.4241e-05  6.2765e-04  2.6235e-05  5.7361e-05  5.8554e-04  1.7071e-04  1.6094e-04  4.2206e-04  1.9352e-04 -9.8506e-05 -3.3959e-04 -8.2826e-05 -2.2443e-05 -4.8315e-05 -1.0559e-04  1.2770e-04  2.4809e-04  2.3396e-04 -2.2558e-04 -2.3037e-02 -8.7862e-03 -4.3289e-02  4.7566e-01  4.6627e-02  2.6618e-01 -1.0783e-01  9.2559e-02  4.2176e-01  1.0723e-04 -1.0235e-05  5.6533e-05 -5.4840e-04 -9.0581e-04 -1.1646e-03 -1.1350e-03  1.0826e-03  2.5483e-04 -3.5109e-02  3.2637e-02 -1.3612e-02  5.1181e-01 -7.7065e-02  1.7759e-01  4.7509e-02 -4.4084e-01  3.9578e-02
  3.8986e+03 -1.2854e-04  4.4135e-04  3.1630e-04 -4.8985e-04  1.6813e-03  1.2048e-03 -4.8269e-04 -3.5026e-03 -1.5597e-03  2.1153e-03 -2.1026e-03 -2.4573e-03 -3.6418e-06  1.2496e-05  8.9555e-06 -4.5564e-05 -3.6768e-04 -3.2110e-04  2.5863e-04 -3.6371e-04 -2.0309e-04  2.3601e-06 -8.1061e-06 -5.8104e-06 -1.2476e-06  4.2823e-06  3.0687e-06 -7.3685e-07  2.5224e-06  1.8077e-06  5.7068e-06 -1.9478e-05 -1.3947e-05  1.8448e-03  6.0745e-04  3.0030e-03 -3.6337e-02 -3.5764e-03 -2.0349e-02  6.8566e-03 -6.0397e-03 -2.7329e-02 -1.6180e-02  5.5547e-02  3.9808e-02 -2.3223e-01 -3.8665e-01 -5.3988e-01  4.8952e-01 -4.9663e-01 -9.3122e-02 -2.6548e-03  2.1732e-03 -1.0104e-03  3.9100e-02 -5.9034e-03  1.3557e-02  3.2101e-03 -2.8523e-02  2.5606e-03
