  0.0000e+00  0.0000e+00  0.0000e+00  0.0000e+00  0.0000e+00  0.0000e+00  0.0000e+00  0.0000e+00  0.0000e+00  0.0000e+00  0.0000e+00  0.0000e+00  0.0000e+00  0.0000e+00  0.0000e+00  0.0000e+00  0.0000e+00  0.0000e+00  0.0000e+00  0.0000e+00  0.0000e+00  0.0000e+00  0.0000e+00  0.0000e+00  0.0000e+00  0.0000e+00  0.0000e+00  0.0000e+00  0.0000e+00  0.0000e+00  0.0000e+00  0.0000e+00  0.0000e+00  0.0000e+00  0.0000e+00  0.0000e+00  0.0000e+00  0.0000e+00  0.0000e+00  0.0000e+00  0.0000e+00  0.0000e+00  0.0000e+00  0.0000e+00  0.0000e+00  0.0000e+00  0.0000e+00  0.0000e+00  0.0000e+00  0.0000e+00  0.0000e+00  0.0000e+00  0.0000e+00  0.0000e+00  0.0000e+00  0.0000e+00  0.0000e+00  0.0000e+00  0.0000e+00  0.0000e+00  0.0000e+00  0.0000e+00  0.0000e+00  0.0000e+00  0.0000e+00  0.0000e+00  0.0000e+00  0.0000e+00  0.0000e+00  0.0000e+00  0.0000e+00  0.0000e+00  0.0000e+00  0.0000e+00  0.0000e+00  0.0000e+00  0.0000e+00  0.0000e+00  0.0000e+00  0.0000e+00  0.0000e+00  0.0000e+00  0.0000e+00  0.0000e+00  0.0000e+00  0.0000e+00  0.0000e+00  0.0000e+00
  0.0000e+00  0.0000e+00  0.0000e+00  0.0000e+00  0.0000e+00  0.0000e+00  0.0000e+00  0.0000e+00  0.0000e+00  0.0000e+00  0.0000e+00  0.0000e+00  0.0000e+00  0.0000e+00  0.0000e+00  0.0000e+00  0.0000e+00  0.0000e+00  0.0000e+00  0.0000e+00  0.0000e+00  0.0000e+00  0.0000e+00  0.0000e+00  0.0000e+00  0.0000e+00  0.0000e+00  0.0000e+00  0.0000e+00  0.0000e+00  0.0000e+00  0.0000e+00  0.0000e+00  0.0000e+00  0.0000e+00  0.0000e+00  0.0000e+00  0.0000e+00  0.0000e+00  0.0000e+00  0.0000e+00  0.0000e+00  0.0000e+00  0.0000e+00  0.0000e+00  0.0000e+00  0.0000e+00  0.0000e+00  0.0000e+00  0.0000e+00  0.0000e+00  0.0000e+00  0.0000e+00  0.0000e+00  0.0000e+00  0.0000e+00  0.0000e+00  0.0000e+00  0.0000e+00  0.0000e+00  0.0000e+00  0.0000e+00  0.0000e+00  0.0000e+00  0.0000e+00  0.0000e+00  0.0000e+00  0.0000e+00  0.0000e+00  0.0000e+00  0.0000e+00  0.0000e+00  0.0000e+00  0.0000e+00  0.0000e+00  0.0000e+00  0.0000e+00  0.0000e+00  0.0000e+00  0.0000e+00  0.0000e+00  0.0000e+00  0.0000e+00  0.0000e+00  0.0000e+00  0.0000e+00  0.0000e+00  0.0000e+00
  0.0000e+00  0.0000e+00  0.0000e+00  0.0000e+00  0.0000e+00  0.0000e+00  0.0000e+00  0.0000e+00  0.0000e+00  0.0000e+00  0.0000e+00  0.0000e+00  0.0000e+00  0.0000e+00  0.0000e+00  0.0000e+00  0.0000e+00  0.0000e+00  0.0000e+00  0.0000e+00  0.0000e+00  0.0000e+00  0.0000e+00  0.0000e+00  0.0000e+00  0.0000e+00  0.0000e+00  0.0000e+00  0.0000e+00  0.0000e+00  0.0000e+00  0.0000e+00  0.0000e+00  0.0000e+00  0.0000e+00  0.0000e+00  0.0000e+00  0.0000e+00  0.0000e+00  0.0000e+00  0.0000e+00  0.0000e+00  0.0000e+00  0.0000e+00  0.0000e+00  0.0000e+00  0.0000e+00  0.0000e+00  0.0000e+00  0.0000e+00  0.0000e+00  0.0000e+00  0.0000e+00  0.0000e+00  0.0000e+00  0.0000e+00  0.0000e+00  0.0000e+00  0.0000e+00  0.0000e+00  0.0000e+00  0.0000e+00  0.0000e+00  0.0000e+00  0.0000e+00  0.0000e+00  0.0000e+00  0.0000e+00  0.0000e+00  0.0000e+00  0.0000e+00  0.0000e+00  0.0000e+00  0.0000e+00  0.0000e+00  0.0000e+00  0.0000e+00  0.0000e+00  0.0000e+00  0.0000e+00  0.0000e+00  0.0000e+00  0.0000e+00  0.0000e+00  0.0000e+00  0.0000e+00  0.0000e+00  0.0000e+00
  0.0000e+00  0.0000e+00  0.0000e+00  0.0000e+00  0.0000e+00  0.0000e+00  0.0000e+00  0.0000e+00  0.0000e+00  0.0000e+00  0.0000e+00  0.0000e+00  0.0000e+00  0.0000e+00  0.0000e+00  0.0000e+00  0.0000e+00  0.0000e+00  0.0000e+00  0.0000e+00  0.0000e+00  0.0000e+00  0.0000e+00  0.0000e+00  0.0000e+00  0.0000e+00  0.0000e+00  0.0000e+00  0.0000e+00  0.0000e+00  0.0000e+00  0.0000e+00  0.0000e+00  0.0000e+00  0.0000e+00  0.0000e+00  0.0000e+00  0.0000e+00  0.0000e+00  0.0000e+00  0.0000e+00  0.0000e+00  0.0000e+00  0.0000e+00  0.0000e+00  0.0000e+00  0.0000e+00  0.0000e+00  0.0000e+00  0.0000e+00  0.0000e+00  0.0000e+00  0.0000e+00  0.0000e+00  0.0000e+00  0.0000e+00  0.0000e+00  0.0000e+00  0.0000e+00  0.0000e+00  0.0000e+00  0.0000e+00  0.0000e+00  0.0000e+00  0.0000e+00  0.0000e+00  0.0000e+00  0.0000e+00  0.0000e+00  0.0000e+00  0.0000e+00  0.0000e+00  0.0000e+00  0.0000e+00  0.0000e+00  0.0000e+00  0.0000e+00  0.0000e+00  0.0000e+00  0.0000e+00  0.0000e+00  0.0000e+00  0.0000e+00  0.0000e+00  0.0000e+00  0.0000e+00  0.0000e+00  0.0000e+00
  0.0000e+00  0.0000e+00  0.0000e+00  0.0000e+00  0.0000e+00  0.0000e+00  0.0000e+00  0.0000e+00  0.0000e+00  0.0000e+00  0.0000e+00  0.0000e+00  0.0000e+00  0.0000e+00  0.0000e+00  0.0000e+00  0.0000e+00  0.0000e+00  0.0000e+00  0.0000e+00  0.0000e+00  0.0000e+00  0.0000e+00  0.0000e+00  0.0000e+00  0.0000e+00  0.0000e+00  0.0000e+00  0.0000e+00  0.0000e+00  0.0000e+00  0.0000e+00  0.0000e+00  0.0000e+00  0.0000e+00  0.0000e+00  0.0000e+00  0.0000e+00  0.0000e+00  0.0000e+00  0.0000e+00  0.0000e+00  0.0000e+00  0.0000e+00  0.0000e+00  0.0000e+00  0.0000e+00  0.0000e+00  0.0000e+00  0.0000e+00  0.0000e+00  0.0000e+00  0.0000e+00  0.0000e+00  0.0000e+00  0.0000e+00  0.0000e+00  0.0000e+00  0.0000e+00  0.0000e+00  0.0000e+00  0.0000e+00  0.0000e+00  0.0000e+00  0.0000e+00  0.0000e+00  0.0000e+00  0.0000e+00  0.0000e+00  0.0000e+00  0.0000e+00  0.0000e+00  0.0000e+00  0.0000e+00  0.0000e+00  0.0000e+00  0.0000e+00  0.0000e+00  0.0000e+00  0.0000e+00  0.0000e+00  0.0000e+00  0.0000e+00  0.0000e+00  0.0000e+00  0.0000e+00  0.0000e+00  0.0000e+00
  0.0000e+00  0.0000e+00  0.0000e+00  0.0000e+00  0.0000e+00  0.0000e+00  0.0000e+00  0.0000e+00  0.0000e+00  0.0000e+00  0.0000e+00  0.0000e+00  0.0000e+00  0.0000e+00  0.0000e+00  0.0000e+00  0.0000e+00  0.0000e+00  0.0000e+00  0.0000e+00  0.0000e+00  0.0000e+00  0.0000e+00  0.0000e+00  0.0000e+00  0.0000e+00  0.0000e+00  0.0000e+00  0.0000e+00  0.0000e+00  0.0000e+00  0.0000e+00  0.0000e+00  0.0000e+00  0.0000e+00  0.0000e+00  0.0000e+00  0.0000e+00  0.0000e+00  0.0000e+00  0.0000e+00  0.0000e+00  0.0000e+00  0.0000e+00  0.0000e+00  0.0000e+00  0.0000e+00  0.0000e+00  0.0000e+00  0.0000e+00  0.0000e+00  0.0000e+00  0.0000e+00  0.0000e+00  0.0000e+00  0.0000e+00  0.0000e+00  0.0000e+00  0.0000e+00  0.0000e+00  0.0000e+00  0.0000e+00  0.0000e+00  0.0000e+00  0.0000e+00  0.0000e+00  0.0000e+00  0.0000e+00  0.0000e+00  0.0000e+00  0.0000e+00  0.0000e+00  0.0000e+00  0.0000e+00  0.0000e+00  0.0000e+00  0.0000e+00  0.0000e+00  0.0000e+00  0.0000e+00  0.0000e+00  0.0000e+00  0.0000e+00  0.0000e+00  0.0000e+00  0.0000e+00  0.0000e+00  0.0000e+00
  2.3337e+01 -1.1840e-02 -2.5356e-02 -1.7542e-02  3.0364e-02 -4.9974e-02  2.1565e-02 -2.7534e-02  4.2494e-03 -5.4870e-03 -1.3220e-02 -5.7413e-02 -7.3266e-02 -4.2503e-02  1.9894e-02 -1.4259e-02 -2.9950e-02  6.4531e-02  3.8214e-02 -9.2872e-02  4.4629e-02 -5.1475e-02 -1.7822e-02 -2.7716e-02 -2.1407e-02 -2.6785e-02  5.5053e-03 -2.9412e-02  1.1754e-02 -1.0469e-01 -1.4384e-02  2.5244e-02 -1.3608e-01 -1.5194e-02  1.9193e-02 -3.9220e-02 -2.2390e-01  5.0191e-02  4.2904e-02 -1.0988e-01 -1.1562e-02 -1.2846e-01 -3.3064e-01  3.1528e-02 -9.2713e-02  1.3840e-01  1.6490e-02 -6.7470e-02  8.9787e-02  8.3291e-02 -1.5087e-01  2.0343e-01  1.3921e-01  1.0827e-01  1.2227e-01  1.1591e-01  2.2475e-01  8.6435e-02  4.5092e-02  1.4196e-01  1.5847e-01  4.2106e-02 -1.9973e-01 -2.4083e-02 -8.1935e-04 -5.5707e-02 -2.4172e-02  6.5376e-02 -2.8368e-01 -1.0962e-01 -5.5853e-02  1.9925e-01  4.1554e-02 -9.0411e-02  2.9544e-01  3.4806e-02 -7.5881e-02  1.9770e-01 -7.6371e-03 -9.6732e-02  1.2599e-01  3.2769e-02 -1.6609e-01  1.4309e-01 -5.3949e-02 -6.3272e-02  1.7354e-01  1.3120e-01
  3.4368e+01 -7.6637e-03  3.5035e-02 -2.8437e-02 -1.6167e-02  3.8031e-02 -3.5406e-02  2.6874e-04  1.7424e-02 -8.6538e-03  3.7556e-03  4.3119e-02 -4.1306e-02 -5.3691e-03  4.4242e-02 -2.5831e-02  8.8329e-03  6.4029e-02 -1.8582e-02 -1.4298e-02  5.1340e-02 -3.6541e-02  6.6252e-03  2.2024e-02 -3.2231e-03 -1.0637e-02  1.8549e-02  7.4000e-03  4.2579e-02  7.0145e-03  1.0679e-02  5.1817e-02 -2.0346e-02  4.5444e-02  1.0308e-02  1.2663e-02 -1.8894e-01  5.0703e-03  1.8726e-02 -2.0117e-01  1.0943e-02 -4.1180e-02 -2.5598e-01 -7.9998e-02  9.7825e-02 -1.7237e-01 -8.6591e-02  1.1348e-01 -1.5893e-01 -1.2431e-01  1.4157e-01 -2.2443e-01  8.9196e-03  3.5181e-02 -1.6523e-01 -5.5243e-02  2.0634e-01 -2.2808e-01 -2.6867e-03  6.8200e-03 -4.9288e-02  7.6405e-02 -8.5855e-02  1.2880e-01  1.4485e-02 -5.6439e-02  1.4937e-01  1.2830e-01 -1.1357e-01  1.3371e-01 -4.6463e-02 -5.8711e-02  1.4681e-01 -6.6269e-02 -8.9127e-02  1.7706e-01 -5.7008e-02 -7.6572e-02  1.2967e-01  1.3521e-02 -1.0944e-01  2.7985e-01  5.9285e-02 -1.1991e-01  3.3142e-01 -9.0667e-04 -1.4589e-01  2.8698e-01
  3.5632e+01 -4.0788e-02  9.3333e-02  4.2490e-02 -6.3371e-02  7.7287e-02  6.5377e-02 -1.7632e-02  4.9482e-02  2.5616e-02 -2.1398e-02  1.0444e-01  2.3653e-02 -6.0463e-02  1.2837e-01  4.6384e-02 -4.0265e-02  1.7619e-01  9.0686e-02 -1.2077e-01  1.4687e-01  1.7154e-02 -2.8254e-02  6.4225e-02  3.0991e-02 -9.8645e-03  6.6857e-02  2.0527e-02 -2.3368e-02  1.8938e-03  2.8280e-02  8.1828e-03 -7.2381e-02  1.2044e-02 -2.8198e-02  9.8938e-02  1.1810e-02 -3.6587e-02  7.4147e-02 -2.3372e-02 -2.3833e-02  1.0098e-01  1.3567e-02 -9.4028e-03  4.5864e-02  1.3153e-01 -3.9517e-03  3.5170e-02  1.3964e-01 -8.7768e-04  2.9599e-02  1.4606e-01 -4.5313e-02  2.2897e-02 -5.6328e-02 -1.4461e-01  1.2197e-01 -1.1544e-01 -4.0739e-02  1.1310e-02 -2.4262e-02  6.0584e-02 -2.4422e-01 -4.4429e-02  5.6761e-02 -1.5188e-01 -5.3324e-02  1.0427e-01 -3.3514e-01 -1.2294e-01  7.3775e-03 -1.7347e-03 -1.8644e-02  1.5432e-02  8.3262e-03 -3.0368e-02  1.2491e-02  4.4721e-02 -2.9414e-02  1.4663e-01 -2.0728e-01 -1.5362e-01  3.0580e-01 -2.3913e-01 -4.8444e-02  7.1756e-02 -3.3130e-01 -3.1428e-01
  4.3432e+01  2.1260e-02 -7.0185e-02  6.7629e-02  5.4530e-03 -4.9522e-02  3.6824e-02  1.5459e-02 -5.7218e-02  5.7441e-02  2.0321e-02 -5.0580e-02  1.0149e-01  4.2485e-02 -1.1785e-01  6.0931e-02  2.3800e-02 -1.6346e-01  1.6694e-02  8.4775e-02 -1.4432e-01  1.0171e-01  1.7497e-02 -6.6976e-02  5.7227e-02 -2.6147e-02  2.2983e-02  4.4621e-02  4.7152e-02 -1.3044e-01  6.4649e-02  3.5535e-02 -1.0384e-01  6.2327e-02  1.2753e-01  5.2598e-02  1.2689e-01  6.6340e-02  5.7631e-02 -2.1704e-02  2.2180e-01  4.0744e-02  9.8591e-02 -7.0180e-02 -3.7484e-02 -1.9375e-02 -8.3053e-02 -1.3334e-02 -4.9016e-02 -6.5356e-02 -3.4429e-02 -1.8201e-02 -9.5601e-02  1.6343e-01 -3.0274e-01 -2.0876e-01  3.0179e-01 -3.7563e-01 -4.2839e-02  1.1071e-01 -2.0836e-01  3.3153e-02 -8.2335e-02  3.7364e-02  8.4766e-03  1.2863e-02  3.5890e-02  1.0183e-02 -1.0822e-01 -1.1947e-02 -8.4935e-03  3.3038e-02  3.3459e-02  4.8086e-03 -1.0829e-02  3.8375e-02 -1.5192e-03  1.2634e-02  6.0515e-02 -6.4411e-02  1.6262e-01 -1.1285e-01 -1.8403e-01  1.8351e-01 -1.5824e-01 -1.6462e-02  2.6484e-01 -8.2076e-02
  5.3934e+01 -3.2395e-03 -1.9740e-02  1.7180e-01 -2.2916e-03 -1.3647e-02  1.5699e-01 -2.0689e-03 -1.8030e-02  1.6119e-01  2.2426e-03 -3.0057e-02  1.3390e-01 -3.3174e-02 -6.9204e-03  1.6695e-01 -3.5096e-02  1.0119e-02  2.0000e-01 -6.5490e-02 -8.4450e-04  1.5708e-01 -2.1404e-02 -3.2282e-02  1.3535e-01  3.5906e-02 -8.2623e-02  1.2611e-01 -8.2483e-02  8.1538e-03  1.1389e-01 -7.4918e-02 -5.0048e-03  7.1672e-02 -1.4031e-02 -1.1829e-01 -1.7894e-01  2.0984e-03 -3.6890e-02 -1.0070e-01 -1.1717e-02 -1.8975e-01 -2.6713e-01 -4.1268e-02  1.4432e-01 -2.0322e-01 -1.9802e-02  1.0124e-01 -1.9675e-01 -8.8900e-02  2.9478e-01 -3.1772e-01  6.9589e-02  9.3889e-03  3.8548e-02  5.9421e-02  2.5318e-02  3.0782e-02  5.0996e-02  2.0522e-02  3.0093e-02 -7.8916e-02 -7.2601e-03 -3.7972e-02 -9.5815e-03  1.6336e-03 -6.5379e-02 -1.1919e-01 -1.5166e-02 -7.8037e-02  1.1880e-01  5.0895e-02 -6.1664e-02  1.7980e-01  5.6974e-02 -1.2023e-01  1.5142e-01  5.8303e-02  1.4281e-02  3.0670e-02  2.4432e-02 -1.3868e-01  5.0588e-02  3.1408e-02 -2.6793e-01  2.0077e-02 -1.0392e-02 -1.0207e-01
  5.9618e+01 -2.3559e-02  1.5485e-02  1.8397e-03  2.3353e-02  3.7352e-02 -2.1971e-02 -4.1236e-02  4.9201e-02  2.2320e-03 -6.9841e-02 -1.8358e-02  2.8987e-02  2.2235e-02 -5.9244e-02 -6.1334e-03  3.7705e-02 -7.7008e-02 -6.5295e-02  3.3695e-02 -9.1879e-02  4.2902e-02  2.0423e-02 -5.6389e-02 -3.6496e-03 -4.4791e-03 -6.0800e-03 -9.5994e-03  4.7310e-02 -1.0123e-01  4.9077e-03  2.7327e-02 -5.5685e-02  1.2585e-02 -1.5703e-01 -1.2510e-01 -3.7560e-02 -1.5316e-01 -5.4913e-02  9.2216e-03 -1.2805e-01 -9.2968e-02 -8.9781e-04  3.1103e-01  4.1691e-02 -2.2161e-02  3.9115e-01 -1.4000e-01 -1.4138e-01  4.7134e-01  1.7442e-01  7.9455e-04 -2.2923e-01  1.6136e-01 -1.6910e-02 -1.4648e-01  1.0457e-01  2.6195e-02 -1.6479e-01  1.2136e-01  1.4598e-02 -8.9763e-03  7.5101e-02  3.8043e-02 -2.4040e-02  1.0350e-01  3.9930e-02 -4.2718e-02  9.4181e-02  3.6156e-02 -2.3485e-02  1.1443e-01  4.9344e-02 -4.3446e-03  8.5375e-02  4.3460e-02 -1.2098e-02  1.2646e-01  6.8842e-02  3.3797e-02 -9.3091e-02 -6.3472e-03  1.1686e-01 -1.1092e-01  6.6282e-02 -2.1846e-03 -1.5755e-01 -6.7218e-02
  6.2233e+01 -2.0657e-02  1.0698e-03  4.1661e-02  1.1895e-02  8.5444e-03  3.3750e-02 -1.2789e-02 -1.3714e-02  8.1699e-02  2.2361e-02  2.9799e-02  8.8513e-03 -9.7401e-02  4.3775e-03  2.2109e-02 -1.0531e-01  2.4190e-02  7.2233e-02 -1.5184e-01  1.1228e-02  1.0780e-02 -8.3589e-02 -2.6050e-02 -3.6465e-02 -3.3924e-02 -4.5838e-02 -5.3112e-02 -1.1646e-01 -2.6399e-02 -4.8412e-02 -1.1471e-01 -2.8083e-02 -4.0227e-02  1.4258e-01  1.5458e-01  2.4485e-02  1.2702e-01  9.8197e-02 -4.4215e-02  1.3397e-01  1.0045e-01 -4.2080e-02  2.3792e-01  5.8865e-02 -5.1173e-02  2.9716e-01 -7.8649e-02 -1.6792e-01  3.6453e-01  1.9685e-01 -5.1632e-02  1.8457e-01 -7.0210e-02 -3.4624e-02  1.2049e-01  2.8764e-02 -8.0589e-02  1.2639e-01 -5.0372e-02 -8.9870e-03 -1.2937e-01 -6.8757e-03  1.0057e-01 -2.0619e-01 -2.3206e-02  1.3244e-01 -9.1990e-02  1.5928e-02  1.5548e-01 -1.5057e-01 -6.7263e-02  1.2479e-01 -2.0776e-01 -1.8810e-02  1.5839e-01 -1.8573e-01 -1.9269e-01  1.0134e-01  9.4785e-03  1.1246e-02 -9.7242e-02  1.5310e-02  1.4436e-02 -1.5308e-01  1.0278e-02 -8.2751e-03 -2.3224e-02
  7.5216e+01  6.4304e-02  3.6728e-02  6.3235e-02  7.0278e-02  5.8491e-02  3.2710e-02  6.6093e-02  3.4826e-02  8.7076e-02  6.0622e-02  3.7182e-02  6.7421e-02  3.8719e-02 -3.6775e-02  3.7183e-02  1.0599e-02 -8.7706e-02  2.1200e-03  6.1305e-02 -7.6500e-02  9.7244e-02  1.5356e-02  1.0300e-02 -1.5401e-02 -1.8671e-02  1.4006e-01 -4.7576e-02  3.6224e-02 -1.0478e-01 -1.3749e-02  1.5043e-02 -4.9852e-02 -3.1744e-02 -1.5965e-02 -6.5152e-02 -5.3817e-02 -7.3505e-03 -8.3399e-02 -4.3212e-02 -3.0046e-02 -3.7569e-02 -1.6764e-02 -4.7816e-02  5.0102e-02  5.6646e-02 -1.1058e-01  1.7232e-01 -1.5325e-02 -6.5342e-02  2.4650e-02  5.9745e-02 -1.5058e-02 -5.8706e-02  3.3666e-03  1.2661e-02 -5.6721e-02  1.3097e-02 -4.8796e-02 -4.3532e-02  8.3401e-03 -1.3376e-02  4.1492e-02 -8.6767e-03 -3.7415e-02  1.9452e-02  2.9951e-03 -3.0601e-02  8.0349e-02  2.5970e-02 -1.1944e-01 -4.7256e-02 -1.1559e-03 -1.5705e-01 -4.6786e-02  3.3447e-02 -1.3899e-01 -1.7640e-02 -6.3010e-02  9.9409e-02  4.2164e-02 -2.0477e-02  2.0984e-01  7.0006e-02 -5.7988e-01  8.5300e-02 -1.5956e-01  5.3780e-01
  7.5988e+01  1.3116e-02  2.9399e-02  3.2230e-02  2.8653e-02  4.2117e-02  1.5377e-02  6.5718e-03  4.3481e-02  4.4492e-02  5.2140e-03  2.3969e-02  3.4425e-02  1.0593e-02 -1.9080e-02  1.8677e-02  1.3676e-02 -2.8688e-02 -3.0552e-03  2.9502e-03 -4.1739e-02  5.1841e-02  1.1213e-02 -2.1170e-02 -3.8474e-03 -2.2084e-03  3.3078e-02 -1.7694e-02  2.5302e-02 -8.3136e-02 -1.6096e-03  1.1308e-02 -4.6971e-02 -9.2603e-03 -3.9561e-03 -1.0489e-02 -4.9784e-02 -1.9927e-03 -1.0826e-02 -4.6234e-02 -5.2521e-03 -2.2801e-02 -6.4621e-02 -2.9714e-02  3.3435e-02  4.0805e-02 -6.1876e-02  9.9407e-02  3.3570e-02 -4.7642e-02 -1.4754e-02  5.7131e-02  2.1036e-02 -2.8448e-02 -3.7875e-03  3.0815e-02 -3.1549e-02  4.8829e-04  7.1348e-03 -2.0726e-02 -6.8666e-03 -2.0157e-02  4.9188e-02  2.1774e-03 -2.7210e-02  3.3298e-02  6.6435e-03 -4.7972e-02  8.5021e-02  2.5154e-02 -4.1095e-02 -1.9371e-02 -3.7737e-03 -5.8526e-02 -2.0541e-02  1.2797e-02 -5.0732e-02 -2.5800e-02 -2.3643e-02  3.6316e-02  1.4415e-02 -1.0928e-02 -5.1027e-02 -2.3688e-02  6.3222e-01  3.3790e-02  2.1134e-01 -6.7709e-01
  8.3102e+01 -1.3626e-01  6.5372e-02 -3.5694e-02 -1.6058e-01  8.1824e-02 -5.6603e-02 -1.2820e-01  4.8989e-02 -5.8892e-02 -1.3920e-01  9.1967e-02  9.8805e-03 -4.5897e-02  2.8843e-03 -2.9681e-02  1.7519e-02  3.7317e-02 -8.8171e-02 -7.1075e-02 -1.8781e-02  1.2944e-03 -7.8266e-03 -7.1210e-02  1.9152e-02 -7.5726e-02  2.1343e-02  1.7878e-02  1.0415e-01 -2.4696e-01  5.2362e-02  6.5939e-02 -1.5808e-01  6.3706e-02 -2.3997e-02  1.8597e-01 -6.9506e-02 -1.7631e-02  1.7361e-01 -6.0912e-02 -4.7268e-02  1.2305e-01 -1.4399e-01 -1.8602e-02  2.0494e-02  6.5818e-02  3.4626e-02 -9.1012e-02  5.9733e-02  5.8556e-02  3.4312e-02  1.0504e-01  7.8848e-02 -5.4696e-03 -5.8971e-03  2.9611e-02 -3.3457e-02 -1.7458e-02  1.2142e-01 -1.4996e-02 -4.2062e-02 -2.0776e-02  1.3281e-01  2.7414e-02  5.0064e-02  9.9912e-02  2.9721e-03 -1.4677e-01  2.2145e-01  4.1547e-02  2.1366e-01 -4.9924e-02 -3.5044e-02  3.0767e-01 -1.3167e-01 -8.8815e-02  2.6818e-01 -1.9462e-02  8.2104e-02 -1.0451e-01 -7.4885e-02 -6.1385e-04 -1.0686e-02 -6.6154e-02 -2.8116e-01 -1.2826e-01 -2.0977e-01  2.6131e-01
  1.0026e+02 -4.1135e-02  8.9223e-02 -1.1110e-02 -3.8323e-02  1.1182e-01 -4.8120e-02 -4.6099e-02  9.9327e-02 -1.5327e-02 -5.7387e-02  1.0254e-01  4.2994e-02  3.2848e-02 -6.9368e-03 -1.7407e-02  1.0597e-01  3.1116e-02 -8.5407e-02 -1.3060e-02 -3.9439e-02  2.8435e-02  9.1358e-02 -1.3222e-01  1.1473e-02  1.6692e-01 -3.3464e-01  5.0219e-02  4.4307e-02  7.3591e-04  3.0457e-03  6.4445e-02 -3.9090e-02  1.0179e-02 -4.2859e-02  8.5770e-02 -1.0928e-02 -4.7011e-02  8.1752e-02 -2.1053e-02 -3.2482e-02  8.4310e-02 -1.3233e-02 -4.0435e-02  1.0443e-01  9.8040e-02 -8.0752e-02  2.1514e-01  3.6297e-01 -3.0217e-01  3.3963e-02 -2.3843e-02  1.3032e-03  1.1968e-02 -6.1259e-02  1.2303e-01 -1.2167e-01  1.4113e-02  2.9132e-02  8.9791e-03 -9.7638e-02  2.3373e-02  4.2607e-02 -2.4236e-02 -1.9328e-02  7.2253e-02 -1.0393e-02 -3.3874e-02  9.0533e-02 -9.1552e-03 -1.6186e-01  8.0497e-02 -4.6057e-02 -3.1368e-01  1.5052e-01  6.5138e-02 -2.5306e-01 -1.2904e-01 -1.6082e-01  4.5852e-03 -3.7710e-03  4.6094e-03  1.1291e-01 -4.7017e-03 -1.8434e-01 -3.1634e-02 -1.3422e-01  1.5729e-01
  1.0659e+02  4.7841e-02  4.7487e-02  3.1473e-02  8.0823e-02  8.1533e-02 -1.8773e-02  4.5635e-02  5.4524e-02  9.8002e-02  5.6474e-02  6.2185e-02  4.0255e-02 -2.2948e-02 -7.0453e-02 -1.8639e-02 -5.5265e-02 -1.2484e-01 -5.2725e-02 -3.3643e-02 -1.2899e-01  6.5513e-02 -3.2918e-02 -5.9808e-02 -1.3071e-01  6.2990e-02 -1.0813e-01 -1.6242e-01 -1.3397e-01  4.7084e-03 -1.7287e-01 -1.3511e-01 -4.5578e-03 -1.6839e-01 -2.0988e-02 -3.2974e-02 -7.9689e-04 -2.0995e-02  1.8171e-02  2.5162e-02  3.9803e-03 -1.9396e-02  1.2768e-02 -8.8919e-02  6.2846e-02  1.0076e-01 -1.9709e-01  2.8552e-01  9.3876e-02 -1.8637e-01 -5.0845e-02  1.0447e-01 -5.0920e-02  1.0451e-01  1.7750e-02 -4.2895e-02  1.3301e-01  1.4190e-02  2.2830e-02  4.8724e-02  8.6618e-02 -1.0298e-01 -2.4969e-02  8.7451e-02 -1.5529e-01 -8.4024e-02  1.1417e-01  1.2103e-02 -4.4070e-02  1.5080e-01  2.1936e-01 -1.9062e-02  1.6862e-01  3.3827e-01 -1.3886e-02  5.6893e-02  2.8355e-01  1.6508e-02  3.0500e-01  9.9910e-02  5.1605e-02 -1.2855e-02  1.4333e-01  4.7051e-02 -4.0070e-02  8.6289e-02  2.9726e-03  4.6147e-02
  1.3305e+02  3.8287e-02 -2.3557e-02 -1.0720e-02  7.5826e-02 -1.0902e-01  1.0838e-01  3.4151e-02 -1.7086e-02 -4.9440e-03  6.0879e-02 -8.1048e-02 -1.4372e-01 -1.0628e-01  2.4056e-01  2.0708e-02 -3.6701e-02  4.9690e-01  3.2735e-01 -3.8903e-01  3.9599e-01 -2.1515e-01  1.3204e-02 -1.5621e-03 -1.4872e-02  6.8995e-02 -4.1640e-02 -2.6776e-02  3.6786e-02 -1.3023e-01 -1.3157e-02  4.0527e-02 -1.3020e-01 -1.7395e-02  1.7297e-02 -5.9210e-02  6.1878e-02  1.4552e-02 -7.0337e-02  5.0545e-02  1.3012e-02 -3.3983e-02  9.2388e-02 -3.6897e-02 -6.1858e-02 -5.5123e-02 -4.7642e-02 -4.1311e-02 -8.7484e-02 -7.1076e-03 -8.8134e-02 -2.0664e-02 -3.2284e-02  2.1446e-03 -1.0033e-02 -6.3692e-02  1.6677e-02 -2.4811e-02 -3.3170e-02  4.3280e-03 -1.6506e-02 -3.3565e-02  4.2056e-02  2.0336e-02 -6.1422e-02  4.4289e-02  3.1363e-02 -1.0372e-01  1.1430e-01  5.5121e-02 -4.7565e-03  2.8606e-02  7.8634e-03  1.8972e-03  2.7261e-02  2.2923e-03 -2.7748e-03  2.7098e-03  2.5319e-02  4.6488e-02  2.4851e-02  5.9864e-03  4.2978e-02  2.5072e-02  6.4472e-03  5.2684e-02  2.4507e-02  5.4157e-02
  1.6176e+02  1.5994e-02 -2.6019e-02  2.8739e-02  2.5400e-03 -3.9605e-02  4.6479e-02  2.3190e-02 -3.9152e-02  2.2886e-02  3.7944e-02 -2.3292e-02 -6.4050e-04 -7.0312e-03  1.7612e-02  3.4933e-02 -1.4730e-03  5.1333e-02  8.1285e-02 -4.6208e-02  4.0531e-02  6.7139e-04  9.6375e-03 -1.4572e-02  1.8431e-02  3.6391e-02 -3.1461e-02  1.1455e-02 -1.6367e-02 -1.0585e-02  7.1621e-03 -1.4444e-02 -2.5082e-02 -2.9809e-02  5.6690e-02  9.5007e-02 -7.4668e-02  6.1958e-02  1.9632e-01 -2.0881e-02  8.8764e-02  6.9466e-02 -1.1103e-01 -3.1521e-03 -5.6675e-02 -3.2296e-02  6.2491e-03 -7.4395e-02 -2.5403e-02  4.4169e-03 -5.6695e-02 -2.7035e-02 -8.2004e-02  2.9894e-01  1.4601e-01  2.1327e-01  2.9705e-02  3.1677e-01 -1.6422e-02  2.7002e-01  1.4653e-01  3.1355e-02  2.4682e-02 -1.6160e-01  8.0620e-02  2.8165e-03 -1.8155e-01 -4.0788e-02  8.1202e-02 -1.4703e-01 -6.8223e-02 -2.9838e-01  2.6461e-02 -1.1480e-01 -4.7040e-01  1.3784e-01 -9.0073e-02 -2.2748e-01 -5.9215e-02  1.6216e-02  9.2524e-03  3.2060e-03 -1.3700e-02  1.3949e-02 -7.6166e-04  2.7425e-02  3.7641e-02 -5.1974e-03
  1.7912e+02 -4.2832e-02  7.0092e-03 -2.7996e-02 -7.4959e-02  3.2621e-02 -5.6633e-02 -3.4740e-02 -2.1121e-02 -3.6907e-02 -2.1648e-02  4.4836e-02  1.3877e-03 -6.8884e-03 -5.1246e-02 -2.2348e-02 -5.8080e-04 -8.8652e-02 -9.5382e-02  4.8884e-02 -7.7098e-02  1.7519e-02 -2.4505e-02 -3.0010e-02  2.6853e-02 -4.7433e-02 -5.9017e-02  5.2666e-02  1.2537e-03  1.1059e-02  4.4197e-02  2.5962e-03  1.3093e-02  6.9287e-02 -6.3616e-02  1.5298e-01 -6.3457e-02 -4.9408e-02  1.4361e-01 -3.9706e-02 -1.0063e-01  1.1346e-01 -1.0739e-01 -1.6717e-02 -1.4295e-01 -7.7390e-02  5.5542e-02 -2.9290e-01 -1.1112e-01  1.8923e-01 -2.6638e-01  1.2186e-01 -5.0840e-02 -4.9298e-02  3.8893e-02 -2.8753e-01  7.6715e-02 -7.7072e-02 -7.5331e-02 -2.4045e-02 -6.7082e-03 -4.2904e-02 -2.0471e-02  5.8891e-02 -1.9514e-02 -9.5123e-04  4.8431e-02 -5.4601e-02 -4.0140e-02  2.5032e-02 -1.3984e-03  2.7444e-02 -6.1113e-02  4.5714e-02  1.0402e-03 -9.3435e-02  2.3380e-02  3.6890e-02 -5.2747e-03  2.6866e-01  1.4076e-01  1.4131e-02  2.7375e-01  1.1678e-01  2.9161e-01  3.0282e-01  1.4191e-01  2.8162e-01
  1.9298e+02 -2.7272e-02 -2.4286e-03 -1.5600e-02 -1.9540e-02 -2.5289e-03 -1.5432e-02 -2.7433e-02 -6.8030e-03 -4.6298e-03 -2.0532e-02  4.4829e-03 -1.8980e-02 -4.4300e-02 -7.0223e-05 -2.1252e-02 -4.9269e-02  3.0651e-03 -7.3697e-03 -5.1756e-02  2.6040e-03 -2.4427e-02 -4.3772e-02 -4.3167e-03 -2.4985e-03 -7.6975e-02 -1.2347e-02  1.8587e-02 -7.1300e-03 -1.2444e-03  1.5733e-02  8.4286e-04 -3.0791e-02  3.4957e-02 -1.5952e-02 -5.6726e-02 -4.6743e-03 -3.1287e-02 -3.7970e-02 -2.6434e-02  1.2274e-01  2.5478e-01  3.6795e-01 -7.3541e-03  1.9561e-02  1.0838e-02  3.6620e-03 -1.1991e-02 -6.5894e-02  7.0482e-02  4.2201e-02  4.5671e-02  2.2235e-02  4.2577e-02 -5.6692e-02  5.8309e-01 -4.7586e-01  2.6838e-01  1.4606e-01 -8.1791e-04 -1.1777e-01  4.5393e-02 -1.1402e-02  5.6851e-03  4.9841e-02 -1.2401e-03  1.4876e-03  4.4276e-03  1.7964e-02  1.1337e-02  2.5085e-02  6.4144e-03  5.9574e-03 -5.4669e-02  7.0415e-02  5.2749e-02 -1.8658e-02 -8.3302e-02 -5.4669e-02  5.1642e-02  3.2814e-02 -5.3715e-03  7.8343e-02  1.8618e-02  1.1694e-01  5.4898e-02  1.1333e-02  9.3382e-02
  1.9968e+02 -2.2205e-02 -3.3852e-02 -5.6180e-02  1.4277e-02 -4.8413e-02 -4.2860e-02 -3.2179e-02 -2.2748e-02 -3.1918e-02 -2.0749e-02 -3.8860e-02 -7.1227e-02 -5.6864e-02 -2.2182e-03 -5.9645e-02 -5.8228e-02  1.9399e-02 -2.0009e-02 -7.8266e-02  1.7503e-02 -8.9025e-02 -5.2519e-02 -1.2946e-02 -1.4748e-02 -1.0882e-01 -3.7196e-02  2.1988e-02  1.8049e-02 -5.0531e-03  1.4997e-02  4.6419e-03  1.3498e-02  5.0873e-02  4.7698e-02 -7.5244e-02  4.6442e-02  4.8923e-02 -4.8019e-02  6.1793e-02  1.8015e-02 -2.0029e-01 -1.0762e-01  3.1032e-02  7.9092e-02  5.8124e-02  3.5416e-02  8.7636e-02  2.6479e-01 -2.9933e-01  3.5248e-01 -3.0430e-01  4.1841e-02  3.0990e-02  3.0811e-02 -2.6972e-01  3.1545e-01 -1.4881e-01 -6.3901e-02  7.9455e-02  4.0218e-02  4.4276e-02  2.7176e-02  1.1475e-02  1.0134e-01  3.9568e-02 -1.3763e-02  9.1794e-02 -5.7146e-02 -5.2615e-02 -6.5954e-03 -3.3300e-02 -5.2005e-02  2.7455e-02 -1.8362e-01 -2.2916e-02  1.5855e-02  1.6644e-02 -2.2420e-02  5.3070e-02  3.2787e-02 -3.1596e-02  8.2719e-02  5.0539e-04  3.0480e-01  7.9653e-02  2.3373e-03  2.8055e-01
  2.0616e+02  1.4747e-02 -7.0685e-03  7.4845e-03 -1.1304e-02 -9.5187e-03  5.0878e-03  2.3277e-02 -2.1274e-02 -3.5509e-03  2.7533e-02  2.9968e-03  5.5300e-03  1.9021e-02  3.5340e-03  1.3939e-02  1.5231e-02 -1.1427e-03  1.2550e-02  3.2437e-02  6.6492e-03  1.0036e-02  1.2899e-02  1.5552e-02  4.4235e-03  2.7513e-02  4.1903e-02 -1.2688e-02 -2.2814e-03 -1.3718e-02 -5.0382e-03  1.5697e-03 -1.3229e-02 -8.7376e-03 -1.4048e-02  3.0680e-02 -4.5999e-02 -1.5954e-02  5.3340e-02 -4.2824e-02  7.4095e-02  2.5791e-01  2.2763e-01  4.6532e-02 -7.7129e-02  2.4628e-03  5.2819e-02 -5.3229e-02  3.6989e-01 -5.0395e-01  3.0119e-01 -5.5567e-01 -2.8207e-02 -4.1922e-04  7.0143e-03  3.4815e-02 -9.8450e-02  5.2638e-02  2.0943e-02 -1.7800e-02 -1.5788e-02 -4.5442e-02 -2.6801e-02  4.1790e-02 -6.4205e-02 -3.8560e-02  5.1532e-02 -7.1975e-02  1.4104e-02  6.9831e-02  1.0898e-02  2.3047e-03 -1.6481e-02 -9.2145e-03  8.8353e-02 -3.2655e-02 -3.6142e-03 -1.1313e-02 -4.3707e-02 -5.8261e-03  5.4458e-03  8.4472e-03  1.3730e-03  7.7654e-03 -3.3657e-02 -1.6460e-02  2.0253e-03 -6.5535e-02
  2.0975e+02  4.1816e-02 -1.0080e-02 -2.6461e-02  6.6355e-02 -1.8540e-02 -1.4970e-02  3.9166e-02 -5.7413e-04 -1.0328e-02  4.5615e-02 -1.6997e-02 -4.3144e-02  2.2173e-02  7.7909e-03 -2.7143e-02  1.5730e-02  1.0309e-02 -1.0905e-02  2.3079e-02  1.5438e-02 -3.7653e-02  1.8898e-02  7.2298e-03 -1.9880e-02  9.7932e-03 -1.5495e-03 -8.7237e-03  3.2661e-02  2.1855e-02 -6.0199e-03  5.9913e-02 -1.6174e-02  6.5762e-02  6.4516e-02 -2.4608e-02 -1.9366e-02  7.2668e-02  4.4204e-02  3.2783e-02  8.9323e-02  7.3153e-03  1.6994e-02 -1.6296e-02  7.5861e-02  1.7870e-02 -6.1278e-02  1.4641e-01 -1.9335e-01  2.2558e-01 -1.2077e-01  2.8014e-01 -2.9091e-02  1.1119e-01  6.4715e-02  8.7221e-03 -1.1526e-01  1.3071e-01  1.3826e-02  1.3336e-01 -9.1078e-02 -7.8459e-02 -8.4111e-02  2.8612e-01 -1.2848e-01 -1.2901e-01  3.1249e-01 -9.2495e-02 -3.2058e-02  3.3599e-01 -2.9289e-02 -5.8681e-02 -2.8274e-01  2.9408e-02 -4.5793e-02 -3.4117e-01 -9.9511e-03 -9.4874e-02 -2.1034e-01 -3.8748e-02 -2.7684e-02  1.1995e-02 -7.6251e-02 -7.2832e-03 -1.6682e-01 -4.3328e-02  6.7740e-03 -1.4077e-01
  2.2388e+02 -2.6557e-02  3.0784e-02 -3.4055e-02 -3.3809e-02  3.5012e-02 -3.8437e-02 -3.5720e-02  4.5802e-02 -6.2980e-02 -6.7824e-02  1.6339e-02  5.4999e-03  3.6477e-02  1.0145e-02 -1.9381e-02  5.0493e-02 -4.9878e-03 -6.9338e-02  7.7066e-02  2.1761e-04 -3.4556e-03  2.8232e-02  2.1834e-02  1.4041e-02  1.7251e-02  3.8652e-02  1.4486e-02  2.1617e-02  4.6394e-03  1.3466e-02  4.3974e-02 -2.0488e-02  5.3411e-03 -2.6742e-02 -1.9477e-02  7.1872e-02 -2.1363e-02 -6.6135e-02  7.4641e-02 -1.9973e-01 -4.5103e-01 -4.4639e-01  1.0426e-03 -1.4022e-02 -1.0545e-02  4.1277e-02 -8.1233e-02  1.2970e-01 -6.9567e-02 -1.4602e-02 -5.3741e-02  3.3370e-02  4.9576e-02 -3.7668e-02  2.4742e-01 -7.8279e-02  7.0258e-02  2.0695e-01 -6.4427e-02  6.4898e-02 -8.6673e-02 -5.6955e-02 -1.8648e-02 -1.3482e-01 -8.9891e-02  8.3920e-03 -3.0490e-01  1.8344e-01  1.0212e-01  1.5617e-02 -2.8736e-02  1.4836e-02 -8.2164e-02  2.7155e-01 -1.5760e-02 -4.5662e-02 -1.6040e-01 -6.5344e-02  1.5493e-02  7.7833e-03 -1.4479e-02  4.7728e-02 -1.0582e-02  1.5368e-01  2.2365e-02 -2.4547e-02  1.4884e-01
  2.2668e+02  1.4562e-02 -6.5123e-03 -8.6012e-03 -6.4463e-05 -1.5437e-02  2.1081e-03  1.5734e-02 -1.3153e-02 -2.2114e-02  1.8140e-02 -3.9039e-03 -3.9709e-03  4.0085e-02  6.9935e-03  3.3879e-03  4.3740e-02  5.0587e-03 -5.2830e-03  5.0936e-02  1.1086e-02 -8.1219e-04  3.8392e-02  8.1685e-03  1.2431e-02  5.0458e-02  1.2397e-02  5.8968e-03  1.7116e-02  8.3845e-03  6.4035e-03  2.5991e-02  3.7437e-03 -8.5018e-03  7.1043e-03 -3.4913e-03 -3.4076e-02 -2.2657e-03  3.1892e-02 -4.5866e-02  1.2292e-01  2.3414e-01  2.4860e-01 -1.2941e-02  1.4774e-02  1.5378e-02 -4.3694e-02  5.8443e-02 -1.6408e-01  9.8278e-02  3.6693e-02  7.1118e-02 -6.0968e-03 -1.2067e-02  1.1979e-02 -7.1951e-02  3.3565e-02 -2.2886e-02 -5.9386e-02  2.0555e-02 -1.1903e-02 -5.7275e-02 -2.6290e-02 -1.6736e-02 -9.2089e-02  2.1543e-03 -4.7220e-03 -1.3854e-01  4.6223e-02  5.9793e-03 -1.3287e-02  1.8682e-03  1.7184e-02  6.8391e-02 -6.0661e-02 -3.2407e-02  3.0012e-02  3.2246e-02  1.0644e-01 -5.9903e-02 -1.8206e-02 -9.2359e-02 -1.8429e-02 -8.2098e-02  6.1088e-01  3.0595e-03 -7.1406e-02  5.7868e-01
  2.2866e+02  2.3101e-02 -1.6104e-02  7.0327e-02  2.7603e-02 -1.8329e-02  7.2678e-02  2.6305e-02 -2.1278e-02  8.6510e-02  3.5837e-02 -1.9645e-02  4.0218e-02 -3.0819e-02 -8.2387e-03  5.2229e-02 -5.1146e-02 -4.9103e-03  9.4460e-02 -7.1387e-02 -6.9069e-03  4.8883e-02 -2.4686e-02 -8.1649e-03 -1.9615e-02  1.1922e-02  6.5075e-03 -4.5569e-02 -4.5206e-02 -9.1612e-03 -3.5531e-02 -6.0784e-02 -4.2794e-03 -2.9596e-02  3.4988e-02  7.3026e-02 -3.6255e-03  3.5875e-02  3.1331e-02 -1.8683e-02 -1.0937e-01 -2.9616e-01 -4.4778e-01  2.5183e-03 -3.2095e-02 -2.0719e-03 -2.7006e-02  2.4635e-02 -4.1660e-02 -5.8836e-02  6.2083e-02 -9.4197e-02 -8.8701e-02 -2.7223e-02  2.8260e-03  1.6868e-01 -2.9633e-01  1.5933e-01  3.9473e-02 -8.4082e-02 -1.2519e-02  1.0994e-01  4.9337e-02  5.8106e-02  1.3931e-01 -2.2601e-02  5.1377e-02  3.1409e-01 -1.0130e-01  3.7403e-02  2.0160e-02  2.5993e-02 -3.1331e-02 -1.0732e-01  1.7565e-01  2.5198e-02 -4.8298e-02  1.1939e-02 -1.8905e-01 -3.7422e-02 -1.9941e-02 -5.5812e-02 -5.5193e-02 -4.8477e-02  3.2373e-01  1.2012e-02 -1.6753e-02  3.2174e-01
  2.3931e+02 -1.9000e-02  3.4872e-02  3.4031e-02 -2.1319e-02  5.3289e-02  1.5437e-02 -2.3144e-02  4.0990e-02  3.3455e-02 -3.1659e-02  3.1241e-02  5.3017e-02 -8.4698e-03 -3.3927e-03  2.6348e-02 -4.3703e-03 -1.3655e-02  3.0479e-03 -1.0824e-02 -2.0238e-02  5.1163e-02 -5.0244e-03 -3.4101e-03 -2.4003e-03  2.1443e-02  7.1814e-03 -1.9393e-02 -2.1115e-02 -9.2875e-03 -1.0695e-02 -3.8049e-02  2.0251e-02 -1.3409e-02 -7.5553e-02 -3.9608e-02  1.0364e-02 -7.0431e-02  1.2704e-02  4.7041e-02  1.5657e-02  1.6742e-01  2.5904e-01 -9.7790e-04 -3.5999e-02 -2.8194e-02  2.5948e-03 -3.7846e-02  3.8342e-04  3.2208e-02 -1.4205e-01  5.3969e-02  7.8415e-02  4.6031e-02 -9.1482e-03 -1.9835e-01  3.4831e-01 -1.8016e-01  2.4601e-01 -8.6789e-02  1.7233e-01  2.3048e-02  4.1817e-02  2.7059e-02  1.2218e-01 -7.2200e-02  6.6588e-04  2.2754e-01 -1.2367e-01 -1.3573e-02  2.6153e-02 -6.1739e-02 -2.3969e-02 -2.4948e-01  4.4143e-01  2.7346e-02 -1.2852e-01 -1.4606e-01 -3.5353e-01 -1.7754e-02  1.8598e-03 -1.4257e-02  5.7436e-02 -1.8390e-02  9.5176e-02 -3.7024e-02 -6.8751e-02  7.3530e-02
  2.4926e+02  3.0118e-02 -7.3063e-02 -4.3049e-02  3.9226e-02 -1.0031e-01 -1.2661e-02  3.5408e-02 -8.4328e-02 -3.0984e-02  5.9875e-02 -6.7971e-02 -8.1273e-02 -8.0886e-03 -3.6093e-03 -3.4404e-02 -1.5414e-02  2.2066e-02  2.1616e-02 -1.7972e-02  3.1915e-02 -8.4872e-02 -9.4013e-03 -3.7578e-03  3.9683e-03 -4.4722e-02 -1.5657e-02  2.7654e-02  2.4137e-02  4.5824e-03  2.3074e-02  2.7486e-02  6.9055e-03  3.0477e-02  8.7208e-02  2.9721e-02 -4.9519e-02  8.1762e-02  5.9575e-02 -4.9868e-02  1.2896e-01  1.0903e-01  4.3670e-02 -5.3843e-03  8.4589e-02  2.9097e-02  5.9053e-03  5.5666e-02 -7.5228e-03  7.0247e-02  6.2761e-02  8.8141e-02 -1.1760e-01 -4.1989e-02  3.0691e-02 -1.7331e-01  3.9921e-02 -8.8164e-03  1.7533e-01 -2.4033e-01  2.3352e-01 -1.5194e-02 -8.3407e-03 -4.5093e-02  5.6140e-03 -1.2690e-01 -3.5057e-02 -1.7017e-01  1.9218e-01  7.8587e-02  4.5919e-02 -1.8636e-02  4.6170e-02 -1.7094e-01  6.6799e-01 -2.9313e-02 -7.8362e-02 -1.0220e-01 -2.0992e-01  1.4814e-02 -4.9204e-03  1.1839e-02 -8.9232e-02  1.9303e-02 -9.6426e-02  4.7164e-02  9.1829e-02 -6.1824e-02
  2.7531e+02  2.0827e-03 -5.4398e-03 -3.6433e-02 -2.8683e-03 -1.1195e-02 -2.8978e-02  3.1474e-03 -7.5900e-03 -4.7703e-02 -7.7279e-04 -3.5331e-03 -2.9776e-02  2.4291e-02  1.2961e-02 -2.2325e-02  3.5212e-02  2.1650e-02 -2.6221e-02  3.7816e-02  2.1950e-02 -3.5057e-02  2.1154e-02  8.9805e-03  1.0933e-02  9.7862e-03  1.3627e-02  1.6604e-02  2.1600e-02 -1.4523e-02  1.5030e-02  1.1868e-02  1.8532e-02  1.4248e-02  2.9674e-02 -6.5317e-03 -5.8291e-03  3.5159e-02  1.3895e-02  1.9338e-02  1.7319e-02 -3.8721e-02 -4.4837e-02 -3.5223e-03  2.7531e-02 -2.4126e-03  3.5107e-02 -3.9252e-02  1.0675e-01  3.6438e-03 -5.6415e-02  5.0467e-02 -2.6026e-02 -4.1038e-03  4.4881e-03 -1.4685e-02 -1.7814e-01  4.9633e-02  4.4847e-02 -4.9427e-03 -1.0662e-01 -1.3199e-01  1.9567e-02  2.0882e-02  1.1651e-01  1.8859e-01 -9.9661e-02  3.0512e-01 -6.1331e-01 -4.1280e-01  3.7592e-02  1.1307e-02  2.1769e-02 -1.9028e-01 -1.2209e-01  2.8296e-01 -7.8753e-02 -1.1851e-01 -1.9251e-01  4.7735e-03 -1.7099e-03  1.1589e-03 -2.3081e-02  3.1472e-03 -6.5412e-03  1.6994e-02  2.3454e-02  1.1372e-02
  2.8325e+02 -1.0708e-03 -4.9184e-02 -1.8875e-02 -2.3369e-02 -9.0144e-02  2.3813e-02  5.3750e-03 -6.2754e-02 -5.2931e-02  4.1696e-04 -6.0253e-02 -3.4271e-02  1.3327e-02  6.4351e-04 -2.0022e-03  1.8035e-02  1.7910e-02  1.5345e-02  9.0856e-03  2.2733e-02 -3.4168e-02  1.6840e-02 -5.5755e-03  6.3898e-03  1.7833e-02 -2.3656e-03  3.5344e-03  7.9443e-03  7.2491e-03  2.9305e-03  8.1959e-03  1.0959e-02  1.1860e-04 -6.4744e-02  3.2908e-02  1.1111e-02 -4.3286e-02  7.6279e-03  5.3215e-02 -1.3787e-01 -1.8686e-02 -4.3468e-02 -7.5519e-03 -3.6990e-02  7.3033e-02 -1.9039e-01  2.5469e-01 -6.5708e-01  8.6439e-02  5.2459e-01 -1.9470e-01  2.9409e-02  1.3781e-02 -1.2520e-02 -2.9811e-03  1.5874e-02 -2.4625e-02  7.1733e-02 -6.7757e-03 -1.1277e-02 -1.7350e-02  4.8746e-03 -3.7067e-03 -5.2261e-03  1.5280e-02 -9.6822e-03  7.1066e-02 -9.0256e-02 -5.1124e-02  1.6335e-03 -6.4824e-03 -2.6743e-03 -2.6280e-02  4.5019e-02  2.2634e-03 -1.5604e-02 -8.4074e-02 -3.1584e-03  2.4935e-02 -7.2852e-03  1.4331e-02 -1.1926e-01  2.2259e-02 -8.2767e-02  7.4813e-02  1.2779e-01 -5.0994e-02
  3.0579e+02  1.1522e-02 -5.6359e-02  2.5761e-04 -1.3703e-01 -7.7018e-02  1.4791e-02  7.8093e-02 -1.8879e-01 -4.4580e-02  7.2077e-02  1.3798e-02  1.5252e-02  8.8415e-03 -1.5867e-04  1.3430e-02  3.5926e-03  1.3254e-02  4.5083e-02  2.7281e-03  2.0961e-02 -1.6059e-02  9.1679e-03  3.2882e-03 -2.1127e-03  3.2683e-02  1.0668e-02 -1.5970e-02 -1.4767e-02 -1.1457e-02 -1.5531e-02 -1.9946e-02 -2.7495e-03 -3.2056e-02 -5.9422e-02  1.6929e-02  2.0308e-03 -4.5271e-02 -4.9928e-02  3.1738e-03 -1.1678e-01  3.9643e-02  3.8604e-02 -4.0919e-02  6.7652e-02  7.3674e-03  2.1923e-01 -4.4052e-01  2.7359e-01  1.1016e-01  1.1355e-01  7.6003e-02  2.6841e-02  9.4858e-03 -1.6240e-02  1.0394e-01  6.5880e-02 -1.0894e-03 -5.0329e-02  3.0456e-02  3.7533e-02  6.6319e-03  6.9789e-03  9.2398e-03  1.4129e-04 -3.6807e-02  1.5921e-02  6.6847e-02 -1.5167e-02  2.9430e-02 -1.4778e-02 -1.0064e-02 -4.2638e-03  4.0170e-02 -4.5513e-03 -5.6697e-02  1.6148e-02  1.1582e-01  4.8567e-03  3.2975e-02 -4.5981e-02 -6.1755e-03 -4.7940e-01  3.4055e-02 -5.5355e-02  2.4921e-01  4.1227e-01  1.4082e-01
  3.1575e+02  5.2130e-02 -2.4027e-02  2.0710e-02  7.9262e-02 -2.0838e-02  1.8941e-02  5.8467e-02 -3.2963e-02  5.6173e-02  7.4548e-02 -2.5598e-02 -1.3191e-02 -1.3542e-02 -9.3422e-03  7.2455e-03 -3.7338e-02 -1.2559e-02  4.5353e-02 -2.4811e-02 -2.5162e-03 -2.6627e-03 -1.8811e-02  5.7036e-03 -1.4940e-02 -2.5740e-02  3.8218e-03 -1.0273e-02  4.1808e-03  1.2960e-02 -3.6309e-03  1.7228e-02 -1.3009e-02  2.9395e-02 -5.0448e-02  1.3808e-02 -1.0172e-02  1.7313e-03  8.7155e-02  1.5164e-01 -1.1131e-01  2.0462e-02  7.1378e-03  1.4344e-02  9.8272e-03 -1.0788e-02 -2.7942e-02  1.0834e-01  7.3932e-02 -5.2473e-02 -1.3609e-01  3.2063e-02  2.4145e-02  1.6305e-02  1.5709e-02 -3.7531e-01 -1.9959e-01 -8.0458e-02  2.2706e-01  1.3768e-02 -3.0913e-01  3.5782e-02 -2.9078e-02 -9.5801e-04 -1.2121e-02  1.5102e-01 -1.5772e-03 -3.0692e-01  1.9923e-01  1.0030e-02  3.4009e-02  4.1872e-02 -2.3305e-03 -1.7891e-01 -2.3445e-01  3.0225e-01 -8.3232e-02 -3.9021e-01 -6.7646e-02 -4.3895e-03 -2.1622e-02 -8.9578e-03 -1.5131e-01 -1.1564e-04 -5.6605e-03  5.8280e-02  1.0502e-01  5.5639e-02
  3.2758e+02  8.1107e-02 -1.0358e-01 -1.2762e-02  2.4380e-01 -1.2486e-01  2.1865e-02  3.4564e-02 -6.4024e-03  4.1905e-02  7.2223e-02 -1.8443e-01 -1.1205e-01 -2.0321e-03 -1.2653e-02 -5.2886e-03 -2.0735e-02  2.7123e-02  9.4137e-02 -3.5379e-02  4.0604e-02 -8.3325e-02 -7.9355e-03 -5.1714e-03  7.6920e-03 -2.7836e-02  2.7789e-03  1.4813e-02  9.8919e-03  2.0759e-04  1.8788e-02  6.7569e-03  7.1203e-03  3.3275e-02 -9.5508e-02  7.5867e-02  1.1802e-02 -1.0098e-01 -5.2683e-02 -6.7880e-02 -1.6808e-01  5.0836e-02 -9.9981e-03  5.3475e-02  3.4331e-02 -1.8968e-02 -1.3450e-01  4.3952e-01  1.3202e-01 -1.7113e-01 -3.5997e-01  6.8664e-02  2.4360e-02 -2.8795e-03 -3.3628e-02  3.2802e-01  1.9206e-01  3.2189e-02 -1.6353e-01  1.5680e-02  2.1512e-01 -3.0919e-02 -1.8609e-03  7.7519e-03  1.0814e-01 -9.3727e-02 -3.5331e-02 -2.5325e-02 -2.2061e-02 -1.2462e-02  1.0202e-02 -9.3418e-03 -1.3207e-03 -3.6801e-03 -8.6432e-02  4.2080e-02  1.3227e-02  2.9265e-01 -1.4385e-01 -7.6164e-03  8.1090e-04 -6.5708e-03  5.3398e-02 -1.1502e-02  3.3122e-02 -3.0065e-02 -5.7817e-02  1.5613e-02
  3.3579e+02 -2.6422e-02  3.7930e-02  7.1848e-03 -8.3083e-02  4.6090e-02 -6.2060e-03 -6.7951e-03 -2.9392e-03 -5.8452e-03 -1.5776e-02  7.1468e-02  3.8380e-02 -5.7539e-03 -3.4275e-04  6.6958e-04 -1.2217e-03 -1.8254e-02 -3.7111e-02  7.3592e-03 -2.1133e-02  3.1672e-02 -2.5596e-03 -2.4418e-03 -9.5328e-03  1.5256e-02 -6.4027e-03 -1.5751e-02 -3.3613e-03  1.0304e-02 -6.2142e-03  1.1408e-02 -2.2195e-02  3.2669e-02  3.3280e-02 -1.4083e-02  3.4895e-03  6.1417e-03 -7.9681e-02 -9.3538e-02  5.6720e-02  4.0841e-03  2.2725e-02 -1.4676e-02 -1.8848e-02  9.8997e-03  1.4449e-02 -9.4446e-02 -1.2342e-01  6.8935e-02  1.4524e-01 -3.2858e-02 -1.7876e-02 -2.1413e-02 -3.6391e-03  1.4791e-01  2.1243e-01  2.6708e-03 -1.3724e-01 -3.1959e-02  2.3639e-01 -6.4168e-03 -1.7975e-02  2.1787e-02  2.2980e-01 -1.0629e-01 -5.7472e-02 -2.9825e-01  1.8597e-01  4.4017e-02  4.3232e-02  2.8268e-02 -1.1516e-02 -2.3839e-01 -3.4634e-01  3.9517e-01 -8.9107e-02  2.0770e-01 -4.2017e-01  1.8963e-03 -2.8749e-03  1.8986e-03 -3.8676e-02  4.5587e-03 -1.5909e-02  1.7206e-02  3.4685e-02 -4.7412e-03
  3.5325e+02 -4.2788e-02 -1.4902e-01 -2.7362e-02 -3.5073e-02 -2.1076e-01  4.7671e-02 -1.0095e-01 -4.9270e-02 -1.0130e-01 -9.1237e-02 -2.2351e-01 -5.2329e-02  1.8533e-02 -1.9702e-02  2.2896e-02  2.2346e-02  1.0544e-02  6.7883e-02  2.6525e-02  3.9344e-02 -6.2909e-02  1.7913e-02  1.1511e-03  1.7702e-02  7.5509e-02  4.5792e-02 -2.9428e-02 -4.4246e-02 -7.4727e-03 -1.6627e-02 -4.8101e-02 -1.7535e-03 -4.0988e-02 -2.9786e-02  2.2754e-02 -7.3240e-04 -3.5187e-02  9.1956e-02  1.3797e-02  1.4398e-02 -8.9251e-05 -3.4785e-02 -4.5176e-02  6.6235e-02  2.1476e-02  1.4476e-01 -3.2011e-01  8.5756e-02  1.4723e-01  1.9307e-01  6.8098e-02  1.5383e-02  1.9804e-03  2.0434e-03 -8.7726e-02 -6.6751e-02 -1.9908e-02  4.7136e-02  1.7650e-02 -1.0247e-01  2.8386e-02 -1.6011e-03  1.0342e-02  7.3394e-03  4.4948e-03  1.7509e-02 -3.8406e-02  7.3925e-02  5.1024e-02  4.2225e-03  1.1179e-02 -3.2684e-03 -6.3416e-02 -9.9091e-02  1.0223e-01 -3.0997e-02 -1.6676e-02 -7.5377e-02 -5.5747e-03  6.7148e-02  1.6998e-02  5.3217e-01 -1.7685e-02  7.4040e-02 -2.2988e-01 -4.0343e-01 -1.5393e-01
  3.7987e+02  1.8621e-01  4.8112e-02  5.5276e-02  1.3935e-01  5.8827e-02  3.4481e-02  2.1019e-01  1.9850e-02  1.6448e-01  2.5266e-01  8.5829e-02  7.7237e-03 -1.9516e-03  9.9710e-04 -1.3151e-02 -5.2173e-02 -2.6867e-03  7.2831e-02 -6.8341e-02 -1.7756e-02  1.3206e-02 -9.0454e-03 -7.9698e-03 -6.3167e-02 -1.0390e-01 -6.6772e-02  1.2029e-02  8.3413e-02  3.2087e-02 -1.0554e-02  9.0642e-02  2.3335e-02  5.1223e-02 -3.9821e-02  3.0705e-02 -1.7914e-03  5.2438e-03 -9.3561e-02  4.8101e-02 -2.0910e-01  8.4160e-03 -6.6492e-03 -6.0625e-02 -1.5520e-02  1.1793e-02  1.8297e-01 -5.2248e-01 -2.7505e-02  1.8003e-01  3.3690e-01 -4.1469e-02  7.1767e-03  4.4502e-03 -1.0406e-02  5.9266e-02  5.3483e-02 -2.4858e-03 -8.3891e-03 -7.2508e-03  5.5007e-02 -3.4198e-02 -8.9110e-03 -5.1628e-04  2.5760e-02  7.5684e-02 -3.3479e-02 -7.0267e-02 -7.3515e-02 -1.0946e-01 -2.9409e-03 -1.1148e-02  3.5607e-03  1.6877e-02  6.1514e-02 -4.2836e-02  1.0707e-02  1.1939e-02  2.3077e-02 -5.5797e-02  1.5554e-02 -6.0499e-03  2.4346e-01 -3.4135e-02  5.5618e-02 -1.8483e-01 -2.5949e-01 -9.0463e-02
  4.5075e+02 -2.0937e-04 -1.1380e-02  6.0125e-04 -1.6477e-03 -1.3984e-02  3.7312e-03  6.8922e-04 -1.2371e-02 -2.9854e-03  7.6592e-04 -9.9790e-03 -1.6063e-03  2.3223e-03 -1.3654e-03  3.9048e-03 -2.2510e-03 -4.7130e-03  7.4324e-03  8.2282e-03  2.4044e-03 -1.0943e-03 -4.0533e-04  7.2980e-03  1.0113e-03  1.4023e-03  9.2377e-03 -3.0208e-05 -7.0741e-03 -5.1307e-03 -2.8673e-03 -4.8583e-03 -4.7500e-03 -2.0577e-02 -1.5733e-03  9.8117e-03  5.7272e-03 -6.3186e-02 -1.1157e-01 -2.0271e-01  5.1306e-02  2.3223e-02  1.5182e-02 -2.3608e-03  4.1948e-03 -8.3864e-04  1.0653e-02 -1.8643e-02  2.5042e-02  1.1097e-03 -9.3467e-03  9.1069e-03 -2.8424e-02 -1.5317e-02 -2.0216e-04  2.5036e-01  3.0087e-01  2.7409e-02  3.3007e-02 -1.6044e-01  4.1449e-01  2.0297e-02 -1.9127e-03 -7.2576e-04 -2.1805e-01  2.1787e-01  6.4257e-02  5.7310e-02 -5.0552e-02 -3.1772e-02  9.5905e-03  4.3297e-02 -4.3206e-02 -4.7403e-03 -1.5500e-01  5.1280e-02 -1.2709e-02 -6.2186e-01  2.4196e-01 -1.8298e-04  1.4653e-03 -1.3484e-04  1.0229e-02 -4.9219e-04  4.4349e-03 -4.0014e-03 -7.6270e-03  5.1044e-04
  4.6140e+02  3.6618e-02  1.5826e-02 -2.3831e-02  2.6762e-02  1.6748e-02 -2.5813e-02  4.5674e-02  2.6917e-03 -6.7512e-03  5.2264e-02  3.0755e-02 -2.7258e-02  1.8529e-02  1.0488e-02 -1.8569e-02  1.8640e-02  4.4388e-03 -2.6868e-02  4.2250e-02  1.0018e-02 -1.7045e-02  3.6779e-03  9.3109e-03  2.0317e-02 -1.9105e-02 -6.4734e-03  4.0868e-02 -2.4547e-02 -3.3304e-02  1.1664e-02 -5.3607e-02  4.1180e-02 -9.5535e-02  5.6656e-03  1.5556e-03 -8.4565e-03  4.9457e-02 -2.4765e-02  9.4180e-02 -9.8109e-02  2.0384e-02  2.9445e-02 -3.1116e-03 -8.0787e-04  1.5770e-04  1.1986e-02 -3.1546e-02 -6.6392e-04  1.4052e-02  1.3620e-02  2.4102e-03 -3.8861e-03  1.2829e-02 -2.4870e-03 -6.4970e-02 -4.3564e-02 -1.1529e-02  1.7000e-01 -8.0228e-02  2.3183e-02 -3.3238e-02  1.5059e-02 -4.7062e-02 -1.0042e-01 -6.3224e-01  6.0125e-02  4.5938e-01  7.3398e-02  4.0558e-01  2.0856e-03  4.2905e-02 -8.9268e-03 -2.7700e-02 -2.6838e-01  1.4137e-01 -1.7438e-02 -7.9507e-02  6.0863e-03 -6.0414e-03  9.0393e-04 -1.4023e-03  1.9381e-02 -3.8178e-03  1.0873e-02 -1.6592e-02 -2.3255e-02 -3.1873e-03
  4.9730e+02 -9.2834e-04  7.4849e-03 -3.2362e-02 -7.2200e-02  1.6738e-02 -4.7460e-02  4.4536e-02 -7.9923e-02 -1.7151e-02  9.6117e-02  1.0664e-01 -4.2043e-02 -2.9954e-03  1.9015e-03 -1.8755e-02 -1.3196e-02 -4.3640e-02 -7.5048e-02  8.4721e-02 -1.2672e-02  4.8488e-03 -1.5842e-02  1.1962e-02  3.5443e-02  3.2380e-02  5.5075e-03  1.4359e-02 -6.1173e-02 -3.0659e-02  1.5222e-02 -5.2273e-02 -5.5880e-02 -1.6387e-02  5.2662e-02  1.0113e-02 -3.1483e-02  2.7819e-01 -4.5825e-01  3.1353e-01 -6.5377e-01  1.0226e-01  1.7918e-01  5.1123e-03  1.0377e-03  3.3917e-04 -1.6078e-02  4.3426e-02 -9.5416e-03 -8.2439e-03 -2.4064e-02  6.3921e-03 -8.7858e-03  5.3700e-03 -6.2126e-03  2.6995e-02  4.4442e-02 -1.3468e-03 -1.1834e-01  5.7455e-02 -6.3308e-03  2.3448e-02  9.1424e-04  1.1329e-02 -7.6297e-03  1.4856e-01  4.0298e-03 -7.4954e-02  5.9861e-03 -5.7152e-02  6.1887e-03 -7.8125e-03 -8.0784e-04 -1.2413e-02  7.5297e-02 -1.6583e-02 -4.9220e-03 -3.7633e-02 -1.1430e-02 -4.9987e-03  8.9727e-03 -1.0940e-03  6.1023e-02 -3.6854e-03  3.0895e-02 -3.1905e-02 -5.0059e-02 -1.3673e-02
  5.4385e+02 -1.5178e-01 -5.8259e-02  1.0838e-01 -1.3333e-01 -5.1568e-02  9.9917e-02 -1.6953e-01 -3.4857e-02  2.2293e-02 -1.5517e-01 -5.8491e-02  1.0113e-01 -3.2821e-02 -3.5870e-02  8.5829e-02  7.9339e-02  1.6845e-01  2.2159e-01 -3.4296e-01  6.0727e-03  1.9373e-02  7.6032e-02 -1.1582e-01 -7.9282e-02 -4.3536e-02  3.1129e-02 -8.0753e-02  1.8144e-01  1.2501e-01 -3.4725e-02  1.5611e-01  1.8782e-01  1.0448e-01  4.1459e-02  8.3616e-03 -2.9021e-02  1.9636e-01 -2.6189e-01  2.3915e-01 -4.0861e-01  9.3372e-02  1.3994e-01  9.4228e-03  6.7954e-03 -6.0018e-03 -9.6339e-03  5.3413e-02  6.7231e-02 -4.8265e-02 -8.5551e-02  1.1677e-02 -1.0521e-02  7.7281e-03 -6.5876e-03  1.6335e-02  4.2067e-03  4.6111e-03  6.2612e-02 -4.7422e-02  5.7174e-02 -5.1620e-02 -6.2501e-03 -2.3350e-02 -1.2519e-02 -2.4130e-01 -6.0888e-03  1.2869e-01 -3.1850e-02  8.0578e-02 -2.5928e-03  1.4521e-02 -3.5525e-04  2.9743e-02 -7.5964e-02  5.5099e-03  7.7382e-03 -8.6728e-02  7.5083e-02  1.2549e-02  5.8071e-03  1.0647e-03  1.4509e-02  4.4843e-03  1.1361e-02  1.5036e-02  8.7469e-03  1.3655e-02
  5.8659e+02 -2.7243e-02 -5.9931e-02  3.9537e-02 -3.3412e-01 -4.6765e-02  2.2879e-03  1.2294e-01 -3.5393e-01  1.1731e-02  1.7493e-01  1.9432e-01  9.0311e-02 -9.6036e-02  1.3820e-02  1.1701e-03 -3.7279e-01 -3.6671e-01 -1.2666e-01  2.9687e-01 -7.8016e-02  1.4161e-01 -1.2221e-01  2.0609e-01 -4.7877e-02  8.4608e-02 -5.9450e-02 -5.4785e-02  1.2232e-01 -2.2801e-02  4.2823e-02  1.3164e-01 -5.1135e-02  1.6468e-01 -8.5752e-03 -4.7384e-03  4.8975e-03 -2.8816e-02 -1.4752e-03 -4.6284e-02  2.7241e-02 -2.7815e-02 -2.9414e-02  1.4839e-02  4.6141e-03 -8.9015e-04 -3.5318e-02  1.0571e-01 -7.7117e-03 -2.5182e-02 -6.7727e-02  1.6234e-02 -1.2441e-04  4.2855e-03  1.0793e-04  5.1390e-03 -1.6609e-02  7.1296e-03 -1.8470e-03  7.3307e-03 -1.2806e-02 -2.6435e-02  8.4746e-03 -1.1291e-02  1.2251e-01 -1.9409e-01 -4.2964e-02  4.6576e-02 -1.7177e-02  1.5384e-02 -8.3589e-03  7.2898e-03  3.3657e-03  3.4923e-02  3.8305e-03 -3.5974e-02  6.1638e-03 -8.1133e-02  8.1509e-02 -4.1408e-03  1.6027e-02  2.5042e-03  8.3287e-02  3.9244e-04  2.1043e-02 -4.0527e-02 -5.9929e-02 -3.2750e-02
  6.0340e+02 -1.8497e-03 -1.8088e-03 -9.8933e-04  1.7853e-04 -4.0614e-03  1.5730e-03 -2.5088e-03 -1.4532e-04 -4.9216e-03 -1.2860e-03 -2.0585e-03 -2.0650e-03  1.7018e-03  6.0300e-03  5.3166e-04 -1.8517e-02 -2.0637e-02 -9.2702e-03  3.0613e-02 -1.3865e-03  1.1854e-02 -6.4286e-03  1.2865e-02  5.0881e-04  7.9261e-03 -7.1921e-03 -5.1426e-04 -6.9545e-03 -2.9110e-03 -4.7803e-03  1.0074e-02 -4.6915e-02  1.5135e-02  3.0619e-03 -8.7916e-03 -1.1677e-02  7.5420e-02  1.6468e-01  2.5986e-01 -4.4087e-02  1.3157e-02  2.2677e-02  1.7624e-03  1.4363e-04 -5.6312e-04 -3.7501e-03  1.1719e-02  6.3312e-03 -1.0269e-02 -1.1338e-02 -1.5268e-03 -1.9165e-02  1.0011e-02 -1.9358e-02 -1.7544e-02 -3.4741e-02 -6.4944e-03  6.2678e-01 -3.9079e-01  3.1194e-01  7.9326e-03  3.0788e-05  1.3749e-02  3.3020e-03  1.6473e-01 -6.7254e-03 -7.9357e-02 -5.0280e-02 -1.1418e-01 -3.7637e-02  2.5422e-03 -6.7043e-03  1.2769e-01 -2.3478e-01 -6.3025e-02  5.8143e-02  3.3739e-01  5.2319e-02  6.0218e-04  1.3016e-04 -1.5590e-04 -2.1014e-04  9.4408e-05  2.6928e-03  1.3749e-03  1.3278e-03  1.3481e-03
  6.3067e+02  5.1251e-03 -1.8569e-02 -3.0612e-03 -5.2248e-01  4.4080e-02 -1.1547e-01  2.3084e-01 -4.5917e-01 -1.1451e-01  2.3502e-01  3.7193e-01  2.1573e-01  4.0805e-02  1.6544e-02  1.5798e-02  1.0176e-01  1.3202e-01  9.6703e-02 -7.6183e-02  6.8875e-02 -6.2519e-02  4.1864e-02 -4.0384e-02  1.3758e-03 -4.8233e-02  4.7893e-03  2.8400e-02 -1.8955e-02  2.5835e-03 -3.6004e-02 -1.7438e-02  4.7995e-03 -8.7815e-02 -1.5431e-02 -5.1958e-03  4.6735e-03 -4.9561e-02  3.8239e-02 -6.3943e-02  8.7422e-02 -4.1364e-02 -5.3766e-02  2.2695e-02  4.4801e-03  8.4758e-04 -4.5755e-02  1.3913e-01 -1.7420e-02 -3.9058e-02 -9.0048e-02  1.6512e-02  1.9607e-03 -3.0465e-04  1.7323e-03 -1.3477e-02 -1.0233e-02 -1.8046e-03  1.6416e-02 -3.5026e-03 -9.7391e-03  6.6114e-03 -4.6808e-03 -1.3149e-03 -1.4466e-01  1.0466e-01  4.4188e-02  1.6652e-02  6.3385e-03  1.8115e-02  6.8943e-03 -5.8926e-03  3.1462e-05 -2.3389e-02 -5.2120e-03  2.7656e-02 -3.5272e-03  8.5365e-02 -6.9589e-02 -9.5161e-03  1.9170e-02  3.2323e-03  1.0381e-01 -8.5333e-04  2.3814e-02 -5.5341e-02 -8.0441e-02 -3.3464e-02
  6.5206e+02 -2.2863e-02 -1.0259e-02  2.3857e-02  7.0392e-02 -4.5675e-02  7.4773e-02 -7.4854e-02  8.6608e-02 -8.6398e-03 -8.3944e-02 -1.1154e-01 -3.0579e-02  6.1097e-03  1.7383e-02  2.1105e-02 -5.9682e-02 -8.7552e-02 -3.1600e-02  1.0744e-01 -1.2295e-02  6.8719e-02 -4.8020e-03  6.1732e-02 -2.1609e-02 -2.3236e-02 -3.2642e-02  2.5241e-02  3.5643e-02 -5.5102e-03 -2.5910e-02  5.5420e-02 -3.6710e-02 -1.0775e-01  4.9376e-03  9.8666e-04 -1.9265e-03  2.0252e-02 -6.7900e-03  3.1325e-02 -2.9164e-02  1.1909e-02  1.6236e-02 -1.4634e-03 -1.5036e-03 -1.7787e-03  1.5470e-03 -8.9044e-03 -8.2745e-03  1.0357e-02  1.1646e-02 -1.2301e-03  1.7301e-03 -4.2331e-03  8.7743e-04  3.2998e-03  1.5768e-02 -3.0416e-03 -7.5928e-02  4.2011e-02 -3.0403e-02  1.0078e-02 -1.3654e-02 -2.9030e-02 -7.0010e-01  3.3844e-01  2.0657e-01  1.9778e-01  1.9381e-02  1.4863e-01  3.2264e-02 -2.0870e-02  3.6170e-04 -1.1269e-01 -1.2590e-02  1.3077e-01 -2.4823e-02  2.6052e-01 -2.7510e-01  3.2634e-03 -3.4325e-03 -8.0003e-05 -2.0151e-02  5.6392e-04 -2.4913e-03  1.3654e-02  1.9018e-02  8.3720e-03
  6.6806e+02 -5.3918e-02 -3.5403e-02  4.6828e-02 -2.8485e-02 -1.3445e-01  1.7648e-01 -1.2410e-01  8.8148e-02 -2.0948e-01 -1.8648e-01 -1.9699e-01  1.3192e-02  1.6662e-01  1.0403e-01  1.1032e-01  7.0590e-02 -7.3624e-02 -6.2712e-03  3.5549e-01  7.2575e-02  1.6281e-01  4.5766e-02  1.4249e-01 -6.0176e-02 -1.2400e-01 -8.0419e-02  1.0668e-01 -1.2782e-02 -5.7159e-02 -1.9236e-01  1.6642e-02 -1.1910e-01 -2.6233e-01  1.0754e-02  6.6904e-03 -7.5680e-03  3.8314e-02 -5.4326e-02  3.7279e-02 -7.9112e-02  3.4940e-02  4.1072e-02  6.3071e-03  1.1180e-03 -6.2017e-03 -1.1546e-02  3.9377e-02  8.7203e-03 -1.4615e-02 -3.8170e-02  4.7982e-03 -2.8340e-04 -8.0570e-04  4.0701e-05 -2.1062e-03  2.0398e-02 -5.5277e-03 -4.4548e-02  1.9902e-02 -2.9313e-04 -4.9676e-03  8.4600e-03  3.2096e-02  4.7614e-01 -1.7343e-01 -1.3565e-01 -1.9255e-01  3.8205e-03 -1.1443e-01 -1.2815e-02  8.8825e-03 -1.6485e-04  3.8412e-02  4.5736e-02 -6.1908e-02  4.2819e-03 -1.6594e-01  1.2681e-01  5.3937e-03 -2.1993e-03  1.4648e-03 -1.1424e-02  4.8233e-04  7.5861e-03  1.6612e-02  1.9319e-02  1.7199e-02
  7.5325e+02 -5.3671e-03 -1.9614e-03  7.5893e-05  3.2853e-02 -5.4047e-03  5.4461e-03 -1.7091e-02  2.1932e-02  8.2013e-03 -5.0994e-03 -1.0602e-02 -2.2790e-02  3.8195e-04 -3.0408e-03  7.7538e-04  2.3879e-03 -3.1256e-03 -4.2600e-03 -4.8444e-03 -4.8962e-03  1.6542e-03  1.7564e-03  1.5658e-03  3.2410e-03  1.8187e-03 -4.3898e-03  2.5072e-03 -1.0184e-04  1.7751e-03 -5.0056e-03  5.5067e-03 -1.1263e-02  3.7331e-04  7.8458e-03  2.1523e-02  2.1750e-02 -1.4553e-01 -5.8534e-01 -6.5656e-01 -5.8647e-02  1.3908e-02  1.8152e-02 -1.1413e-04 -3.4655e-04  2.5443e-04 -2.6091e-03  4.5770e-03 -2.1229e-03 -2.6548e-03  1.1696e-03 -2.3396e-03  6.1981e-03  3.0618e-02  2.2321e-02 -2.1102e-01 -1.4714e-01 -1.6710e-02  3.0143e-01 -8.3428e-02 -7.0422e-02  1.5296e-04  4.6380e-04  9.5280e-04  4.4647e-03  1.3228e-02 -1.8952e-03 -8.8860e-03 -6.5101e-03 -1.4353e-02 -9.2319e-03 -2.7824e-03  4.2796e-03  3.1570e-02 -4.0737e-02 -1.9129e-02  1.3935e-02  1.4907e-01 -1.8003e-02  5.9036e-04 -3.4350e-04  8.0393e-05 -1.2353e-03  2.5787e-04 -2.6026e-03  9.8411e-04  8.4585e-04  3.4544e-04
  8.9161e+02  3.2361e-02  2.2080e-02 -4.8183e-02 -1.4027e-01 -8.4296e-02  9.3372e-02  4.7773e-03  6.3796e-02 -4.7810e-01 -1.0926e-01 -1.0515e-01  1.3868e-02  2.4460e-01  1.2161e-01  1.4788e-01  3.0125e-01  1.0137e-01  2.4788e-02  3.5194e-01  1.5417e-01  1.1159e-01 -1.7954e-01 -7.6790e-02 -6.1783e-02 -7.4625e-02 -6.9685e-02 -2.2279e-01 -3.2862e-02 -5.9798e-05  1.9647e-01 -8.9166e-02  1.0265e-01  4.0985e-01  5.7183e-03  1.1948e-03 -4.1586e-04  6.8614e-03 -4.0770e-02 -1.8424e-02 -2.8504e-02  5.3333e-03  9.5553e-03  3.0280e-03  3.6440e-03 -1.0706e-03 -2.4477e-03  1.6549e-02  1.5330e-02 -1.2004e-02 -1.6237e-02  1.5761e-03  3.2259e-04  1.2061e-03  7.2233e-04 -4.9657e-03 -4.3178e-03  9.5641e-04  3.6670e-03  4.1674e-04 -3.8379e-03  4.9907e-03 -1.7242e-03 -1.3452e-02 -9.1496e-02  2.1656e-02  2.3264e-02  5.4719e-02  5.5888e-03  3.4432e-02  2.9625e-03 -9.4562e-04  5.0158e-04 -3.9673e-03 -2.3184e-03  6.4181e-03  2.3018e-03  1.7121e-02 -1.1950e-02 -2.1443e-03 -1.3497e-03  2.3624e-03  2.5257e-03 -1.7182e-03  4.2325e-03 -5.1003e-04  4.9297e-04  5.4039e-03
  9.6786e+02  7.6787e-03  2.9290e-03  2.4303e-03 -2.9963e-02 -2.2630e-01  3.0912e-01  9.8192e-02 -1.7380e-01 -3.6776e-02  1.3945e-01 -6.1419e-02 -3.3007e-01 -8.0535e-02  1.3597e-01  4.7434e-03 -1.4019e-01 -2.2932e-01 -4.8688e-01  2.9858e-01 -1.5754e-01  4.3541e-01  7.2291e-02 -1.5206e-01  2.0562e-02 -1.9346e-02  3.2781e-02 -4.4542e-03 -5.3101e-03  2.9502e-02 -1.0809e-02  3.1206e-02 -5.8065e-02 -3.7648e-03 -3.7800e-03 -2.5417e-03  6.7227e-03 -2.0162e-02  2.9646e-02 -2.2710e-02  3.6004e-02 -9.8747e-03 -1.0633e-02  2.6280e-03  1.7124e-03 -5.3318e-03 -1.9533e-04  1.1210e-02  2.2928e-02 -6.9909e-03 -1.7526e-02  2.0521e-03  1.0209e-03 -1.3560e-04 -4.7691e-05 -3.7836e-03 -1.6674e-03 -1.3289e-03  6.5332e-03 -1.6988e-03  8.9698e-04 -1.5082e-03  2.5931e-03 -4.4520e-04  3.6848e-03 -1.0639e-02 -1.2034e-03  9.7379e-03 -2.5017e-03  2.4841e-03  1.5749e-04  1.1197e-03  2.5132e-04  3.3430e-03 -1.8331e-03 -1.8814e-03 -4.8339e-04 -7.2055e-03  3.9880e-03 -1.6479e-03  3.1967e-03  5.2745e-04  1.7061e-02  2.4426e-04  3.5297e-03 -9.5701e-03 -1.3657e-02 -4.5974e-03
  1.0455e+03  4.2789e-03 -2.9946e-03 -1.3080e-02  7.2269e-03  3.0572e-02 -5.6476e-02 -8.9765e-03  2.2602e-02 -2.3788e-02 -8.5979e-03  9.5189e-03  2.5398e-02  4.9076e-03 -1.6006e-02  1.9010e-02  1.2716e-02  1.0848e-02  4.9420e-02 -3.0134e-02  1.1990e-03 -5.3113e-03  2.6755e-04 -7.2589e-03 -4.8805e-03 -5.2106e-03  8.6465e-03 -8.1037e-03 -2.1267e-02  4.6678e-02  8.3589e-03  3.8446e-01 -9.0886e-01  4.6081e-02 -3.7892e-04  3.6738e-04 -7.8127e-04 -6.2489e-04  2.2804e-03  2.7932e-03  2.8038e-03  1.2441e-03  6.3443e-04 -2.2384e-04  6.6441e-04  7.2461e-04  3.2133e-03 -6.0253e-03  3.5438e-03 -2.6485e-03 -1.0134e-04 -9.4260e-04  1.9191e-03 -1.3807e-03  6.1950e-04 -2.4781e-02  5.9473e-03 -1.0194e-02 -2.2170e-02  9.3579e-03  3.6417e-03 -7.2499e-03  2.0834e-02 -5.1351e-03 -5.4204e-03 -5.3231e-02  1.2897e-03  6.7418e-02 -1.3750e-02  2.0136e-02  1.1754e-03  1.7456e-03  1.1332e-03  2.8233e-03  1.2027e-03 -2.7037e-04 -2.2944e-03 -2.0390e-02  6.9419e-03 -3.8890e-05 -3.0383e-04  2.0558e-05 -1.5927e-04 -2.0434e-04 -1.6172e-04  4.3492e-04  3.8785e-04  9.7568e-04
  1.0833e+03  6.4563e-02  6.7231e-02 -2.2794e-01 -4.5711e-02 -2.7250e-02 -1.1391e-01  6.1433e-02  8.6251e-02 -4.8027e-01 -4.2785e-02  6.0301e-03 -1.3300e-01 -9.7590e-02 -8.0383e-02  2.6434e-01 -2.8496e-01 -2.1764e-01  3.8713e-01 -2.9588e-01 -1.7126e-01  3.9798e-01  5.9971e-03  7.1023e-03  2.8561e-03  1.5704e-02  8.5424e-03  3.5076e-02  3.4577e-02  2.7614e-03 -4.2853e-02 -1.3818e-02  1.2991e-01 -1.8497e-02  2.9782e-03 -1.7310e-03  6.9728e-04  2.8619e-03  4.9678e-04  1.1109e-03 -4.3779e-04 -6.9970e-04  1.1149e-03  1.3058e-03  2.5168e-03  1.1199e-03 -1.6385e-03  7.7095e-03 -1.5571e-03 -2.3037e-03 -2.0624e-03  9.0822e-04  2.5966e-06  2.3325e-04 -3.0830e-04  5.6587e-03 -3.2718e-03  2.8595e-03  2.2877e-03 -2.7087e-03  4.1109e-03  1.5117e-04 -2.0412e-03  7.2019e-04 -9.1836e-04 -1.7569e-03  7.3574e-04 -1.0934e-02 -3.1508e-03 -9.3049e-03 -2.8301e-04  9.7962e-06  5.2988e-04  2.3552e-03 -9.1707e-04 -2.2139e-03 -1.2876e-03  6.2794e-04 -3.0562e-03 -2.6424e-03 -1.4457e-03  1.8441e-03 -1.9608e-04 -1.6033e-03  6.7322e-04 -2.2057e-03 -6.9465e-04  1.1796e-03
  1.1497e+03  1.9213e-02  4.5102e-02  4.3912e-02 -1.9220e-01 -2.3374e-01  3.9727e-01  9.5596e-02 -1.1370e-01 -3.5451e-01 -5.2690e-02 -1.9322e-01 -1.9484e-01  2.0213e-02 -5.4122e-02 -7.3563e-02  2.3479e-01  1.5420e-01 -1.2719e-01 -5.2986e-01 -2.6825e-01  2.2103e-01 -6.5029e-03  7.6623e-02 -2.1295e-02  9.9097e-03 -7.7968e-03  7.3522e-03 -1.2713e-02 -9.4057e-03  2.9954e-02  3.1740e-03 -4.6092e-02 -4.8199e-02  2.3596e-03  3.4834e-04  1.6796e-03 -1.9748e-04  9.3260e-03 -3.3160e-03 -1.4676e-02  4.0571e-03  5.4268e-03  4.2133e-03  1.1626e-03 -4.1269e-03 -7.7110e-03  2.8293e-02  8.7645e-03 -1.1189e-02 -2.3920e-02  3.2324e-03  3.6762e-04  2.2719e-04 -3.6655e-04 -3.0755e-03 -2.2598e-03  1.1492e-04  5.8461e-04 -3.6345e-04  4.1192e-03  9.8685e-05  5.4012e-04  1.6783e-03  4.6971e-03 -1.6150e-03 -6.4645e-05 -7.8833e-03 -2.5350e-03 -6.3023e-03 -3.0205e-04  5.9277e-04  1.0846e-03  9.0423e-03 -3.4012e-03 -8.3537e-03 -3.7221e-03 -3.6660e-03 -4.4246e-03 -1.8917e-03  2.3336e-03  1.9712e-03  1.8306e-02 -1.1001e-04  3.4908e-03 -5.5867e-03 -7.1441e-03  5.3158e-04
  1.1753e+03  6.4458e-02 -4.9008e-04  5.5578e-02 -2.8619e-01  3.9006e-02 -1.4047e-02 -5.6908e-02  2.2408e-01 -4.7969e-01 -2.8374e-01 -1.8874e-01  3.5378e-01 -1.7761e-02  3.6156e-02 -9.3269e-02 -4.7093e-01 -2.5390e-01  2.4393e-01  5.6600e-02  3.2276e-02 -9.5919e-02  4.7860e-02 -4.4046e-02 -1.2710e-03 -2.5388e-03  9.4853e-03  1.2701e-03 -1.5289e-02  3.5194e-03  2.3481e-02 -1.6613e-02  6.9490e-05 -6.5945e-02  3.2878e-03  5.5217e-03 -4.7007e-03  1.3389e-02 -3.7273e-02  7.0650e-04 -2.6927e-02  1.3052e-02  1.1979e-02  4.3814e-03  1.7125e-03  8.4409e-04 -1.2000e-03  1.1009e-02 -7.9712e-03 -1.9335e-02 -2.5978e-02 -3.5813e-04  2.3889e-04  3.5009e-04  7.7036e-05 -9.4093e-03 -3.4091e-03 -1.1046e-03 -2.2417e-03  5.1628e-05  5.3305e-03 -3.4388e-04  2.1159e-04  2.0851e-03  6.6816e-03 -3.7326e-03 -4.2116e-04 -9.0767e-03 -2.9481e-03 -6.3503e-03 -2.2052e-04  8.9803e-04  1.2291e-03  1.0922e-02 -5.9564e-03 -9.5239e-03 -5.5598e-03 -8.3340e-03 -7.1303e-03  3.6146e-04 -2.8974e-03  2.0129e-03 -2.5073e-03 -1.4351e-03  1.6463e-03  9.7137e-03  1.4536e-02  7.1692e-03
  1.2739e+03 -6.7538e-02 -3.6437e-02 -3.6308e-02  2.4305e-01  7.2283e-03 -1.0712e-01 -3.4306e-02 -6.5554e-02  3.3632e-01  1.2107e-01  2.1742e-01 -9.0858e-03  4.8135e-02  4.1492e-02  1.1712e-03 -3.0452e-01 -2.3716e-01  1.9171e-01 -2.9539e-01 -1.3876e-01  2.6587e-01  2.2322e-01  8.3206e-02 -1.5074e-01 -5.2426e-02 -3.3148e-02 -5.8910e-02 -7.3127e-02 -1.3566e-02  1.8250e-01 -6.2565e-02  5.6023e-03 -4.8682e-01 -2.5367e-03 -4.9136e-04  8.8962e-04 -8.3764e-03  8.0534e-03 -4.9390e-03  4.2891e-03 -5.7567e-03 -8.3092e-03 -2.0924e-03 -2.5211e-03  3.4842e-04  1.3315e-03 -1.1447e-02  8.6762e-04  2.5178e-03  1.2024e-02 -6.8741e-03  4.4078e-04  3.5022e-04  2.7203e-05 -8.5493e-03 -4.2256e-03 -1.9164e-03  1.0134e-03 -2.0054e-03  4.3752e-03  3.8978e-03 -1.9426e-03  1.0627e-02  6.3421e-02  2.9243e-02 -1.4911e-02 -3.0347e-02  1.0658e-02 -8.5770e-03 -3.9643e-04 -1.4548e-03 -1.7501e-03 -1.0557e-02  1.1543e-02  7.0333e-03  9.4353e-03  1.0279e-02  2.0373e-02  1.3985e-03  7.6587e-04 -4.3502e-04 -2.3694e-03  1.3023e-03 -3.7241e-03 -4.2127e-04 -1.5269e-03 -4.4419e-03
  1.3768e+03  4.6921e-02 -9.3669e-02 -6.2361e-03 -3.5176e-03  1.9203e-01 -3.9854e-01 -1.0759e-01  2.0663e-01 -1.6326e-02 -1.0204e-01  1.4630e-02  4.3090e-01 -2.5183e-02  7.1277e-02  7.9350e-03  2.2786e-01  9.4084e-02 -4.3582e-01 -2.8825e-01 -1.8873e-01  3.9374e-01 -1.0597e-02  1.4640e-02 -5.7102e-03  4.7730e-03  6.1380e-04  9.1840e-03 -5.7668e-04 -3.9159e-03 -7.6376e-03 -1.4351e-02  2.5028e-02  9.4277e-02 -4.3583e-04  3.0137e-03 -4.1217e-03  1.1962e-02 -2.6280e-02  1.1513e-02 -2.8806e-03  3.7941e-03  2.0679e-03 -6.0918e-04  2.5703e-04  3.8421e-03  3.2123e-03 -1.3285e-02 -1.7555e-02 -4.1317e-03  1.8356e-03 -3.2554e-03 -8.5632e-05  3.4433e-04 -3.0176e-04  1.0270e-04 -2.7824e-03  5.1501e-04 -4.8488e-03 -3.5804e-04  4.4586e-03  2.1760e-04 -3.9085e-04 -1.5625e-03 -9.2805e-03 -2.6049e-04  2.4498e-03  2.5521e-03  4.6541e-04  2.2401e-03  1.8483e-04 -1.2042e-04 -1.0268e-05 -1.0532e-03 -3.4369e-05  1.0654e-03 -6.1145e-07  8.1403e-04 -1.4783e-03  8.4872e-04 -2.1617e-03 -9.4536e-05 -8.4050e-03 -5.1267e-04 -2.5898e-03  6.2461e-03  8.8568e-03  3.6379e-03
  1.4120e+03 -4.3422e-02 -5.5175e-03 -7.9599e-03  1.8874e-01 -6.1853e-02  6.7180e-02 -3.9287e-03 -6.2736e-02  1.0540e-01  9.6576e-02  1.6370e-01 -5.9093e-03  1.3144e-01  5.6595e-02 -4.5630e-02 -3.4191e-01 -3.5524e-01  1.2924e-01 -4.5149e-01 -4.8368e-02  8.6685e-02 -3.7847e-02 -2.8077e-02  5.2355e-03  1.9423e-02  1.6981e-02  3.8987e-02 -1.4566e-02 -9.2657e-03 -5.6717e-02 -2.7291e-02  2.9787e-04  6.2505e-01 -2.4858e-03 -5.7509e-04  3.7462e-04 -9.9885e-04  4.7707e-03  4.7257e-03  1.1980e-02 -3.5673e-03 -5.3303e-03 -2.3128e-03 -2.4567e-03 -1.8929e-03 -1.1646e-03  7.7168e-04  1.6184e-02  1.8497e-02  1.7281e-02  1.7276e-03  5.7509e-04 -8.5165e-04  5.1518e-04  4.4042e-04  2.9739e-03 -1.9336e-03 -9.8008e-03  5.5168e-03 -5.1756e-03 -5.7797e-04 -1.0703e-04 -1.0733e-02 -4.2240e-02  5.2221e-03  7.5187e-03  4.2880e-02  7.3032e-03  3.1949e-02  1.6384e-03 -1.0500e-03 -1.7348e-03 -2.0498e-02  7.5283e-03  1.8432e-02  7.8348e-03  8.6537e-03  1.0694e-02  2.1907e-04  5.0638e-04  3.7439e-04 -4.9607e-03  5.9189e-04 -1.9161e-03 -4.1286e-03 -6.2380e-03 -3.7095e-03
  1.4757e+03  1.4133e-02  8.3483e-03  1.0971e-02 -1.1363e-01  3.0391e-02 -2.1573e-02  1.8683e-03  1.3710e-02 -5.0723e-02 -3.6962e-02 -9.7076e-02 -6.8168e-02 -8.4746e-02 -4.3991e-02  1.9653e-02  1.3461e-01  1.8220e-01 -4.0062e-03  2.8543e-01  2.4741e-02 -7.5753e-02  1.5201e-01  5.5827e-02 -1.2630e-01 -1.3414e-02 -2.4686e-03  2.9491e-02 -6.6654e-02 -2.7422e-02  8.3924e-03 -8.2398e-02  2.0704e-02  8.6896e-01  1.5766e-03  1.3358e-04  3.7857e-04 -4.5733e-03  4.4164e-03 -7.4684e-03 -1.0770e-02  1.9598e-03  3.3439e-03  1.8397e-03  1.6762e-03  1.1571e-03  1.2576e-03 -2.4620e-03 -1.2815e-02 -1.6236e-02 -1.5064e-02 -2.4592e-03  1.7093e-03  8.2949e-04 -8.2669e-04 -1.5457e-02 -1.8220e-02 -8.1892e-04 -1.4753e-02  1.9883e-03  1.8597e-02  2.3881e-03  6.2951e-04 -1.2339e-02 -4.6193e-02  7.6181e-03  1.1194e-02  4.5116e-02  5.7413e-03  2.9737e-02  1.1637e-03 -1.6915e-05  1.4478e-03  6.8266e-03 -2.8814e-03 -4.0527e-03 -3.6037e-03  5.8131e-03 -6.2982e-03  1.8750e-04  1.0441e-04 -2.4049e-04  1.3959e-03 -6.1210e-05  1.8146e-03  8.2742e-04  6.6797e-04  2.0130e-03
  1.5003e+03  9.4298e-03  7.2166e-03  2.4393e-02  1.0540e-03  5.4452e-02 -2.5579e-02  9.9440e-03 -1.8808e-03 -1.6120e-01  4.2503e-02 -3.2266e-02 -7.8362e-02 -2.8792e-03 -1.3158e-02  8.5104e-02 -4.6020e-03 -3.8420e-01 -5.5868e-01 -3.1690e-01  3.7048e-01 -5.0083e-01  2.5006e-02  6.5524e-03 -2.5013e-02 -2.4059e-03 -2.4342e-04  2.8311e-03 -4.4424e-03 -1.1496e-03  1.5535e-02 -6.3264e-03  1.2132e-03 -4.4245e-02  1.2393e-03 -1.1655e-03  3.4116e-04 -4.0493e-03  1.0889e-02 -4.2784e-03 -1.0607e-02  2.7208e-04  2.0936e-03 -5.9119e-06  1.2045e-03  5.5074e-04  3.0166e-03 -6.3521e-03 -4.6244e-03 -7.3229e-03 -4.9257e-03 -1.6797e-03 -1.0016e-04  2.0622e-04 -3.8615e-04 -2.5765e-05 -2.7663e-03  1.1862e-03  1.9213e-03 -1.3826e-03  3.3641e-03  3.7699e-04  3.6743e-04  1.0536e-03  1.8902e-03 -3.8543e-03  1.1975e-03 -6.6866e-03 -3.6691e-03 -7.7827e-03 -3.4875e-04  4.7411e-04  1.1947e-03  1.0146e-02 -3.7621e-03 -8.5926e-03 -4.6356e-03 -3.7278e-03 -7.3293e-03 -2.1358e-03 -9.9069e-04  3.4625e-04  1.5018e-02 -2.1009e-03 -7.0093e-04  5.3316e-03  1.2546e-02  9.4283e-04
  1.5805e+03  3.1947e-02  2.2736e-02 -8.6432e-02 -1.3022e-01 -3.8909e-01  4.4823e-01  3.8529e-02  1.8925e-02  4.3775e-01 -3.0253e-01  4.0342e-02  5.1388e-01 -1.0080e-02 -6.7559e-03  1.4633e-02  2.5204e-02 -4.3077e-02 -1.1375e-01 -2.6981e-02  6.9177e-02 -9.7331e-02  1.3383e-02  8.7804e-03  8.1850e-03 -8.3031e-03 -4.7354e-03 -1.0174e-02 -1.0875e-03  1.4954e-04 -2.1496e-04  1.4366e-03 -1.1486e-02  3.4987e-02 -1.8629e-03  5.1442e-03 -5.2563e-03  2.4906e-02 -5.2907e-02  2.7927e-02  1.7156e-02  7.3207e-03 -6.5139e-04  2.1717e-03 -5.8976e-04 -4.1255e-03 -6.3633e-03  2.1653e-02  1.5695e-02  2.1767e-03 -9.4312e-03  2.2603e-03  1.8100e-03  1.7224e-03 -1.7676e-03 -1.7554e-02 -2.5867e-02 -2.5118e-05 -1.9155e-02 -5.1918e-04  2.9041e-02  5.9921e-03  6.4784e-03  1.6256e-03 -5.7536e-02 -7.1662e-02  3.0209e-02 -4.3247e-02 -3.1054e-02 -6.6283e-02 -4.7822e-04  3.3563e-03  6.8806e-03  5.4871e-02 -2.3278e-02 -4.1353e-02 -3.1973e-02 -2.7512e-02 -6.3222e-02  4.4007e-03  2.1038e-03 -1.2424e-03 -3.9428e-02  5.3920e-03  1.7518e-03 -1.4431e-02 -3.3236e-02 -3.3408e-03
  1.6287e+03  1.1927e-03  5.0110e-04 -7.6245e-03  7.7748e-02 -9.4550e-02  1.2191e-01 -7.1779e-03  2.3364e-02 -7.1209e-02  1.7672e-03  9.9057e-02  1.4107e-01 -1.4445e-02 -7.5167e-03  1.3547e-03  2.5947e-02  1.6810e-02 -3.4851e-02  2.6136e-02  1.7349e-02 -3.4444e-02  2.1644e-03  1.3911e-03  2.3315e-04  1.8496e-03  1.2887e-04 -7.5841e-04  2.0980e-03  1.0111e-03 -4.5098e-05 -4.4391e-03 -1.0670e-02 -8.4441e-03 -3.5204e-03  2.0883e-03 -1.6202e-03  1.6085e-02 -3.2865e-02  2.0940e-02  2.9912e-02 -9.8573e-04 -5.3613e-03  6.8921e-04  1.5278e-03  2.8632e-04  4.7311e-03 -1.1957e-02 -1.1579e-02 -1.8041e-02 -1.4139e-02 -3.4493e-03  5.4164e-03  5.2463e-03 -4.8045e-03 -4.5384e-02 -6.7991e-02 -4.3674e-04 -3.1502e-02 -9.3635e-03  7.9036e-02 -2.0331e-02 -1.9454e-02 -5.4378e-03  1.7864e-01  2.1494e-01 -1.0109e-01  1.4212e-01  9.1130e-02  2.1489e-01  9.1346e-03 -2.4172e-02 -5.6618e-02 -4.5052e-01  1.6991e-01  3.4111e-01  2.5990e-01  2.1285e-01  5.3176e-01 -1.7767e-03 -1.1482e-03  1.3850e-04  1.7963e-02 -2.5517e-03 -1.6114e-03  7.9781e-03  1.7487e-02  1.6325e-03
  1.6430e+03 -6.1878e-03 -2.2218e-03 -1.1605e-04  1.6508e-01 -7.1783e-02  8.4360e-02 -8.3694e-03 -1.2963e-03 -1.4856e-01  3.8826e-02  1.4661e-01  1.4618e-01 -1.5830e-02 -6.2753e-03 -9.8127e-04  2.7201e-02  2.9498e-02 -2.0296e-02  3.7453e-02  7.5911e-03 -2.0317e-02  3.8973e-03  1.5413e-03 -2.3063e-03 -5.7893e-04  7.1220e-04  5.8652e-04  1.2783e-03  5.6078e-04  7.7468e-04 -3.7593e-03 -1.1109e-02 -2.1557e-03 -3.4689e-03  2.3014e-03 -1.8076e-03  1.4109e-02 -3.7004e-02  2.5947e-02  3.7434e-02 -2.8697e-03 -8.7823e-03 -1.3251e-02 -2.9105e-02 -2.3070e-02 -8.7587e-02  2.1754e-01  2.9361e-01  2.9938e-01  2.2095e-01  5.8755e-02 -8.5566e-03 -6.5768e-03  6.4691e-03  6.3947e-02  9.5774e-02  1.1789e-03  6.6783e-02  8.2155e-04 -1.0425e-01 -3.2172e-02 -3.1413e-02 -1.1437e-02  2.7430e-01  3.7008e-01 -1.4966e-01  2.3131e-01  1.4584e-01  3.4170e-01 -7.0937e-03  8.5988e-03  2.2690e-02  1.9920e-01 -6.0808e-02 -1.6016e-01 -1.0390e-01 -8.6534e-02 -2.0957e-01 -7.4854e-03 -4.0740e-03  4.8960e-04  7.7665e-02 -1.0563e-02 -7.1082e-03  3.1024e-02  7.0799e-02  4.0734e-03
  1.6457e+03 -1.1553e-02 -5.2021e-03  1.0876e-02  2.0378e-01 -3.4397e-02  4.3315e-02 -1.6221e-02 -8.2642e-03 -2.1597e-01  8.0244e-02  1.6077e-01  1.0173e-01 -1.6089e-02 -5.9859e-03 -3.9393e-03  2.5978e-02  3.7863e-02 -5.9592e-03  4.8055e-02 -1.6145e-04 -1.1244e-02  6.4380e-03  1.9131e-03 -3.0654e-03 -9.6294e-04  6.7207e-04 -2.3098e-04 -3.1752e-03 -1.3089e-03  1.7618e-03  2.9454e-03  9.6042e-03  4.3253e-03 -6.1078e-03  3.1515e-03 -1.9081e-03  2.3365e-02 -5.1758e-02  3.8529e-02  6.0611e-02 -4.8247e-03 -1.3057e-02 -1.6066e-02 -3.4800e-02 -2.7401e-02 -1.0400e-01  2.5785e-01  3.5393e-01  3.5937e-01  2.6551e-01  7.0820e-02  3.2741e-03  3.2658e-03 -2.5980e-03 -2.7000e-02 -4.0196e-02 -9.8905e-04 -2.9926e-02 -5.7822e-04  4.0143e-02  2.9942e-02  2.9137e-02  1.0396e-02 -2.5307e-01 -3.4157e-01  1.3914e-01 -2.1411e-01 -1.3446e-01 -3.1747e-01  4.6196e-03 -4.5823e-03 -1.2237e-02 -1.1176e-01  3.0880e-02  9.3516e-02  5.7962e-02  5.0814e-02  1.1585e-01 -1.1427e-02 -6.1817e-03  6.9679e-04  1.1983e-01 -1.6261e-02 -1.0701e-02  4.7848e-02  1.0891e-01  6.6273e-03
  1.6636e+03  6.9965e-03  6.4509e-03 -1.1897e-03 -1.3933e-01  6.5092e-02 -9.5921e-02  4.5729e-02 -4.0048e-02  1.1443e-01 -9.0784e-02 -1.5949e-01 -6.2666e-02  7.3646e-03  5.8105e-03  3.3631e-03 -1.7757e-02 -2.6603e-02 -4.2686e-03 -3.2056e-02  3.1701e-03  6.2091e-03  2.0198e-03  7.0917e-04  5.1576e-03 -2.1753e-03 -1.0008e-03 -2.9559e-03  3.8308e-04  3.2940e-04 -5.5518e-04 -2.4127e-04 -4.2876e-03  1.8362e-03  2.4978e-02 -1.6241e-02  7.2237e-03 -1.1443e-01  2.4921e-01 -1.7704e-01 -2.7553e-01  1.7790e-02  5.8431e-02 -8.6358e-03 -2.1431e-02 -1.6450e-02 -6.8167e-02  1.7090e-01  2.2051e-01  2.2490e-01  1.6227e-01  4.5540e-02 -2.3769e-03 -3.0789e-03  3.0496e-03  2.8944e-02  3.9875e-02  1.3342e-03  2.7194e-02  2.4443e-04 -4.6873e-02 -1.5957e-03 -1.1038e-03 -2.8418e-04  1.2620e-02  1.0052e-02 -6.9026e-03  8.4617e-03  5.2758e-03  1.3741e-02  1.4148e-03 -3.7905e-03 -8.2470e-03 -6.8831e-02  2.5134e-02  5.1475e-02  3.9357e-02  3.4755e-02  8.0574e-02  4.6588e-02  2.6297e-02 -1.0023e-03 -5.0878e-01  6.9984e-02  4.9539e-02 -2.0995e-01 -4.7286e-01 -2.9805e-02
  1.6685e+03  3.2419e-03  3.0592e-03 -8.5259e-03 -7.4735e-03 -2.4532e-02  2.7117e-02  6.0589e-03 -1.1720e-02  4.4302e-02 -3.2221e-02 -7.3728e-03  6.7531e-02 -1.6419e-03  8.6143e-04 -8.2189e-06 -1.8079e-04  6.8171e-04 -4.4267e-03 -2.7724e-04 -5.0339e-04  1.2868e-03  4.5780e-03  1.5617e-03  3.4627e-03 -1.9646e-03 -9.6822e-04 -2.3763e-03 -8.9463e-04  2.5610e-04 -9.7115e-04  1.2536e-03 -1.0934e-02  1.8348e-02  3.4728e-02 -2.2003e-02  8.7235e-03 -1.6422e-01  3.3531e-01 -2.3833e-01 -3.7674e-01  2.2183e-02  7.6861e-02  1.4479e-03  2.8388e-03  2.0693e-03  8.5778e-03 -2.1179e-02 -2.9410e-02 -3.0866e-02 -2.3031e-02 -6.1119e-03 -2.9452e-02 -2.3862e-02  2.7043e-02  2.4696e-01  3.7010e-01  4.4919e-03  2.4032e-01  6.3216e-03 -4.3615e-01  2.8429e-03  4.0271e-03  5.8962e-04 -2.3843e-02 -5.4598e-02  1.6071e-02 -2.4674e-02 -1.4476e-02 -3.5828e-02  4.6501e-04 -5.1163e-03 -6.9139e-03 -7.0937e-02  2.3031e-02  5.3730e-02  4.2052e-02  5.2556e-02  7.7101e-02 -2.5817e-02 -1.4255e-02  2.8548e-04  2.8562e-01 -3.8867e-02 -2.6714e-02  1.1648e-01  2.6336e-01  1.5958e-02
  1.6725e+03 -1.3889e-02 -1.0240e-02  7.4925e-03  2.3589e-01 -8.2672e-02  1.1995e-01 -3.6359e-02  4.6963e-02 -2.5067e-01  1.2197e-01  2.3103e-01  1.2216e-01 -1.7885e-02 -9.6754e-03 -3.7716e-03  3.3171e-02  3.9040e-02 -1.5479e-02  5.0559e-02  5.8207e-03 -2.3775e-02  4.6728e-03  1.4096e-03 -8.0161e-03  1.4631e-03  1.0356e-03  2.7818e-03 -2.2002e-03 -4.1889e-04  2.4033e-03  1.3781e-03 -4.6135e-03  4.1646e-03 -1.8953e-02  1.3411e-02 -6.9938e-03  8.3757e-02 -2.0999e-01  1.4851e-01  2.2564e-01 -1.4120e-02 -4.7675e-02  4.3879e-03  1.3057e-02  9.8243e-03  4.3233e-02 -1.1062e-01 -1.3568e-01 -1.3730e-01 -9.7230e-02 -2.8169e-02 -2.7567e-02 -1.9207e-02  2.3137e-02  2.0889e-01  3.2089e-01  2.6134e-03  2.0908e-01  4.4275e-03 -3.7864e-01  5.7627e-03  6.2708e-03  1.5142e-03 -4.5581e-02 -7.7590e-02  2.8450e-02 -4.2677e-02 -2.5226e-02 -6.3543e-02 -9.3974e-04 -1.3685e-03  1.1443e-03 -2.6219e-03 -2.4624e-03  3.4136e-03  3.9034e-03  1.9393e-02 -8.9930e-04  2.9525e-02  1.6088e-02  6.0673e-05 -3.3234e-01  4.4776e-02  3.1594e-02 -1.3509e-01 -3.0527e-01 -1.7630e-02
  1.6887e+03  2.0651e-02  1.1879e-02 -4.5840e-03 -3.2682e-01  1.1222e-01 -1.5907e-01  5.0385e-02 -4.4181e-02  2.9820e-01 -1.5956e-01 -3.1139e-01 -2.1817e-01  2.0049e-02  8.5312e-03  6.6421e-03 -4.2145e-02 -5.6813e-02  9.5919e-03 -7.3239e-02 -1.3057e-03  1.9327e-02  7.8831e-03  6.9369e-03  1.8353e-02 -6.7716e-03 -5.5697e-03 -1.1778e-02 -2.5651e-05  1.6930e-04 -2.1093e-03 -1.4465e-03 -9.1654e-03  2.3889e-02 -2.7860e-02  2.3078e-02 -9.3480e-03  1.4775e-01 -3.3660e-01  2.3108e-01  3.4650e-01 -1.5472e-02 -6.9271e-02 -3.9365e-03 -1.2894e-02 -9.6474e-03 -4.4310e-02  1.1421e-01  1.3670e-01  1.3747e-01  9.5912e-02  2.8528e-02 -1.9311e-02 -1.2114e-02  1.5489e-02  1.3798e-01  2.1674e-01  2.4957e-03  1.4718e-01  8.2365e-04 -2.5544e-01 -2.1966e-03 -8.9525e-04 -6.8236e-04  1.4716e-02  4.0569e-03 -7.3120e-03  9.2095e-03  5.3176e-03  1.5282e-02  1.1296e-03 -5.4590e-03 -1.0071e-02 -8.8880e-02  2.9315e-02  6.5941e-02  5.2704e-02  5.4780e-02  1.0396e-01 -7.4337e-03 -3.8307e-03 -4.9514e-04  9.0205e-02 -1.1753e-02 -9.0753e-03  3.6699e-02  8.2073e-02  4.0017e-03
  1.7559e+03 -1.7263e-02  3.6688e-02  2.5773e-03  4.3523e-01  1.5276e-01 -1.2315e-01  3.2214e-01 -6.1814e-01 -1.0126e-01 -4.0030e-01 -2.5314e-01  1.9772e-01 -9.0887e-03  1.0761e-02  1.6010e-04 -9.1040e-03  9.0888e-03 -1.5982e-02  2.3366e-02  4.8261e-03  1.9347e-02  1.8381e-03 -1.0631e-03  6.5773e-04  3.5642e-04 -1.0366e-03 -9.9600e-04 -3.7600e-05  1.7374e-04 -7.3628e-04  2.2348e-05  2.1832e-04  6.1314e-03  4.2649e-04  4.3131e-03 -2.6827e-03  1.4661e-02 -3.2201e-02  1.6201e-02  5.7744e-03  5.8785e-03  2.2836e-03 -1.6546e-03  4.0231e-03  4.5222e-03  1.8494e-02 -4.7770e-02 -4.5152e-02 -3.8329e-02 -1.9039e-02 -9.9272e-03  4.6841e-04  5.2088e-04 -3.9342e-04 -6.5911e-03 -6.5746e-03 -5.8820e-04 -4.7269e-03  5.3605e-04  7.3992e-03  4.2742e-06 -7.0391e-05 -8.3834e-05 -6.0226e-04  9.1530e-04  3.5053e-05  5.1811e-04  1.7190e-04  4.1666e-04 -4.9722e-05  1.2130e-04  2.4582e-04  2.1277e-03 -9.6238e-04 -1.4256e-03 -1.2029e-03 -4.3196e-04 -3.1983e-03 -2.5700e-03  3.9963e-03  6.1015e-04  2.2591e-02 -6.2219e-04  4.9343e-03 -9.3758e-03 -1.1844e-02 -7.0482e-03
  1.8077e+03  9.5439e-06 -2.6881e-03  1.4352e-02  1.5190e-01  4.3205e-02 -5.7996e-02 -2.4794e-02  3.2785e-02 -2.0702e-01  1.3795e-01  1.1491e-01 -5.3299e-02 -3.4013e-02 -2.3024e-02 -1.8701e-02 -6.8357e-02 -6.4285e-02 -3.0289e-02 -1.7190e-01 -3.0041e-02 -3.1544e-03  2.7340e-01  2.0900e-01  5.7199e-01 -1.7751e-01 -1.3146e-01 -3.3333e-01  5.7936e-03 -7.4938e-03 -9.4590e-02 -1.7783e-02 -4.1782e-03  4.4187e-01  1.5749e-03 -4.5885e-03  6.1941e-04 -1.9746e-02  6.7233e-02 -1.7448e-02 -3.5194e-02  1.9804e-03  1.1475e-02  4.1715e-05  5.0408e-03  3.7692e-03  2.3840e-02 -7.1655e-02 -6.2287e-02 -4.7493e-02 -3.2915e-02 -5.5012e-03  5.1799e-03  2.8558e-03 -4.6172e-03 -2.8720e-02 -5.7774e-02 -2.6888e-03 -5.6851e-02  3.5290e-03  7.3215e-02 -4.8832e-03 -1.6287e-03 -5.7956e-03 -3.4070e-02  3.5166e-03 -1.9440e-03  2.7667e-02  4.6821e-03  2.9998e-02  3.9065e-04  1.7328e-03  1.9605e-03  1.7283e-02 -7.4831e-03 -7.9703e-03 -1.2866e-02 -2.5074e-02 -4.5704e-02  1.5790e-03  6.9093e-04  6.1502e-05 -2.0685e-02  2.8467e-03  4.6064e-03 -6.9498e-03 -1.8179e-02  1.7463e-03
  2.9816e+03 -2.1651e-02  2.0175e-02 -4.3775e-02 -3.9971e-03  3.6363e-01  2.7605e-01 -2.6911e-01 -1.3974e-01  5.2320e-03  5.6237e-01 -5.0175e-01  3.2927e-01  3.8947e-03  4.5144e-04  2.5135e-03 -4.6063e-02  3.2568e-02 -1.1660e-02 -2.8885e-03 -3.4378e-02 -1.2327e-02  2.6759e-03  8.3509e-04 -7.5704e-04 -6.9319e-04 -2.5071e-04  1.1414e-04  6.5901e-03  2.7959e-03  6.2171e-04 -1.0981e-01 -4.7498e-02 -1.5645e-03 -1.7498e-03 -5.1521e-05  7.7920e-05  2.8208e-02 -6.9186e-03 -5.7634e-03  1.0018e-02 -6.4379e-03 -1.8086e-03 -6.8426e-04 -3.6045e-04 -1.1749e-04  6.1938e-03  6.6045e-03  2.0015e-03  8.3650e-04  6.4488e-03  9.0434e-04 -1.0671e-04 -7.7088e-05 -1.3074e-04  1.4690e-03 -2.2886e-04 -4.1301e-04  2.8564e-03  1.8980e-03  4.1501e-04 -3.0927e-04  1.3063e-04  2.0158e-04 -3.2276e-03 -1.4029e-03 -6.6203e-03 -2.7143e-03 -3.7774e-03  3.2901e-03  7.7774e-05  1.3564e-04 -4.6580e-05 -3.7192e-04 -4.7076e-04 -1.0500e-03 -4.5682e-04 -4.8674e-04  1.1090e-03  3.5583e-04  8.2870e-05  6.7880e-05 -3.2537e-03  5.5535e-04 -9.1502e-04 -2.6978e-03 -2.4389e-03 -1.3600e-03
  3.1098e+03  2.7095e-02 -3.7425e-02 -7.8212e-03 -1.0787e-02  3.1731e-01  2.3493e-01 -9.3982e-02 -4.9045e-02  2.5012e-03 -2.5825e-01  2.3968e-01 -1.5344e-01  1.7916e-02  8.1362e-03  2.7027e-02 -2.0866e-01  1.9829e-01 -1.1114e-01  6.1931e-03 -2.9733e-01 -1.9366e-01  1.7822e-03  1.1838e-03 -1.4967e-03  1.5305e-04 -2.0710e-04  1.0109e-03  3.9915e-02  1.6438e-02  9.7350e-04 -6.2179e-01 -2.6335e-01 -6.8959e-03  7.5300e-04  8.4978e-05  3.0990e-05 -1.4845e-02  2.9255e-03  2.9242e-03 -4.8856e-03  4.3434e-03 -4.6765e-04 -7.8491e-04 -3.2804e-05 -9.3332e-05  6.7371e-03  5.5753e-03  1.8233e-03  1.1529e-03  6.4496e-03  2.2008e-03  5.7516e-05 -1.8226e-04 -4.9213e-06 -1.4269e-03 -4.0555e-04  1.7551e-04 -6.7253e-04  1.4304e-03  1.7040e-03 -1.3111e-04  8.7043e-04  9.2195e-04 -2.0125e-02 -7.0458e-03 -2.8184e-02 -1.8884e-02 -1.9554e-02  1.3746e-02 -5.0935e-04  3.1163e-04  1.2529e-04 -1.3678e-03 -6.2015e-04 -1.5519e-03  6.7203e-03 -3.7083e-03 -6.1066e-03 -6.6602e-05  2.1357e-04 -9.4229e-06 -2.0771e-03 -1.7954e-03 -3.4676e-04  8.4283e-04 -1.8178e-03 -4.3073e-04
  3.1220e+03 -3.0766e-02  5.2596e-02  2.1051e-02  2.4434e-02 -5.6881e-01 -4.3031e-01  1.4840e-01  7.6602e-02 -1.3652e-03  2.3902e-01 -2.1742e-01  1.3493e-01  2.0496e-02 -2.2028e-04  2.5044e-02 -2.5192e-01  2.3484e-01 -1.3529e-01  1.2710e-02 -2.2133e-01 -1.5401e-01  6.0541e-04 -4.7659e-04 -9.7864e-04 -1.0382e-04  5.3981e-04  6.5325e-04  2.0760e-02  8.7379e-03  4.7667e-04 -3.2261e-01 -1.3828e-01 -2.5330e-03 -1.0030e-03 -3.6416e-04  1.2479e-04  1.9157e-02 -1.5341e-03 -4.4549e-03  5.2527e-03 -4.2731e-03  9.4297e-04  1.1833e-03  2.9926e-04  2.6184e-04 -1.1041e-02 -1.1525e-02 -4.0128e-03 -1.2318e-03 -1.1055e-02 -3.4579e-03  3.2494e-05 -4.0527e-04 -1.4947e-04 -5.9899e-04 -1.0597e-03 -1.4622e-03  2.4664e-03  6.5952e-03  2.9895e-03  8.8121e-06  4.8662e-04  5.4437e-04 -1.1005e-02 -4.6976e-03 -1.3850e-02 -9.1375e-03 -9.0317e-03  5.1995e-03 -1.9296e-04  2.6354e-04  1.9436e-05  5.4943e-04 -2.6185e-04 -6.7353e-05  1.5324e-03 -2.8635e-03 -3.3121e-03 -1.7988e-05 -3.3151e-04 -7.8127e-05  2.4693e-03  3.8236e-03  9.0411e-04 -2.2529e-04  1.3710e-03  7.2993e-04
  3.1462e+03  6.6617e-03 -7.6599e-03 -4.4074e-03 -3.7240e-03  9.5448e-02  7.2500e-02 -5.4938e-02 -2.8478e-02  4.1416e-03 -3.6101e-02  3.2712e-02 -1.8502e-02  3.0286e-02  9.8771e-03  4.2412e-02 -3.6329e-01  3.3437e-01 -1.9364e-01  9.2908e-03 -4.4862e-01 -2.9910e-01 -1.9477e-03 -4.6770e-04  1.7102e-03 -5.4283e-04 -5.8447e-04 -1.7671e-03 -3.7144e-02 -1.5507e-02 -4.7902e-04  5.8223e-01  2.4752e-01  2.8086e-03  3.5816e-04  9.7223e-05 -1.9211e-04 -5.2791e-03 -4.4843e-04  2.7337e-03 -8.8000e-04  1.4165e-03 -3.7123e-04 -2.0562e-04 -1.0364e-07 -9.0928e-05  1.6663e-03  1.5186e-03  1.5963e-03  1.0382e-03  1.3878e-03 -6.4222e-05  1.0659e-06  3.3434e-04  1.1777e-04  1.3018e-03  1.3940e-03  9.5922e-04 -2.4263e-03 -5.2711e-03 -2.9189e-03 -6.7056e-05 -9.2450e-04 -9.5790e-04  1.8646e-02  7.1047e-03  2.8073e-02  1.7812e-02  1.8734e-02 -1.2355e-02  2.9358e-04 -3.3224e-04 -5.8690e-05 -2.4356e-04  8.2809e-04  1.6233e-03 -3.2341e-03  2.8449e-03  3.8673e-03  3.5052e-05  8.9901e-05 -1.1350e-04 -1.0367e-03  4.7890e-04  5.2225e-04  7.2307e-04 -1.4855e-03  2.1291e-04
  3.2062e+03 -6.7499e-02 -4.3303e-02 -1.6586e-02 -1.3512e-02  2.4596e-01  1.8776e-01  8.2810e-01  4.2906e-01 -9.5202e-03  9.6883e-02 -9.1045e-02  5.8317e-02 -1.1529e-03  5.1643e-03  2.7145e-03  8.9382e-03 -1.3180e-03  1.9613e-03  4.2745e-03 -6.0283e-02 -4.1547e-02  8.0645e-04  7.4138e-04  1.8394e-04 -1.7081e-04 -2.0685e-04 -3.3540e-04  6.0463e-04  2.2025e-04 -4.1465e-04 -1.1370e-02 -5.1803e-03  2.5516e-03 -1.1612e-04  3.1194e-05 -9.7374e-05  4.9658e-03 -1.0649e-03 -5.2295e-04  2.7973e-03 -3.6816e-03  2.3726e-03 -1.9653e-04 -2.3922e-06 -2.6265e-04  3.3468e-03  3.2764e-03  1.4807e-03 -1.3747e-03  6.9124e-03  5.4569e-03  6.2204e-05  7.2272e-05  1.4462e-04  4.1191e-04 -1.5035e-03 -3.4916e-03 -4.1710e-04  5.4382e-04  8.7414e-04  1.1723e-04 -6.2367e-05  9.4471e-05 -1.1971e-03 -1.3597e-03  1.8623e-03  7.0490e-04  2.7554e-03 -3.8818e-03 -3.2824e-04 -1.4477e-05 -7.2286e-05  5.9239e-03  1.4340e-03  3.7812e-03 -2.1827e-04 -9.0808e-04 -3.1263e-03 -6.8717e-04 -4.0562e-04  1.9119e-04  1.1321e-02  9.0512e-03  2.0237e-03  1.3752e-02  4.5517e-03  1.5314e-03
  3.2290e+03 -6.5488e-04 -7.3592e-03 -1.9803e-03 -6.2771e-03  5.8224e-02  5.1453e-02  3.6855e-02  2.2485e-02 -7.1751e-04 -2.5384e-02  2.7932e-02 -2.2612e-02  4.0553e-02 -8.5217e-02 -1.2040e-02 -4.7790e-01  4.3145e-01 -2.5688e-01 -6.6411e-03  5.8499e-01  3.9767e-01  9.4604e-05 -5.3238e-04 -2.2387e-04  2.5151e-04 -3.8547e-05  1.7594e-04 -5.8488e-04 -2.5618e-04 -2.2612e-05  7.3388e-03  3.4009e-03  8.1634e-04  1.1171e-04 -3.9095e-05  1.1210e-04 -7.0249e-04  1.0980e-03 -1.0434e-03 -6.3010e-04 -1.3823e-03  9.0351e-04 -5.9041e-05 -4.5979e-05 -1.3563e-04 -3.0233e-04  1.0213e-03  1.6727e-03  1.4936e-03  3.8748e-04 -5.9685e-04  3.9396e-05 -7.0293e-05  9.8202e-05 -1.6273e-04 -3.7075e-04 -1.1413e-03 -1.1744e-06  8.2014e-04  5.9947e-05 -1.6420e-05  1.5948e-05 -1.8929e-05  4.0255e-04 -4.4995e-04  8.2011e-04  5.0647e-04  2.7722e-04 -6.4076e-04  9.8902e-06  5.4041e-06 -1.8632e-05  6.9305e-04 -8.7776e-05  3.7530e-04 -6.1341e-04 -3.9335e-04 -1.6771e-05 -9.1618e-05  8.5565e-05  2.5326e-05  8.3349e-04 -3.0953e-04  1.9674e-04  9.8984e-04 -3.8955e-04 -2.0627e-04
  3.5794e+03 -1.3338e-03  1.5555e-03 -5.8995e-04 -7.5972e-04 -5.7460e-03 -2.8561e-03  1.7933e-03  8.9241e-05  7.0141e-04  2.5540e-02 -2.2582e-02  1.2560e-02  1.7276e-04 -1.1425e-04 -1.5604e-04 -1.0042e-03  4.1332e-04  5.1292e-06 -6.4911e-04  1.2013e-03  2.0033e-03 -3.6692e-04 -1.6861e-04  2.9745e-04  1.6220e-04  7.8296e-05 -5.6298e-05  3.6515e-04  6.7387e-05 -7.3147e-05 -4.9058e-03 -9.2906e-04 -5.8739e-04  5.5220e-02  6.9709e-03 -1.9105e-02 -8.9222e-01 -1.8953e-01  3.6972e-01  1.2380e-02  8.8307e-02 -7.4049e-02 -4.0959e-05  7.7563e-05  3.5729e-05 -7.0664e-05 -1.1028e-05  2.8242e-04  6.0544e-04 -6.8618e-04 -7.2317e-04  4.2901e-03  5.4441e-03 -8.4393e-04 -2.1721e-02  3.4617e-03  3.8350e-02 -4.9270e-02 -8.8928e-02 -1.9523e-02  6.6274e-05  3.5941e-05 -4.3146e-04  1.8910e-03  2.9418e-03  3.9231e-03 -2.1438e-03 -3.0347e-03  2.8880e-03 -7.1943e-04 -2.0998e-05  5.4571e-04 -3.6518e-03 -1.8006e-03 -3.9383e-03  1.3524e-02 -2.2967e-03 -5.8533e-03 -3.1116e-05 -1.5210e-04 -4.4258e-05  1.0369e-03  2.0392e-03  3.7844e-04 -8.6140e-04  4.3982e-04  2.1672e-04
  3.7016e+03 -3.4690e-04 -2.3026e-04  1.0383e-04  5.5632e-04  4.9394e-04 -8.0543e-05  3.0936e-03  1.7099e-03 -3.0388e-04  3.0956e-04  6.6285e-04 -2.0656e-04  1.7640e-04  6.2382e-05  4.4800e-05 -9.6780e-04  8.1072e-04 -5.0386e-04  1.1198e-04 -8.0462e-04 -6.2002e-04  1.0118e-04  4.9326e-07 -8.6656e-04  1.1709e-04  3.3169e-05  2.4427e-04 -2.8981e-03 -1.2216e-03  3.4476e-04  5.6521e-02  2.7589e-02  2.2964e-03  1.1847e-03 -1.6679e-05 -2.5644e-04 -1.8907e-02 -4.3889e-03  7.7990e-03 -5.1997e-05  4.2478e-03 -3.6123e-03 -8.0735e-05 -4.3987e-05  2.6147e-05  1.2394e-03  8.2134e-04 -3.4922e-04 -8.7799e-05  8.7886e-06 -7.1706e-05 -5.1308e-03 -8.9716e-03 -6.7076e-04  1.0624e-02 -1.1420e-02 -3.7692e-02  7.0829e-02  1.5218e-01  4.6489e-02  2.8284e-02  2.0640e-02  3.5900e-02 -3.0085e-01 -7.1641e-02 -8.3267e-01 -1.6236e-01 -2.6722e-01  2.6268e-01 -8.4253e-04  1.6654e-03  3.5060e-03 -3.2585e-02 -1.2579e-02 -3.5703e-02  4.6547e-02 -9.8287e-03 -1.9576e-02 -4.4391e-06 -1.7785e-06  5.1711e-06  1.3965e-05  3.9931e-05 -2.5519e-05  8.9984e-05 -2.4546e-06 -3.0075e-05
  3.7453e+03  4.6011e-04 -1.1752e-04 -2.1033e-04 -6.1068e-04  2.1009e-03  1.7993e-03 -3.3655e-03 -1.1744e-03  4.2140e-04 -1.5753e-03  1.2062e-03  7.1010e-04 -1.1432e-04  1.3534e-04  1.0277e-04  5.4511e-04 -3.4784e-04  1.5125e-04 -2.4345e-04 -1.1108e-03 -5.4680e-04 -2.0406e-04  1.6758e-04  2.3749e-04 -1.2324e-04 -1.3770e-04 -1.8559e-04  3.6635e-04  3.7183e-05 -3.9748e-05 -5.4121e-03 -1.7255e-03 -3.2619e-04  5.8687e-03 -2.8035e-04 -1.3054e-03 -9.5668e-02 -2.1545e-02  4.1811e-02  2.1267e-04  2.4773e-02 -2.0160e-02  3.3943e-04  2.2658e-04  3.5219e-05 -6.3499e-03 -3.2244e-03  7.2561e-04  1.1919e-03 -6.6242e-04 -1.3882e-03 -2.7889e-02 -4.2039e-02  3.7008e-03  9.6799e-02 -9.6714e-02 -3.0827e-01  3.4891e-01  7.6538e-01  2.4599e-01 -4.9791e-03 -4.6048e-03 -3.2018e-03  3.9437e-02  4.8828e-03  1.1652e-01  4.1036e-02  6.6584e-02 -6.3284e-02  3.4716e-03 -5.4507e-03 -1.2575e-02  1.3136e-01  5.4098e-02  1.3193e-01 -1.8469e-01  3.4774e-02  6.8207e-02 -3.9265e-05 -2.4681e-06 -2.1739e-07 -7.9028e-05  3.0638e-04  4.3582e-05  6.8020e-04 -3.0167e-04 -7.0337e-05
  3.7924e+03  2.6529e-04  1.0416e-04  1.4151e-04 -3.8365e-04 -1.6047e-04 -3.5778e-04 -1.9915e-03 -1.1333e-03 -2.1302e-04 -1.1498e-03  3.2123e-04 -8.3687e-04  1.0314e-04  6.7160e-05  5.4125e-05 -6.0461e-04  2.9432e-04 -2.2353e-04 -1.9921e-04 -8.7223e-04 -5.1715e-04 -1.8981e-04 -1.8566e-05  3.1941e-04 -6.8541e-05 -6.9072e-05 -2.0325e-04  2.7166e-04  6.1737e-05 -9.9629e-05 -1.4860e-03  8.0496e-04 -4.9358e-04 -8.5038e-04 -3.9827e-04  5.3759e-04  1.4074e-02  2.9420e-03 -6.3194e-03 -5.4114e-04  3.0031e-03 -2.3894e-03  4.7352e-04  7.4316e-04  5.0592e-04 -1.4116e-02 -7.0292e-03  1.4112e-03  6.6785e-03 -5.1581e-03 -9.5470e-03  7.6746e-03  1.0917e-02 -1.7309e-03 -3.0044e-02  2.9722e-02  9.5114e-02 -9.1857e-02 -2.0479e-01 -6.8765e-02  4.7326e-03  5.7767e-03 -1.2821e-03 -1.9385e-02 -1.0078e-03 -6.5278e-02 -5.6566e-02 -9.1383e-02  8.2617e-02  1.0521e-02 -1.8297e-02 -4.1886e-02  4.6383e-01  1.7755e-01  4.5052e-01 -6.2991e-01  1.1502e-01  2.1971e-01  9.1785e-05  7.0426e-05 -3.3758e-06 -1.9259e-04 -1.9040e-03 -1.6154e-04 -1.3908e-03  7.1686e-04  1.9578e-04
  3.8075e+03 -1.0813e-04 -7.2099e-04 -5.1319e-04  2.6681e-04  1.3787e-02  1.2980e-02  1.8394e-03  7.9807e-05 -5.8260e-04 -3.6954e-04  3.8611e-04 -6.6247e-04 -8.9733e-05  1.8029e-04 -2.7025e-05  1.5330e-03 -1.2263e-03  1.0430e-03  8.3778e-05 -9.2203e-04 -3.5376e-04 -1.6407e-04  4.2592e-05  1.6639e-04  3.0269e-05  6.3860e-05  1.7701e-05  6.3555e-05  1.3091e-05 -8.2927e-05 -4.2163e-04 -2.9190e-04 -2.3467e-05 -6.1325e-05 -2.1429e-04  1.7104e-04  1.4395e-03  2.5726e-04 -5.0912e-04 -3.0136e-04  2.9236e-03 -2.2294e-03  9.3240e-03  3.5242e-02  3.3113e-02 -5.5486e-01 -2.4072e-01  6.3397e-02  4.0657e-01 -3.2384e-01 -5.9459e-01  2.0323e-05 -1.6996e-05 -4.5774e-05 -2.7093e-04  2.0215e-04  6.9251e-04  2.2427e-05  3.9138e-05  3.5327e-06 -5.3639e-06  1.2587e-05 -4.7300e-05  2.8408e-04  2.5792e-05  6.5182e-04 -1.1367e-04 -1.8577e-04  1.2381e-04 -5.0291e-05  4.2818e-04  9.5303e-04 -1.1072e-02 -4.4265e-03 -1.1028e-02  1.1911e-02 -2.6013e-03 -4.1660e-03 -2.5954e-03 -1.1203e-03  1.1135e-04  3.0812e-03  3.6668e-02  3.2455e-03  3.8165e-02 -1.8878e-02 -5.1404e-03
  3.8226e+03  8.0784e-04  4.6986e-04  1.0000e-04  4.9786e-05 -2.7826e-03 -2.0836e-03 -1.2026e-02 -6.3683e-03  1.2067e-03 -1.5307e-03  1.2796e-03 -6.4982e-04 -6.7151e-05 -4.8007e-05 -7.6708e-05  8.3347e-04 -9.5725e-04  7.7717e-04 -1.8960e-04  1.2760e-03  1.2119e-03 -1.0887e-04 -5.8532e-05 -3.6109e-05  1.9996e-05  6.3254e-06  3.4289e-05  1.3523e-05  2.5095e-06 -2.8128e-05 -3.1777e-05  4.8140e-05  2.5434e-04 -6.0410e-05 -5.9989e-04  4.9639e-04  1.8969e-03  1.9128e-04 -6.1830e-04 -8.2352e-04  9.1660e-03 -7.2443e-03 -5.9420e-04 -1.9698e-03 -1.8348e-03  3.2186e-02  1.3844e-02 -3.7307e-03 -2.2750e-02  1.7904e-02  3.3207e-02  4.9178e-05  7.3540e-05  1.4002e-05 -6.6331e-05  1.6097e-04  2.1788e-04 -6.4866e-04 -1.3309e-03 -4.7686e-04  6.1117e-06 -2.3325e-05  6.4159e-05 -3.0798e-04 -8.5869e-05 -6.8703e-04  2.9746e-04  4.8013e-04 -3.5992e-04 -1.0556e-04 -6.9698e-05 -1.7287e-04  2.5152e-03  1.0249e-03  2.5923e-03 -8.7480e-04  9.0059e-05  1.3685e-04 -4.3096e-02 -2.3870e-02  1.4374e-03  6.0181e-02  6.9735e-01  6.0866e-02  6.2678e-01 -3.1676e-01 -8.4832e-02
  3.8428e+03 -4.5055e-04 -1.4034e-04 -6.1863e-07  1.2789e-03  1.9449e-04 -3.4299e-05  3.1588e-03  1.4671e-03 -6.7833e-05  1.6749e-03  1.8272e-04  2.0340e-04  9.1204e-05  3.9695e-05 -4.0872e-07 -3.7338e-04  2.9036e-04  2.7637e-04  2.4025e-04 -4.9638e-04  1.8852e-04  2.4890e-05  1.9091e-05  8.7928e-05 -3.8194e-05 -3.5866e-05 -1.1111e-04 -5.9915e-04 -2.5415e-04 -4.5132e-05  1.4102e-02  9.7683e-03 -3.8097e-03  2.2538e-05  6.8721e-04 -5.9847e-04 -1.3508e-03  3.3228e-04  5.6814e-04  9.5864e-04 -1.1086e-02  9.0213e-03  4.3682e-04 -3.6256e-05 -3.1662e-04 -3.9192e-03 -2.1828e-03  2.2102e-04 -2.9260e-03  2.6754e-03  4.7929e-03 -2.3278e-03 -1.4758e-03  2.7367e-03  1.9804e-02 -1.6123e-02 -5.7862e-02  1.7579e-02  4.0258e-02  1.5032e-02  1.3697e-02  3.4387e-02 -5.6959e-02  1.6190e-01  6.7774e-02  3.7899e-01 -3.8391e-01 -6.1707e-01  5.2840e-01 -3.6281e-04  1.3602e-03  3.6436e-03 -4.4657e-02 -1.6787e-02 -4.2307e-02  4.9472e-02 -7.5924e-03 -1.4925e-02 -5.7625e-05 -5.3877e-05 -4.9601e-06  1.7555e-04  1.2037e-03  1.4040e-04  7.3047e-04 -3.4879e-04 -5.6962e-05
  3.8841e+03 -3.8343e-04 -1.8444e-04  1.2505e-04  8.6130e-04  5.8288e-04 -1.0997e-03  2.9632e-03  2.2925e-03 -1.2389e-03  1.2072e-03 -1.5674e-03  3.8346e-03  3.1628e-05 -1.4697e-04 -3.2147e-05 -3.0379e-04  6.9605e-04 -1.6501e-04  5.3696e-04  1.2224e-03  6.2178e-04  8.6131e-05 -1.5105e-05  7.6849e-05 -6.4101e-05 -2.4430e-05 -2.9269e-05 -2.8758e-05  6.3053e-06 -7.1271e-05  7.0877e-04 -2.0952e-05  2.4606e-04 -2.7362e-03 -4.8276e-02  4.0172e-02  1.0086e-01 -4.6705e-03 -1.8449e-02 -5.8826e-02  7.7137e-01 -6.2063e-01  1.1771e-03 -2.3477e-05 -7.3158e-04 -1.1933e-02 -5.9725e-03  5.2766e-04 -6.8495e-03  6.3257e-03  1.1086e-02  5.1085e-04  5.6987e-04 -4.5818e-04 -2.6613e-03  3.8046e-03  1.0690e-02 -4.4359e-03 -1.1965e-02 -4.7665e-03  1.6372e-04  5.1351e-04 -8.8826e-04  2.6748e-03  7.1110e-04  6.5339e-03 -5.4957e-03 -8.8955e-03  7.6073e-03 -1.7510e-03  1.6962e-04  1.5947e-04  4.8638e-03  2.5133e-03  6.3108e-03  2.3130e-02 -4.9869e-03 -8.8997e-03  6.6366e-04  5.2265e-05 -4.5699e-05 -3.3323e-04 -5.8263e-03 -6.4196e-04 -1.0275e-02  4.9902e-03  1.3781e-03
  3.8902e+03 -5.6200e-04 -5.3451e-04 -1.6240e-04  2.4690e-03  2.5681e-03  1.1402e-03  4.3000e-03  2.6344e-03  1.8222e-04  8.0585e-04  2.4914e-03  3.9454e-04  2.0068e-04  6.1678e-05  4.3688e-05 -7.3365e-04  7.3472e-04  2.3151e-04 -2.0462e-04 -7.5627e-04  2.8289e-04  6.7379e-05  1.5572e-04  6.5887e-04 -1.7791e-04 -1.5085e-04 -3.1503e-04  2.4550e-04  4.1961e-05 -2.6272e-04 -2.4088e-03 -2.6407e-04  1.0379e-04  8.0359e-06 -3.9061e-04  2.6283e-04 -6.1236e-04 -5.2078e-04 -5.3768e-04 -1.7640e-04  5.5233e-03 -4.4083e-03  5.5788e-03  3.3136e-04 -2.9581e-03 -6.2410e-02 -3.0823e-02  3.6273e-03 -2.6179e-02  2.4979e-02  4.3252e-02  7.7261e-03 -2.5974e-02 -4.6848e-02 -2.4369e-01  1.7143e-01  6.8887e-01  1.2186e-01  2.4071e-01  5.4380e-02 -1.4038e-04  5.2374e-04 -2.3290e-03  1.0591e-02  1.9991e-03  2.7898e-02 -7.5617e-03 -1.1147e-02  9.2026e-03  4.0510e-02  2.7798e-03  9.4369e-03 -2.7715e-01 -1.1964e-01 -3.0201e-01 -3.6722e-01  7.7459e-02  1.5392e-01 -2.8909e-04  3.3347e-04  5.1534e-05 -5.2866e-04 -3.2683e-03 -2.1431e-04  4.9968e-03 -2.1096e-03 -6.0393e-04
  3.8930e+03 -2.2648e-04 -1.5989e-04  7.2178e-05  1.1640e-03  9.1310e-04 -1.9325e-04  2.1288e-03  9.4722e-04 -3.1301e-04  9.4664e-05  9.1884e-04 -6.6690e-04  1.4673e-04  1.0285e-04  7.9496e-05 -5.2169e-04  2.5619e-04  7.1669e-05 -5.7782e-06 -9.5878e-04 -3.5161e-04 -6.3150e-05  3.8041e-05  2.5309e-04 -3.1708e-05 -8.1101e-05 -2.1455e-04  3.7277e-04  1.1478e-04 -4.2489e-05 -5.2662e-03 -1.8687e-03 -7.5551e-04  3.2908e-04 -1.0211e-03  7.3221e-04 -4.0266e-03 -8.0484e-04  3.1559e-03 -1.2578e-03  1.7273e-02 -1.3913e-02  5.4836e-03  3.6354e-04 -2.8662e-03 -6.1783e-02 -3.0464e-02  3.6319e-03 -2.5342e-02  2.4155e-02  4.1825e-02 -5.5342e-03  1.9533e-02  3.4908e-02  1.8115e-01 -1.2710e-01 -5.1230e-01 -9.2826e-02 -1.8497e-01 -4.1891e-02  7.3063e-05 -7.7680e-04  2.3881e-03 -9.3704e-03 -8.6859e-04 -2.7318e-02  9.5752e-03  1.5004e-02 -1.2065e-02  5.4781e-02  3.3175e-03  1.1776e-02 -3.6029e-01 -1.5860e-01 -3.9613e-01 -5.1155e-01  1.0634e-01  2.1140e-01 -8.3807e-05 -5.8925e-07  6.8290e-06  6.6781e-05  4.5171e-04  2.5524e-05  1.1497e-03 -4.9856e-04 -1.4188e-04
  3.9061e+03 -1.2916e-04  3.7354e-04 -1.5876e-05  8.8078e-04 -1.1088e-03 -5.8717e-04 -1.1936e-03  1.6115e-03  4.7961e-04  1.4719e-03 -2.8523e-03  7.4803e-04 -6.5379e-06  1.3275e-05 -3.3439e-06  2.7195e-04 -3.8042e-04 -2.9367e-05  1.9980e-05 -4.1902e-04 -1.1769e-04 -2.8011e-05 -4.0716e-05 -9.9087e-05  3.9096e-05  4.2905e-05  4.7785e-05 -2.6308e-05 -4.0890e-08  4.0723e-05  1.7442e-04 -2.8134e-05 -9.4390e-06  1.3170e-04  5.5851e-05 -5.6468e-05 -1.8526e-03 -3.5351e-04  6.3933e-04 -2.6339e-04 -4.4092e-04  2.1576e-04  1.2453e-02  7.2837e-04 -6.5368e-03 -1.4086e-01 -6.7203e-02  8.4481e-03 -5.7377e-02  5.5114e-02  9.5273e-02 -5.0190e-05  3.2765e-04  4.8931e-04  2.4361e-03 -1.7797e-03 -6.9387e-03 -1.6284e-03 -3.4014e-03 -8.4435e-04 -1.2523e-05 -3.1741e-05  9.6784e-05 -3.0458e-04 -1.7212e-04 -8.9996e-04  4.7844e-04  6.8357e-04 -6.2602e-04 -2.0207e-03 -9.1486e-05 -3.8727e-04  1.2835e-02  5.5622e-03  1.4081e-02  1.9417e-02 -4.2243e-03 -8.0060e-03 -3.3096e-02  5.9932e-02  8.5694e-03 -1.0188e-01 -6.8354e-01 -5.4409e-02  6.2798e-01 -2.6946e-01 -8.1901e-02
  3.9076e+03  6.6142e-04 -2.8624e-04 -4.1836e-04 -4.3205e-05  9.0092e-03  4.8391e-03 -4.3795e-03 -2.5868e-03  7.5885e-04 -2.2501e-03 -5.0261e-04  2.2830e-04  2.4576e-06  2.1548e-06 -1.7827e-05 -3.6724e-04 -3.7387e-04 -7.2309e-05 -3.3990e-04  2.5453e-04 -1.3512e-04 -1.4885e-04 -1.5365e-04 -3.8388e-04  1.9251e-04  1.7477e-04  1.9568e-04 -9.7943e-05 -1.0828e-05  1.5851e-04  7.9153e-04  3.2395e-05 -1.1478e-04  1.4216e-05  1.1199e-03 -9.0432e-04 -1.4585e-03 -8.7433e-05  1.7983e-04  1.4219e-03 -1.7596e-02  1.4190e-02  6.0733e-02  4.3096e-03 -3.0997e-02 -6.9515e-01 -3.3144e-01  4.1713e-02 -2.7169e-01  2.6036e-01  4.4991e-01 -1.1326e-04  7.0690e-04  1.0489e-03  5.2456e-03 -3.6764e-03 -1.4711e-02 -3.5316e-03 -7.4977e-03 -1.9568e-03 -7.8851e-05 -2.1034e-04  5.0389e-04 -1.5199e-03 -7.8020e-04 -4.3273e-03  2.6966e-03  4.1197e-03 -3.6359e-03 -8.3288e-03 -3.9737e-04 -1.6143e-03  5.3148e-02  2.3109e-02  5.8282e-02  7.9801e-02 -1.7329e-02 -3.2943e-02  6.7813e-03 -1.2399e-02 -1.7734e-03  2.1121e-02  1.4184e-01  1.1313e-02 -1.2893e-01  5.5352e-02  1.6884e-02
