  4.5056e+04  2.2235e+02  1.0724e+03 -1.5057e+04  1.6738e+03  6.2006e+02 -7.3183e+04 -2.8782e+04  3.9785e+01 -4.6155e+04  2.8985e+04 -1.6851e+04 -6.2374e+03 -3.9437e+02  2.1750e+03  2.3024e+03  5.5023e+01 -5.4161e+03 -1.1926e+03  1.8073e+02  9.9595e+02 -1.2325e+03 -8.8848e+02  2.3925e+03 -1.9582e+02 -1.2750e+02  3.0162e+02 -2.5635e+02 -1.6384e+02  2.0352e+02  4.9741e+00  2.0059e+01  2.0269e+02 -6.1604e+02  1.0032e+03 -2.4866e+02 -4.4037e+02  3.4271e+02 -1.2454e+02 -7.2508e+02  2.1721e+02  3.0662e+02  3.7428e+02  4.6544e+01 -1.2680e+02 -4.7158e+02  3.2010e+02  2.9216e+02 -5.5520e+01  1.3449e+02  4.3600e+02 -1.6241e+02 -4.5147e+01  1.3378e+02  3.4532e+02  1.6533e+02 -3.3417e+02  2.0195e+02  4.0288e+01 -1.8792e+02 -3.2381e+02 -2.0238e+02  6.2487e+01  3.5036e+02  2.3526e+02 -6.8850e+01  3.7102e+02  3.7900e+02 -9.0735e+01 -1.7215e+02 -9.2853e+01 -2.6124e+02  1.9301e+02  2.4674e+02  6.6658e+02  3.9707e+02  7.9112e+01  4.7082e+02 -7.0583e+02 -5.7379e+02 -1.9956e+02 -5.6812e+02  2.5255e+02 -7.8937e+01 -2.8826e+02 -3.2759e+02 -9.9384e+01
  2.2235e+02  4.4310e+04  2.3462e+03  3.5630e+03 -6.0467e+04 -3.3130e+04 -2.8665e+04 -3.1850e+04 -2.3222e+02  2.6599e+04 -4.0156e+04  1.4297e+04 -2.5785e+02 -6.8058e+03  2.1811e+03 -2.7362e+03 -1.9139e+03  6.1883e+03  1.9585e+03  3.5803e+03 -6.5925e+03 -5.6323e+02 -9.1326e+02  1.2352e+03 -1.0643e+02  4.8948e+01  1.6395e+02 -1.5369e+02  9.8402e+01  7.8537e+01 -1.6392e+02 -1.1774e+02  3.0156e+02  9.3990e+02 -4.6610e+02  2.0707e+01  2.2041e+02 -7.1177e+02  3.5967e+02  5.8088e+02 -4.1842e+02  1.3859e+02  1.9426e+02 -9.4178e+02 -5.3747e+02  1.3504e+01 -4.1516e+02 -2.6769e+02 -3.0620e+02 -8.9786e+02 -7.2124e+01  1.4850e+01  7.5368e+01  7.1479e+01  4.5037e+01 -6.4353e+01 -2.4313e+02 -2.2410e+01 -2.3846e+02 -9.4266e+01 -1.3936e+02 -7.7454e+01  9.8179e+00  1.6678e+02  1.4175e+02 -1.5185e+01  1.7244e+02  1.2254e+02 -1.3688e+01 -1.0961e+02 -3.5490e+01 -1.0382e+02  1.4423e+02  1.4837e+02  3.0544e+02  2.7509e+02  7.0229e+01  1.7793e+02 -5.9772e+02  1.2273e+02 -5.6409e+01 -7.6999e+01 -1.9910e+02 -2.9705e+01  6.7946e+01 -4.6241e+02 -2.0412e+02
  1.0724e+03  2.3462e+03  3.6804e+04  2.6938e+03 -3.2125e+04 -3.7465e+04 -5.0459e+02 -4.9416e+02 -1.4869e+04 -1.5262e+04  1.4921e+04 -2.2508e+04  1.5260e+03  1.8300e+03 -1.4598e+04  2.2962e+03  1.1518e+03 -4.7797e+03  2.2242e+03  3.0290e+03 -6.3840e+03  5.1470e+02  2.0687e+02 -7.9188e+02 -1.9890e+02 -6.0958e+01  1.4592e+02  9.2509e+01  7.3207e+01  2.9086e+01  1.8239e+02  1.2960e+02 -7.1775e+01 -2.7635e+02  6.4967e+00  2.7602e+02  6.7342e+01  4.5397e+02 -4.8260e+01 -4.6389e+01  3.1131e+02 -4.9746e+01 -9.2896e+01 -4.5948e+02 -4.0617e+01  3.6994e+02 -3.7078e+02 -1.0112e+02  6.0276e+01 -5.2134e+02  8.2409e+00  5.5785e+01  6.0786e+01  2.5497e+01 -9.4261e+01 -2.5519e+01 -1.4289e+02 -2.4816e+02 -2.0138e+02  1.6918e+01  4.7090e+01  3.0929e+01  3.8991e+01 -2.3015e+02 -1.2794e+02 -8.4146e+01 -2.0733e+02 -1.1857e+02 -3.8401e+01  9.5065e+00 -1.2139e+01 -4.3246e+01 -5.5167e+01  1.8481e+01  1.0665e+02 -8.7337e+01 -2.8467e+01  4.9271e+01 -1.4709e+02 -2.5886e+01  5.6099e+01 -9.5434e+01 -9.4013e+01  1.7803e+02 -6.9637e+01 -1.3990e+02  1.5910e+02
 -1.5057e+04  3.5630e+03  2.6938e+03  5.8858e+04 -4.1436e+03 -6.2372e+03  7.2060e+03 -2.5908e+04 -1.9915e+04  1.0858e+03  1.2984e+04  1.6287e+04 -1.2120e+03  1.8387e+03  1.1593e+02  4.3817e+02  6.5236e+02 -6.1311e+02  2.0596e+03 -1.1698e+03  5.6846e+02  2.3414e+02  3.2724e+02  1.5579e+03  3.0858e+02 -1.1152e+02 -5.8583e+02  1.0877e+02 -4.2517e+01 -6.0765e+02 -8.1635e+02 -2.3847e+02 -5.2159e+01 -5.7545e+02  1.5217e+02 -1.2202e+02  2.9170e+02  1.8420e+02 -7.2362e+01  1.3298e+02  2.8502e+02 -2.6053e+02 -1.9777e+03  1.0641e+01  5.2187e+02  9.6100e+02 -4.3774e+03 -1.4047e+03 -4.4378e+02  1.1577e+03 -6.0874e+02  1.5561e+02 -1.8231e+01 -2.0526e+02 -3.8750e+02 -1.2764e+02  4.6931e+02 -2.7012e+02  1.9465e+02  2.8665e+02  3.6885e+02  2.1957e+02 -1.1426e+02 -3.2718e+02 -2.5266e+02  1.4380e+02 -4.6580e+02 -4.9083e+02  8.8860e+01  2.2811e+02  1.1808e+02  3.8740e+02 -1.3803e+02 -4.0002e+02 -1.0468e+03 -8.3995e+02 -1.3234e+02 -6.7734e+02 -6.1780e+02  1.1557e+02  8.5759e+01  1.3237e+02 -3.5478e+02 -1.4115e+01 -4.5943e+00 -3.8550e+02 -2.1029e+02
  1.6738e+03 -6.0467e+04 -3.2125e+04 -4.1436e+03  2.2568e+05  1.2172e+05  3.8809e+03 -7.0660e+03 -4.7768e+03 -3.9797e+03 -8.8473e+03 -1.0689e+04  5.2565e+02  3.2324e+03  8.2253e+02 -9.8064e+02 -1.9658e+01  1.3876e+03 -1.9776e+03 -8.7766e+02  3.5823e+03  1.3601e+03  1.3207e+03  7.7033e+02 -5.8659e+01 -9.5815e+02 -3.6650e+02 -6.5742e+02 -5.1173e+02 -8.4699e+01  1.2954e+03  1.1164e+03 -2.1848e+02  1.1856e+02  1.1109e+01  2.7124e+02  4.8587e+02  2.7789e+02 -3.9046e+02 -1.7758e+02  1.1539e+02 -1.6596e+02 -7.2027e+02  3.4540e+02  9.4336e+02 -3.0981e+03 -3.6880e+02  1.2064e+03  2.2181e+03  3.7281e+03 -7.7057e+02 -1.4115e+02 -5.6704e+01 -3.8283e+01  6.0506e+01  6.6071e+00  1.2955e+02  1.6465e+02  3.3416e+02  1.3495e+02 -7.9508e+01 -5.4270e+01 -9.9799e+00 -2.7511e+01 -1.7958e+01  5.0689e+01 -6.9075e+01  2.3000e+01 -4.0339e+01  4.5016e+01 -5.9582e+01  5.6137e+01 -3.8111e+01 -3.1685e+01 -2.0664e+02 -2.5689e+02  1.8847e+02 -4.0709e+01  8.7244e+01  1.2516e+00  7.8808e+01  4.7203e+01  2.0699e+02 -4.2331e+01 -5.4765e+02  3.4278e+02 -1.2714e+01
  6.2006e+02 -3.3130e+04 -3.7465e+04 -6.2372e+03  1.2172e+05  1.5749e+05  4.5778e+02  4.2476e+03  1.8100e+03  8.4494e+02  1.3519e+04  9.4552e+03  9.2702e+02 -7.1829e+03 -5.7456e+03 -5.2405e+02 -1.5109e+01  6.1779e+02  1.2768e+03  2.5295e+03 -4.2624e+03  4.1667e+02  1.2912e+02 -1.0076e+03 -3.2738e+02 -1.7689e+02  1.4837e+02 -5.7332e+02 -1.4260e+02  2.5385e+02  2.1663e+03  5.5704e+02  7.6065e+01 -2.6568e+02  3.9794e+02 -1.5333e+02 -2.2674e+02 -1.2306e+02  5.4047e+01 -1.6688e+01 -2.7037e+02  3.1153e+02  3.6358e+02  1.1743e+03 -8.6127e+02 -2.3457e+03  5.3205e+02  1.3691e+03  7.2388e+02 -2.9215e+02 -1.8531e+03 -1.1176e+02 -5.3011e+01  2.0516e+00  1.2370e+02  4.3619e+01  3.8670e+01  2.8544e+02  1.6714e+02 -3.9971e+01 -2.5674e+02 -1.0018e+02 -4.7442e+01  2.6067e+02  1.4380e+02  1.1267e+02  2.7454e+02  1.8382e+02  5.9731e+01 -3.7709e+01 -1.7558e+01 -6.0843e+01  9.2401e+01  4.3848e+01  8.3065e+01  2.6008e+02  8.3065e+01  2.4479e+02  1.4641e+02  7.9253e+01  8.3223e+01  2.5698e+01  2.1579e+01 -1.0048e+02 -1.5655e+02  1.1016e+02  1.4497e+01
 -7.3183e+04 -2.8665e+04 -5.0459e+02  7.2060e+03  3.8809e+03  4.5778e+02  2.7806e+05  1.1087e+05 -3.2578e+03 -1.3410e+04 -1.3272e+04  2.4693e+03 -1.5279e+03 -5.6762e+02  7.7227e+02  7.7676e+02  1.1086e+03 -1.5171e+03  1.5903e+03  3.3799e+02 -1.9821e+03 -1.5720e+02 -2.9817e+02  7.4939e+02  6.6426e+01 -5.2340e+00 -1.8576e+02  2.6433e+02  1.5007e+02 -5.8327e+02 -1.2913e+03 -7.4939e+02  8.9042e+02  1.7179e+02  1.1320e+02  4.4191e+00  1.6383e+02 -2.3139e+02  3.0162e+02  2.5492e+02  3.9922e+02 -1.0573e+02 -2.0042e+02  4.1715e+02  2.7332e+02  4.5089e+02 -4.4621e+01 -7.9577e+01  4.6805e+02 -2.4578e+02 -3.9964e+02  2.5384e+02  4.6237e+01 -9.0922e+01 -4.4352e+02 -4.7836e+01  2.3996e+02 -2.6583e+02 -1.0181e+02  6.2837e+01  4.2877e+02  2.3138e+02 -4.3493e+01 -3.5335e+02 -2.3208e+02 -3.3714e+01 -5.2988e+02 -4.5905e+02  1.0906e+02  1.9878e+02  1.2167e+02  2.8470e+02 -3.2344e+02 -3.1401e+02 -7.4352e+02 -3.9485e+02 -6.4712e+01 -5.1239e+02 -2.4839e+02  1.0039e+03  1.9652e+02  3.7002e+03 -1.3048e+03  6.7509e+02 -7.7433e+02  2.0305e+03  6.3126e+02
 -2.8782e+04 -3.1850e+04 -4.9416e+02 -2.5908e+04 -7.0660e+03  4.2476e+03  1.1087e+05  1.2172e+05 -1.0619e+03  2.1316e+04  1.4760e+04 -1.8466e+03 -1.6673e+03 -1.6671e+03  2.1325e+02  6.5342e+02  1.2705e+03 -1.2457e+03  2.0758e+02  2.4142e+02 -6.8390e+02 -3.2444e+02  5.1521e+02  6.3824e+02 -8.5593e+01  3.5862e+01 -5.1826e+01  1.0808e+02 -1.7867e+01 -2.4288e+02 -6.5346e+02 -1.6153e+02  2.9267e+02  1.7055e+02 -7.2695e+02  2.0687e+02  2.7607e+02  3.3476e+02 -2.5169e+02  1.5412e+02  3.6722e+02 -1.8195e+02  2.4682e+02 -3.1022e+02 -2.2582e+02  1.7234e+02  4.0104e+02  2.8079e+02  2.4808e+02 -1.9747e+01  6.9568e+01  4.6104e+01 -8.8277e+01 -5.5096e+01 -1.0932e+02  8.9841e+01  2.1705e+02 -5.4494e+00  2.1270e+02  7.0911e+01  1.9744e+02  9.2381e+01 -4.9733e+00 -1.8090e+02 -1.4421e+02 -4.4043e+01 -2.5706e+02 -1.6669e+02  2.4145e+01  1.1925e+02  3.6734e+01  1.3064e+02 -1.9140e+02 -1.5776e+02 -3.6254e+02 -2.5519e+02 -7.9512e+01 -2.3321e+02  1.0075e+03 -1.5613e+03 -8.4250e+01 -1.1387e+03 -1.5258e+03 -3.7947e+02  1.7502e+03  2.7360e+03  1.2962e+03
  3.9785e+01 -2.3222e+02 -1.4869e+04 -1.9915e+04 -4.7768e+03  1.8100e+03 -3.2578e+03 -1.0619e+03  6.3320e+04 -9.1263e+03 -8.7629e+03 -9.4486e+02  9.0037e+03  4.5204e+03 -3.1460e+02 -6.1760e+02 -7.0553e+02  8.1189e+02 -7.5241e+02 -5.2711e+02  1.0896e+03 -1.4390e+02  2.0415e+02 -1.5900e+03 -1.6245e+02 -1.0329e+02  2.3935e+02  2.2258e+02  1.9740e+02 -5.0631e+01  3.9933e+02 -1.8710e+02 -1.3780e+02 -2.3236e+01  3.2056e+02 -1.5450e+02 -2.6328e+02 -1.8444e+02  1.0266e+02 -8.5629e+01 -3.0681e+02  3.1699e+02  2.7257e+02 -3.5785e+02 -2.0578e+02 -2.0720e+02  2.1505e+02 -6.3576e+00 -1.9882e+02  7.9668e+01  2.6099e+02 -2.2609e+01 -6.0104e+01 -7.4199e+00  2.1886e+01  6.5184e+01  1.2479e+02  1.3955e+02  1.6784e+02 -8.1043e+01 -1.9106e+01 -6.8838e+00 -4.6104e+01  9.6011e+01  4.9305e+01  1.0021e+02  1.3220e+02  7.3863e+01  5.9961e+01  1.2209e+01  1.7916e+01  2.2076e+01  3.4691e+01 -3.1731e+01 -5.6864e+01  9.9276e+00 -1.0885e+01 -1.1001e+02  5.1298e+01 -1.5980e+02 -8.0395e+02  5.7768e+02  1.8671e+02 -4.1602e+02  9.7296e+02  8.8613e+02 -2.3798e+02
 -4.6155e+04  2.6599e+04 -1.5262e+04  1.0858e+03 -3.9797e+03  8.4494e+02 -1.3410e+04  2.1316e+04 -9.1263e+03  1.7684e+05 -1.0039e+05  6.1070e+04  1.9542e+03 -1.6843e+03 -3.4087e+02 -7.1821e+01 -5.1210e+02  2.2130e+03 -1.6478e+01 -3.0467e+02  3.5333e+02  1.6669e+03  3.1237e+01  1.2558e+03 -6.7364e+02  3.7301e+02 -3.2045e+02 -5.8068e+02 -2.4594e+02 -1.2319e+02  4.9969e+02  2.3400e+02 -9.7423e+01 -5.6673e+02 -1.4227e+03  5.1758e+02 -3.2832e+03 -1.0288e+03  1.5673e+03  3.7406e+03 -1.4331e+03 -2.0863e+03 -2.7580e+01 -2.1398e+02  6.5539e+01  4.8228e+02 -3.0925e+01 -2.6579e+02  5.4083e+01 -2.2052e+02 -4.2499e+02  2.8557e+02  1.8845e+02 -3.2880e+02  2.1596e+01 -2.1084e+02  4.9386e+02 -6.5360e+01 -5.0651e+02  1.1213e+02  1.4250e+02  2.0930e+02 -1.1433e+02 -1.1520e+02 -2.9414e+02  1.9671e+02 -3.1476e+02 -4.5849e+02  6.8729e+01  8.4310e+01  2.0228e+02  2.8216e+02  1.4504e+01 -2.7228e+02 -7.6410e+02 -2.2134e+02 -3.3141e+02 -3.8913e+02 -5.0840e+01 -2.9143e+02  6.8696e+01 -2.1507e+02 -3.8906e+02 -2.0161e+02  4.9041e+01  1.4779e+02 -2.2110e+01
  2.8985e+04 -4.0156e+04  1.4921e+04  1.2984e+04 -8.8473e+03  1.3519e+04 -1.3272e+04  1.4760e+04 -8.7629e+03 -1.0039e+05  1.5115e+05 -6.1919e+04  3.3924e+02 -2.1146e+03  6.7333e+02  3.4425e+02  2.3826e+03 -1.6860e+02  5.2604e+02  4.4214e+02 -1.2590e+03 -8.1092e+02 -1.4186e+02  1.1840e+03  3.8867e+02  2.2758e+02 -3.1139e+02  5.8741e+02  9.6195e+01 -4.5006e+02 -1.6589e+03 -2.8785e+02 -2.5157e+02 -1.4762e+03 -1.1055e+03  6.8182e+02  9.3365e+02  4.3630e+03 -2.2834e+03 -1.5184e+03 -4.6778e+02  6.1238e+02 -3.0334e+02 -2.7520e+02 -2.1411e+02  4.7057e+02 -1.3980e+02 -8.7338e+01  2.2408e+02 -2.7455e+01 -2.5805e+02 -1.2658e+02 -2.9789e+02 -5.0963e+01 -2.1020e+02  3.2074e+01  3.1920e+02 -1.2205e+02  8.3497e+02  3.4635e+02  3.7528e+02  1.2564e+02 -3.8194e+01 -3.1353e+02 -8.8685e+01 -1.3612e+01 -3.5942e+02 -2.3213e+02  3.4081e+01  2.0714e+02 -3.5741e+01  2.6946e+02 -1.6294e+02 -1.8883e+02 -7.2728e+02 -8.6741e+02  7.0519e+01 -4.8777e+02 -2.4581e+02 -5.2216e+02 -7.6916e+01 -3.4105e+02  6.0262e+02 -8.5961e+00 -3.2344e+02  2.3359e+02  1.2799e+02
 -1.6851e+04  1.4297e+04 -2.2508e+04  1.6287e+04 -1.0689e+04  9.4552e+03  2.4693e+03 -1.8466e+03 -9.4486e+02  6.1070e+04 -6.1919e+04  1.0463e+05 -6.3158e+03  6.2312e+03 -4.2777e+03  2.6327e+03  1.1951e+03 -4.6392e+03  3.2232e+02 -6.7373e+02  3.2164e+02  6.5016e+01  7.8567e+01 -1.0789e+03 -2.4313e+02  5.4767e+01  3.1808e+02 -3.0926e+02 -5.1828e+01  1.3685e+02  1.7308e+03  2.4311e+02  4.9846e+01  1.0144e+03  2.3770e+02 -1.7578e+03 -1.7156e+02 -2.0301e+03  4.6131e+02 -1.7708e+03  1.5330e+03 -8.6539e+02  3.5951e+01 -4.5825e+02 -2.5162e+02 -1.5601e+02  6.0138e+00  2.2098e+01 -1.4165e+02  1.1528e+02  2.0277e+02 -8.5283e+01 -1.2163e+02 -1.0294e+02  6.7266e+01  1.1010e+02  1.8547e+02  1.6846e+02  3.5136e+02  4.5103e+01 -2.0836e+02 -8.7725e+01 -5.9928e+01  2.1197e+02  8.4043e+01  1.3111e+02  2.3067e+02  1.5183e+02  6.4861e+01 -9.3087e+00  4.1139e+01 -2.9631e+01  8.3949e+01 -4.7530e+01 -1.8724e+01  1.8097e+02 -9.2483e+01  1.0826e+02  1.1979e+02 -1.8439e+01  5.7082e+01 -3.3991e+01 -1.4963e+01 -7.7399e+00 -5.3863e+01  7.0416e+01 -8.1470e+01
 -6.2374e+03 -2.5785e+02  1.5260e+03 -1.2120e+03  5.2565e+02  9.2702e+02 -1.5279e+03 -1.6673e+03  9.0037e+03  1.9542e+03  3.3924e+02 -6.3158e+03  4.2045e+04 -3.8835e+03  1.9234e+03 -5.1157e+04  3.3276e+04 -1.6792e+04 -1.3462e+04  1.6697e+03  1.3493e+03 -1.3215e+04 -2.7695e+03 -7.8798e+00 -1.0048e+03 -1.3045e+03 -8.8751e+02 -1.6187e+03 -9.5564e+02  5.4601e+02  2.0128e+02 -8.4213e+02  1.0379e+03 -7.2276e+01  2.0567e+01  6.3413e+01 -1.5896e+02  4.9924e+01  7.6515e+01  5.8994e+01 -2.4877e+00 -1.1335e+02 -1.6565e+01 -4.0914e+01 -3.2231e+01  3.1777e+01 -1.1758e+02 -2.5667e+01 -9.3496e+00  2.8600e+01  1.1745e+01  1.4261e+02 -7.2556e+01  2.8388e+01 -1.7976e+02  1.2805e+02  5.1324e+01 -3.1357e+02  6.6383e+01 -1.0010e+02  9.5757e+01  5.0263e+01 -3.6659e+01 -3.0778e+02 -1.3267e+02 -6.2578e+00 -1.6208e+02 -1.3098e+02  8.9440e+01  1.3790e+02  2.7075e+01  6.0995e+01 -1.4572e+02 -3.7547e+01 -1.2281e+02 -4.1149e+02 -1.6955e+02 -2.8268e+02 -3.3757e+01  1.3915e+01  5.1317e-01  5.3845e+01 -5.4626e+01 -2.9834e+01 -4.1271e+01 -2.4416e-01 -3.1748e+01
 -3.9437e+02 -6.8058e+03  1.8300e+03  1.8387e+03  3.2324e+03 -7.1829e+03 -5.6762e+02 -1.6671e+03  4.5204e+03 -1.6843e+03 -2.1146e+03  6.2312e+03 -3.8835e+03  4.7413e+04  2.7729e+03  3.5580e+04 -4.4002e+04  1.6123e+04  2.7133e+02 -6.9049e+04 -3.3791e+04 -2.9577e+03 -8.5174e+03  9.7025e+01 -1.6764e+03  6.3009e+02 -6.9437e+02 -7.0001e+02  2.8445e+02  9.6889e+01 -5.6013e+02  1.3124e+03  2.8506e+01 -2.1597e+01  5.7201e+01 -7.6277e+01 -4.2944e+01  2.1177e+01 -5.1668e+01 -2.2076e+01 -5.0665e+01  9.5495e+01 -2.7367e+01 -8.4071e+01  9.9296e+01 -4.5437e+01 -1.6982e+02 -1.1151e+02  2.9202e+01  4.6450e+01 -1.3065e+02 -3.3665e+01 -1.2219e+01 -1.5952e+01  5.0295e+01  4.3728e+01 -5.3788e+00 -4.8891e+00  7.6089e+01  1.9042e+01  5.3157e+01 -1.3438e+00 -2.1690e+01 -1.6956e+02  1.5794e+01  4.8757e+00 -1.0139e+02 -7.6795e+00  4.8598e+01  6.5463e+01 -1.5646e+00  1.9077e+01 -6.5558e+01  1.9087e+01 -3.6390e+01 -2.1052e+02  3.7631e+01 -1.1191e+02  4.5886e+01 -4.5508e+01  4.7760e+00 -8.5081e+01  3.6490e+00 -3.3602e+01  7.4936e+00  1.1199e+02  2.5603e+00
  2.1750e+03  2.1811e+03 -1.4598e+04  1.1593e+02  8.2253e+02 -5.7456e+03  7.7227e+02  2.1325e+02 -3.1460e+02 -3.4087e+02  6.7333e+02 -4.2777e+03  1.9234e+03  2.7729e+03  4.3293e+04 -1.9960e+04  1.6952e+04 -2.3000e+04  1.4496e+02 -3.6528e+04 -3.6135e+04  8.8452e+02  6.7697e+02 -5.5359e+03 -2.3518e+03 -1.4215e+03 -1.1294e+03  2.3997e+03  7.9972e+02 -1.6270e+02  9.4670e+02  4.7871e+02 -1.4600e+03  1.1905e+02 -1.3633e+02 -4.8686e+01  2.0566e+02 -1.2474e+02  1.5853e+02  1.7026e+01  2.5887e+01  6.0164e+01 -4.1615e+01  1.7154e+02  4.3103e+01  3.5301e+01 -2.1501e+01  1.5424e+02  5.6396e+01  2.9849e+01  1.9332e+01 -4.3210e+01 -3.8365e+00 -2.7130e+01  1.6359e+02 -1.8297e+01  7.5617e+00  1.1110e+02  2.5185e+01  9.0119e+01  3.1486e+01  3.7119e-01  1.0224e+01  1.2839e+02  7.1823e+01  1.7586e+01  7.5065e+01  4.4166e+01 -2.2268e+01  5.8415e+00 -6.6646e+00  7.4963e+00 -2.1149e+01  1.8419e+01 -1.8020e+01 -9.0426e+01 -3.9028e-01  6.0628e+01 -1.4047e+02 -7.1345e+01 -9.7905e+01 -4.9004e+01 -1.1745e+01  6.6998e+01 -2.3732e+01 -2.3391e+01  6.5648e+01
  2.3024e+03 -2.7362e+03  2.2962e+03  4.3817e+02 -9.8064e+02 -5.2405e+02  7.7676e+02  6.5342e+02 -6.1760e+02 -7.1821e+01  3.4425e+02  2.6327e+03 -5.1157e+04  3.5580e+04 -1.9960e+04  1.8204e+05 -1.2304e+05  6.8725e+04  2.1648e+03 -3.2352e+03 -7.3943e+02 -4.7467e+03  5.5907e+03 -3.0111e+03 -2.9938e+02 -1.0500e+03 -1.5707e+01  5.3107e+02 -2.3744e+02  3.8058e+02 -1.9234e+03 -1.3745e+03 -5.1690e+01 -2.4760e+01  1.2223e+01 -6.1729e+01  2.0919e+02 -5.2371e+01 -7.6093e+00 -1.6751e+01  3.0905e+01  4.3341e+01 -5.5068e+01  1.1324e+02  2.2637e+02 -9.8192e+01  1.0914e+02 -3.1855e+02  1.6035e+01 -1.0486e+02 -2.6490e+02 -1.1549e+02  9.3463e+01 -6.4117e+01  1.1880e+02 -1.2144e+02 -5.5845e+00  2.3231e+02 -2.2066e+01  1.0906e+02  7.8425e+01 -5.2651e+01  2.7008e+01  1.6045e+02  1.3319e+02 -7.7906e+01 -5.1158e+01  6.1767e+01 -1.0291e+02 -1.0500e+02 -1.9409e+01  6.3052e+00  1.4016e+02  1.3667e+01 -5.5710e+01  2.9629e+02  1.9046e+02  1.0872e+02 -8.0006e+01  1.2740e+01 -2.1733e+01  2.1550e+01  3.5620e+01 -7.7366e+01  1.4455e+02 -9.2251e+00  2.9886e+01
  5.5023e+01 -1.9139e+03  1.1518e+03  6.5236e+02 -1.9658e+01 -1.5109e+01  1.1086e+03  1.2705e+03 -7.0553e+02 -5.1210e+02  2.3826e+03  1.1951e+03  3.3276e+04 -4.4002e+04  1.6952e+04 -1.2304e+05  1.5831e+05 -6.7674e+04  1.6906e+04 -1.0686e+04  1.1158e+04 -2.9262e+03  3.3862e+03 -2.1583e+03 -1.4654e+02 -7.3247e+02 -1.2112e+02 -2.5434e+02 -3.1452e+02  3.3085e+02  8.6299e+02  2.4038e+02 -9.0967e+01  1.1917e+02 -1.3576e+02  5.7865e+01 -4.5543e+01  1.0902e+02 -3.9037e+01 -5.5653e+01  1.2865e+02 -7.7750e+01 -4.9243e+01 -2.3036e+01 -1.0968e+01  1.6384e+02  1.6517e+02  4.8217e+01  1.1295e+02  6.5299e+00  8.7272e+01  5.0771e+01 -3.0895e+01 -7.8775e+00 -7.8226e+01  1.9548e+01  9.2597e+01 -8.9090e+01  6.4275e+01  2.8727e+01  5.3000e+01  1.9983e+01 -1.5062e+01 -7.5772e+01 -9.1878e+01  4.2536e+01 -1.2854e+01 -4.5954e+01  1.9708e+01  1.6873e+01  1.5120e+01  4.5693e+00 -6.3878e+01 -6.7222e+01 -4.9064e+01 -1.5270e+02 -8.1383e+01 -7.5879e+01  7.7200e+01  1.2258e+02 -1.2955e+02  1.0474e+02 -6.9725e+01  1.3155e+02 -1.8268e+02 -5.3810e+01  1.4988e+02
 -5.4161e+03  6.1883e+03 -4.7797e+03 -6.1311e+02  1.3876e+03  6.1779e+02 -1.5171e+03 -1.2457e+03  8.1189e+02  2.2130e+03 -1.6860e+02 -4.6392e+03 -1.6792e+04  1.6123e+04 -2.3000e+04  6.8725e+04 -6.7674e+04  9.1117e+04  1.2316e+04 -1.0864e+04  7.6495e+03 -1.3339e+03 -5.7027e+02  4.7642e+02  3.2584e+02  1.0039e+02  2.5812e+02  3.9299e+02  3.8123e+02 -6.8637e+02 -1.1378e+03 -9.4744e+02  7.5278e+02 -1.7225e+02  1.4096e+02  7.9012e+01 -1.1286e+02  6.6488e+01 -5.9768e+01  4.5871e+01  7.0564e+00 -8.3332e+01  5.2796e+01  2.9060e+01  1.9843e+02 -1.5886e+02  1.0778e+02 -1.1280e+02  5.0214e+01 -5.7523e+00 -1.3764e+02  5.2619e+01 -4.2765e+01  1.6297e+01 -1.2741e+02  6.2269e+01  4.9222e+01 -7.1658e+01  9.5286e+01 -4.1058e+01  1.2318e+02  6.5098e+01 -5.5173e+01 -8.2068e+01 -5.6264e+01  9.7047e+01 -1.1288e+02 -9.9561e+01  6.2730e+01  6.8052e+01  2.0335e+01  6.4794e+01 -6.3412e+01 -5.4825e+01 -1.4854e+02 -1.4443e+02 -6.0633e+00 -1.3016e+02 -2.6173e+01 -1.0268e+02  8.3238e+01  9.4278e+01  1.6752e+02 -5.3904e+01  1.7714e+02  1.3671e+02 -4.9897e+01
 -1.1926e+03  1.9585e+03  2.2242e+03  2.0596e+03 -1.9776e+03  1.2768e+03  1.5903e+03  2.0758e+02 -7.5241e+02 -1.6478e+01  5.2604e+02  3.2232e+02 -1.3462e+04  2.7133e+02  1.4496e+02  2.1648e+03  1.6906e+04  1.2316e+04  4.6480e+04 -1.8425e+03 -5.4035e+03  1.3010e+03 -6.7549e+03 -4.9510e+03 -1.4495e+03  3.1169e+01 -2.3227e+02 -1.2767e+02  1.4912e+02  4.5203e+02 -7.4856e+02  2.0058e+02 -2.6724e+02 -1.0431e+01 -1.3986e+02  1.7977e+02  1.2470e+02  3.2856e+01 -4.1355e+02  8.1453e+01  1.3620e+02 -1.2324e+02 -1.9201e+01  8.2101e+01  3.2442e+01  9.2278e+01 -1.7140e+01 -3.2736e+01  5.2502e+01 -8.4265e+01 -6.9804e+01  1.4598e+01  5.4437e+01  2.0935e+01 -1.0754e+02 -6.8267e+01 -8.0420e+01  3.8819e+01 -7.5979e+01  3.1475e+01  1.8096e+02  1.2680e+02 -7.4284e-01  3.5248e+01 -2.6446e+01 -1.1829e+01 -8.4217e+01 -8.4703e+01 -1.0833e+01 -5.0847e+01  1.0347e+01  1.5263e+01  1.5185e+01 -3.5607e+01 -7.5251e+01  1.3315e+02  4.3699e+01  7.2175e+00  7.4728e+01 -9.4786e-01 -1.2121e+02 -1.3077e+01 -7.9000e+01  1.3434e+02  3.8179e+01  6.3025e+01  6.6118e+01
  1.8073e+02  3.5803e+03  3.0290e+03 -1.1698e+03 -8.7766e+02  2.5295e+03  3.3799e+02  2.4142e+02 -5.2711e+02 -3.0467e+02  4.4214e+02 -6.7373e+02  1.6697e+03 -6.9049e+04 -3.6528e+04 -3.2352e+03 -1.0686e+04 -1.0864e+04 -1.8425e+03  2.4472e+05  1.2939e+05  6.9164e+02 -2.7067e+03 -1.7999e+03 -5.0028e+02  1.4998e+02  1.1956e+02  1.7292e+02  2.4934e+02  2.0309e+02 -1.7464e+03 -5.6515e+02 -5.5498e+01  7.6130e+01 -1.3127e+02  1.1386e+02 -1.6117e+01  5.5413e+01 -2.5873e+02 -1.5210e+02  8.1369e+01 -1.9841e+02  3.7002e+01 -5.1738e+01 -1.3252e+02 -8.4645e+00  2.7343e+02  2.1879e+02 -7.1489e+01  7.0073e+00  1.2686e+02  2.2389e+01  4.6849e+01  1.4179e+01 -1.1117e+02 -1.3239e+02 -7.4389e+00  9.3871e+01 -1.6917e+02 -5.6267e+01 -6.3692e+00  3.6143e+01  6.2370e+01  2.3056e+02 -6.1332e+01 -1.5054e+02  7.9593e+01 -4.4551e+01 -1.5396e+02 -1.0358e+02  2.5865e+01  1.5304e+01  1.9911e+02 -8.0774e+01 -3.0561e+01  3.8523e+02 -4.2180e+01  1.0177e+02 -8.2926e+01 -8.4230e+01  3.8713e+01  6.8349e+01  1.7647e+02 -1.7099e+01 -2.6067e+01 -4.3222e+01 -1.4531e+02
  9.9595e+02 -6.5925e+03 -6.3840e+03  5.6846e+02  3.5823e+03 -4.2624e+03 -1.9821e+03 -6.8390e+02  1.0896e+03  3.5333e+02 -1.2590e+03  3.2164e+02  1.3493e+03 -3.3791e+04 -3.6135e+04 -7.3943e+02  1.1158e+04  7.6495e+03 -5.4035e+03  1.2939e+05  1.4209e+05 -1.4718e+03 -4.9414e+02  5.6497e+02  3.9171e+02  9.1721e+01  3.5529e+02  7.9890e+02  3.7937e+02 -7.6279e+02 -1.6055e+03 -1.2972e+02  6.4341e+02  1.2521e+02 -3.7025e+01  2.1337e+02 -4.6991e+02 -3.9418e+01 -1.1187e+02  1.0500e+02 -4.2124e+01 -1.7184e+02  1.3305e+01 -2.5876e+02 -2.3958e+00  4.2905e+01  6.7333e+01 -8.6682e+01  8.6060e+00 -2.2184e+00 -8.7379e+01  9.6539e+01 -4.3285e+01  4.3607e+00 -1.2340e+02  6.8734e+01  1.1031e+02 -4.7025e+01  4.5256e+01 -7.3856e+01  1.0462e+02  4.8448e+01 -6.5148e+01 -3.8809e+01 -6.6597e+01  9.3815e+01 -1.0408e+02 -8.9490e+01  4.6122e+01  6.0192e+01  3.6159e+01  6.4779e+01 -3.7543e+01 -6.4004e+01 -1.3906e+02 -5.3584e+01 -4.2410e+01 -1.0338e+02 -1.3465e+02  2.6574e-01  1.2022e+02  2.4592e+02  1.3531e+02 -7.3201e+01  1.9098e+02 -1.7914e+01 -1.0888e+02
 -1.2325e+03 -5.6323e+02  5.1470e+02  2.3414e+02  1.3601e+03  4.1667e+02 -1.5720e+02 -3.2444e+02 -1.4390e+02  1.6669e+03 -8.1092e+02  6.5016e+01 -1.3215e+04 -2.9577e+03  8.8452e+02 -4.7467e+03 -2.9262e+03 -1.3339e+03  1.3010e+03  6.9164e+02 -1.4718e+03  4.6427e+04  1.5151e+04  7.4053e+03 -1.5359e+04 -7.1364e+03 -1.5112e+04 -1.0294e+04 -2.1055e+03  5.3101e+03 -5.8511e+03 -1.3328e+03  1.1627e+04 -2.5877e+02  8.4570e+01 -1.1235e+01  4.1952e+02  3.1335e+02 -2.7259e+02  4.5455e+01  1.0092e+02 -2.9506e+01 -6.2730e+01 -1.5201e+02 -1.2275e+02  3.5263e+02  4.0273e+01  8.0100e+01  1.0468e+01  1.8682e+01  7.3328e+01 -1.8349e+01 -9.6005e+01  6.3353e+01 -8.4396e+01  2.5384e+02  9.0954e+01 -3.6987e+01 -6.4694e+00 -2.3557e+02  4.7803e+01  3.7512e+01 -5.4806e+01 -2.9701e+02 -9.2536e+01 -2.3241e+02 -6.9140e+01 -1.4213e+02  2.4933e+02  1.2408e+01  1.2954e+01  1.0683e+02 -1.8604e+02 -5.6377e+01 -1.5874e+02  3.0858e+02 -2.8307e+00 -1.3202e+02  1.4447e+02  8.8855e+01 -3.3197e+01 -5.8990e+01 -1.0852e+02  6.2998e+01 -1.2172e+02 -3.6413e+01  7.6166e+01
 -8.8848e+02 -9.1326e+02  2.0687e+02  3.2724e+02  1.3207e+03  1.2912e+02 -2.9817e+02  5.1521e+02  2.0415e+02  3.1237e+01 -1.4186e+02  7.8567e+01 -2.7695e+03 -8.5174e+03  6.7697e+02  5.5907e+03  3.3862e+03 -5.7027e+02 -6.7549e+03 -2.7067e+03 -4.9414e+02  1.5151e+04  2.6590e+04  1.0523e+04 -7.0006e+03 -1.0144e+04 -1.1414e+04 -1.9505e+03 -5.0407e+03  5.6534e+02 -2.2129e+03 -3.3092e+02  5.1680e+03 -5.0489e+01  7.4960e+00 -1.3821e+02  3.6934e+02 -4.8376e+00  3.6290e+02 -3.4978e+01  2.2208e+01  8.6131e+01 -6.2756e+01 -9.2037e+01  3.7725e+01  9.2893e+01  1.4571e+01 -3.6155e+02  1.3851e+02 -5.2750e+01 -1.2538e+02 -7.4228e+01 -6.6090e+01 -6.6725e+01  1.0486e+02  9.5644e+00  6.5633e+01 -7.1922e+01  3.3512e+02  1.4701e+02 -2.1568e+01 -1.0860e+02 -5.8764e+01 -1.9252e+02  1.9479e+02 -7.1254e+00 -1.0997e+02  6.8516e+01  1.4773e+02  6.2404e+01 -6.4077e+01  1.9210e+01 -1.2629e+02  2.1354e+01 -6.4727e+01 -1.7709e+02  9.8037e+01 -1.2177e+02  6.6877e+01  2.2151e+01 -2.8516e+01 -6.7218e+01 -3.8397e+01  4.9549e+01 -4.3354e+01  2.1226e+01  4.3897e+01
  2.3925e+03  1.2352e+03 -7.9188e+02  1.5579e+03  7.7033e+02 -1.0076e+03  7.4939e+02  6.3824e+02 -1.5900e+03  1.2558e+03  1.1840e+03 -1.0789e+03 -7.8798e+00  9.7025e+01 -5.5359e+03 -3.0111e+03 -2.1583e+03  4.7642e+02 -4.9510e+03 -1.7999e+03  5.6497e+02  7.4053e+03  1.0523e+04  7.1231e+04 -1.4915e+04 -1.1324e+04 -3.4993e+04  7.4012e+03  1.5163e+03 -2.0260e+04  3.8929e+03  7.9970e+02  4.2551e+02  2.8483e+01 -2.7420e+02 -5.6683e+01 -4.7511e+02  6.9668e+02  2.6612e+02  2.0961e+00  2.2514e+02  3.2767e+01 -2.7824e+02  1.4629e+02  1.2143e+02  4.5442e+02 -7.3222e+02 -4.8325e+02  3.4868e+02 -2.2142e+02 -2.2835e+02  1.4686e+02 -2.3073e+01 -3.1015e+02 -5.0210e+01 -1.8920e+02  5.4104e+02 -4.9984e+02  1.6910e+02  5.0816e+02 -8.8172e+02 -2.7270e+02 -3.9253e+02  2.1906e+01 -1.8639e+01  1.1759e+03  5.6356e+02  3.4222e+02  2.2277e+02  2.9983e+02  4.1933e+01 -2.5723e+02 -4.7960e+02 -1.0667e+02  1.2511e+02 -1.1329e+03 -2.1488e+02 -3.3958e+00  9.7707e+00 -9.8658e+00 -2.8412e+01 -4.1088e+01 -7.4504e+00  5.8320e+01 -2.7648e+01  5.5398e+00  5.2519e+01
 -1.9582e+02 -1.0643e+02 -1.9890e+02  3.0858e+02 -5.8659e+01 -3.2738e+02  6.6426e+01 -8.5593e+01 -1.6245e+02 -6.7364e+02  3.8867e+02 -2.4313e+02 -1.0048e+03 -1.6764e+03 -2.3518e+03 -2.9938e+02 -1.4654e+02  3.2584e+02 -1.4495e+03 -5.0028e+02  3.9171e+02 -1.5359e+04 -7.0006e+03 -1.4915e+04  1.3286e+04  7.3406e+03  1.4718e+04  1.8963e+03  1.7077e+02  5.2634e+02 -1.0214e+02  5.0683e+02 -1.6837e+03  1.2495e+02  3.3738e+00  1.1738e+01 -1.8745e+02 -3.2049e+02  9.4374e+01  2.6897e+01 -1.1949e+02  3.5417e+01 -1.0668e+02  1.2563e+02  1.6948e+02 -2.3624e+02 -2.6986e+02 -2.3540e+02 -1.4437e+02  1.3481e+02  9.5102e+01 -3.1730e+01  1.5255e+02  4.1499e+01  9.0147e+00 -1.0485e+02 -1.0836e+02  1.8605e+02 -3.3466e+02 -6.4051e+00  5.1446e+01  2.0938e+01  1.9495e+02  4.5684e+02  1.7826e+02 -3.8303e+02 -8.9611e+01 -3.2371e+01 -7.9449e+01 -3.6670e+02 -3.7838e+01 -1.2425e+02 -1.5185e+02  5.4108e+01  1.2151e+02  5.2672e+02  1.9418e+02  5.8684e+02 -5.7043e+01 -3.8446e+01  1.1127e+01 -1.2327e+01  1.8063e+01 -2.1519e+01  1.4999e+01  1.0761e+01 -2.0886e+01
 -1.2750e+02  4.8948e+01 -6.0958e+01 -1.1152e+02 -9.5815e+02 -1.7689e+02 -5.2340e+00  3.5862e+01 -1.0329e+02  3.7301e+02  2.2758e+02  5.4767e+01 -1.3045e+03  6.3009e+02 -1.4215e+03 -1.0500e+03 -7.3247e+02  1.0039e+02  3.1169e+01  1.4998e+02  9.1721e+01 -7.1364e+03 -1.0144e+04 -1.1324e+04  7.3406e+03  7.2369e+03  1.1729e+04  7.3861e+01  1.5827e+03 -6.3216e+02  1.8074e+02 -1.1297e+03 -5.6963e+02 -1.8361e+01 -8.8232e+01  5.3065e+01 -1.6198e+02  1.9528e+02  1.2542e+01  4.5299e+01 -1.1788e+02 -3.9392e+01  1.4635e+02  5.8918e+01 -9.0202e+01 -3.5032e+02  1.4668e+02  4.8255e+02  9.3334e+00  5.4903e+01  5.8557e+01  6.8548e+01 -2.4195e+01  1.5047e+01  7.3079e+01 -1.8477e+01 -2.4621e+01 -7.6192e+01 -1.9956e+02 -1.1967e+02  3.2837e+01  9.9800e+01  8.4112e+01  2.1077e+02 -1.9334e+02 -1.3765e+02  4.0361e+01 -3.9277e+01 -6.8126e+01 -8.4967e+01  1.1815e+02 -1.5597e+01  6.9606e+01  9.9105e+00  6.4231e+01  3.3235e+02 -5.2416e+02  1.8108e+02 -3.3454e+01 -6.8733e+00  8.9576e+00  1.6444e+01 -2.3764e+00 -1.1794e+01 -5.0559e+00 -2.2921e+01 -1.6634e+01
  3.0162e+02  1.6395e+02  1.4592e+02 -5.8583e+02 -3.6650e+02  1.4837e+02 -1.8576e+02 -5.1826e+01  2.3935e+02 -3.2045e+02 -3.1139e+02  3.1808e+02 -8.8751e+02 -6.9437e+02 -1.1294e+03 -1.5707e+01 -1.2112e+02  2.5812e+02 -2.3227e+02  1.1956e+02  3.5529e+02 -1.5112e+04 -1.1414e+04 -3.4993e+04  1.4718e+04  1.1729e+04  3.6017e+04 -5.6971e+02 -1.2764e+03 -5.1897e+03 -2.6880e+03 -4.8009e+02  5.0840e+01  2.1367e+01  1.1880e+02  6.7276e+01  7.6553e+01 -1.9475e+02 -2.6177e+02 -6.6762e+00 -8.5907e+01 -4.0011e+00  2.6545e+02 -9.5345e+01 -3.9371e+01 -4.4728e+02  5.8169e+02 -3.1805e+01 -4.4573e+01  2.4394e+01  6.1895e+01 -1.5400e+01 -2.1623e+00  1.3309e+02 -2.8620e+01  1.0884e+02 -1.4845e+02  1.0565e+02 -1.3147e+02 -3.2669e+02  3.2195e+02  4.4256e+01  6.2537e+01 -2.0009e+02  7.0545e+01 -4.6060e+02 -8.3126e+01  1.0359e+01 -4.2837e+01 -2.0642e+02 -3.0157e+01  1.3823e+02  1.5918e+02  6.2354e+01  4.5311e+01  6.9454e+02  1.5210e+02 -3.7050e+02 -2.2305e+01 -6.9165e+00  2.3206e+01  3.3640e+01  2.5937e+01 -3.4961e+01  3.5633e+01  1.8219e+00 -3.8579e+01
 -2.5635e+02 -1.5369e+02  9.2509e+01  1.0877e+02 -6.5742e+02 -5.7332e+02  2.6433e+02  1.0808e+02  2.2258e+02 -5.8068e+02  5.8741e+02 -3.0926e+02 -1.6187e+03 -7.0001e+02  2.3997e+03  5.3107e+02 -2.5434e+02  3.9299e+02 -1.2767e+02  1.7292e+02  7.9890e+02 -1.0294e+04 -1.9505e+03  7.4012e+03  1.8963e+03  7.3861e+01 -5.6971e+02  2.8664e+04  1.0162e+04 -5.5293e+03 -6.8730e+04 -2.6638e+04 -9.4246e+03  7.6742e+01 -8.8174e+01  1.6326e+00 -2.2884e+02  3.5422e+01  1.1050e+02 -1.5321e+01  3.5557e+01  1.4241e+01 -4.9695e+01  6.1312e+01  5.1784e+01  1.7390e+01 -6.1202e+01 -7.5101e+01  8.1218e+01 -4.2249e+01 -5.8554e+01  5.1815e+01  5.6000e+01 -1.2328e+02  3.3153e+01 -2.4087e+02  9.9332e+01 -1.3129e+02 -3.3265e+00  2.7890e+02 -2.3989e+03 -9.3812e+02 -2.6494e+02 -7.4183e+02 -2.8677e+02  5.5785e+02 -4.2489e+02 -5.3692e+01 -1.6759e+01  1.0763e+02  1.7471e+01 -1.4030e+02 -2.3877e+01 -1.3004e+01  4.8280e+01 -7.3375e+02 -1.0780e+02 -2.4687e+01 -4.0391e+01 -2.9517e+01  9.9874e+00 -1.2795e+01  2.1862e+01 -2.5852e+01  5.8652e+00  7.7367e+00 -2.9351e+01
 -1.6384e+02  9.8402e+01  7.3207e+01 -4.2517e+01 -5.1173e+02 -1.4260e+02  1.5007e+02 -1.7867e+01  1.9740e+02 -2.4594e+02  9.6195e+01 -5.1828e+01 -9.5564e+02  2.8445e+02  7.9972e+02 -2.3744e+02 -3.1452e+02  3.8123e+02  1.4912e+02  2.4934e+02  3.7937e+02 -2.1055e+03 -5.0407e+03  1.5163e+03  1.7077e+02  1.5827e+03 -1.2764e+03  1.0162e+04  7.1130e+03  1.8498e+02 -2.5626e+04 -1.8209e+04 -4.6037e+03 -2.2669e+01  2.8515e+00  2.2702e+01  1.3239e+01 -2.0376e+00 -1.2396e+02  1.8591e+01  2.7910e+01 -7.3855e+00 -1.7269e+01  4.4869e+01  1.2149e+01  2.6118e+01 -9.6513e+01  3.3167e+01 -4.5901e+00 -7.6834e+00  5.9995e+00  6.6348e+01 -2.1030e+01  6.4450e+01 -1.5615e+02  9.5638e+01 -3.8448e+01  5.0173e+00 -1.6179e+02 -8.0195e+01 -9.7020e+02  1.0706e+02 -9.1505e+01 -1.9843e+02 -2.5510e+02  2.1891e+02 -8.8635e+00 -6.4043e+01 -4.0066e+01  1.8920e+01  4.7860e+01 -3.5035e+01 -3.8951e+00 -1.5153e+01  2.3065e+01 -8.9443e+01 -1.0956e+02  4.1406e+01 -1.3890e+01 -1.9762e+00  7.0779e+00  7.2970e+00 -1.0202e+00 -1.7789e+01 -6.5996e+00 -1.5290e+01 -1.0672e+01
  2.0352e+02  7.8537e+01  2.9086e+01 -6.0765e+02 -8.4699e+01  2.5385e+02 -5.8327e+02 -2.4288e+02 -5.0631e+01 -1.2319e+02 -4.5006e+02  1.3685e+02  5.4601e+02  9.6889e+01 -1.6270e+02  3.8058e+02  3.3085e+02 -6.8637e+02  4.5203e+02  2.0309e+02 -7.6279e+02  5.3101e+03  5.6534e+02 -2.0260e+04  5.2634e+02 -6.3216e+02 -5.1897e+03 -5.5293e+03  1.8498e+02  2.5824e+04 -2.2150e+03 -1.1261e+03 -1.2810e+04 -2.8403e+01  1.3489e+02  2.0174e+01  1.5168e+02 -3.3744e+02 -2.5016e+01  4.5419e+01 -1.9154e+02 -1.3700e+01  1.2477e+02 -9.7012e+01 -5.9845e+01 -2.1878e+02  2.8866e+02  2.0240e+02 -1.8411e+02  1.4558e+02  1.1926e+02 -1.1151e+02  5.4499e+01  1.1343e+02  1.0390e+02 -1.6805e+01 -3.0628e+02  3.0542e+02 -8.3369e+01 -1.9644e+02  4.0779e+02  1.2413e+02  6.2430e+02  1.2603e+02  1.0172e+01 -6.0404e+02 -4.0377e+02 -2.1582e+02 -2.2685e+02 -1.6787e+02 -2.0870e+01  1.0250e+02  2.6331e+02  4.0766e+01 -9.8812e+01  4.4621e+02  8.0940e+01 -4.4011e+00  5.2521e+01  3.3139e+01  2.7651e+01 -3.0200e+01 -3.9571e+01 -3.6808e+01 -4.7951e+01 -1.9535e+01 -2.9868e+01
  4.9741e+00 -1.6392e+02  1.8239e+02 -8.1635e+02  1.2954e+03  2.1663e+03 -1.2913e+03 -6.5346e+02  3.9933e+02  4.9969e+02 -1.6589e+03  1.7308e+03  2.0128e+02 -5.6013e+02  9.4670e+02 -1.9234e+03  8.6299e+02 -1.1378e+03 -7.4856e+02 -1.7464e+03 -1.6055e+03 -5.8511e+03 -2.2129e+03  3.8929e+03 -1.0214e+02  1.8074e+02 -2.6880e+03 -6.8730e+04 -2.5626e+04 -2.2150e+03  2.8205e+05  1.0434e+05 -8.3597e+02 -9.3552e+01  6.5494e+01 -6.6258e+01  6.2101e+02  1.3763e+02 -9.5180e+01 -9.5625e+01  8.9947e+01 -3.3123e+00  7.3545e+01 -6.2160e+01 -1.3067e+02  3.1781e+01  1.5125e+02  3.4476e+02 -8.1163e+01 -1.1131e+01  4.8325e+01 -3.5202e+02 -2.1719e+02  6.2460e+01  3.6939e+02  6.0289e+02 -3.2755e+01  5.3207e+02  8.7787e+02 -4.5588e+02  2.8480e+03  2.7283e+03  3.7729e+02  1.5592e+03  8.3972e+02 -6.7399e+03  1.7521e+03 -3.2811e+03  4.7437e+03 -1.8972e+02 -2.7311e+02  5.2250e+02 -2.3270e+02  1.3668e+02  1.2523e+02  2.1190e+03  5.1114e+02  5.0150e+02  5.3839e+01  4.0456e+01 -6.1159e+01  2.4184e+01 -1.5976e+01  9.9036e+01  4.9162e+00 -1.6943e+01  9.5257e+01
  2.0059e+01 -1.1774e+02  1.2960e+02 -2.3847e+02  1.1164e+03  5.5704e+02 -7.4939e+02 -1.6153e+02 -1.8710e+02  2.3400e+02 -2.8785e+02  2.4311e+02 -8.4213e+02  1.3124e+03  4.7871e+02 -1.3745e+03  2.4038e+02 -9.4744e+02  2.0058e+02 -5.6515e+02 -1.2972e+02 -1.3328e+03 -3.3092e+02  7.9970e+02  5.0683e+02 -1.1297e+03 -4.8009e+02 -2.6638e+04 -1.8209e+04 -1.1261e+03  1.0434e+05  8.1014e+04  8.1146e+02  1.2148e+02  4.4283e+01 -4.1953e+01 -1.7894e+02 -1.6716e+02  1.5572e+02 -8.8158e+01 -8.6584e+01  1.7720e+01  1.3168e-01 -5.7432e+01 -4.4311e+00  6.5255e+01  1.3011e+02 -1.4947e+02 -2.3532e+01 -1.3133e+01  8.7430e+00 -1.8202e+02  1.9800e+02 -3.0905e+02  5.7680e+02 -7.9046e+02  3.7356e+02  4.4455e+02  5.6784e+02  6.2794e+02  2.8099e+03 -1.4845e+03  5.1903e+02  7.3106e+01  1.4164e+03 -3.3150e+03 -2.7797e+03 -2.7302e+03  2.4451e+03 -6.1012e+01 -2.7394e+02  1.0543e+02  4.7047e+00 -4.4222e+01 -1.1085e+01  2.5887e+02  7.1095e+02 -4.4293e+01  1.0290e+01 -1.0412e+01 -2.0870e+01 -1.1063e+01  2.2674e+01  3.5582e+01  2.8980e+01  3.3201e+01  2.3839e+01
  2.0269e+02  3.0156e+02 -7.1775e+01 -5.2159e+01 -2.1848e+02  7.6065e+01  8.9042e+02  2.9267e+02 -1.3780e+02 -9.7423e+01 -2.5157e+02  4.9846e+01  1.0379e+03  2.8506e+01 -1.4600e+03 -5.1690e+01 -9.0967e+01  7.5278e+02 -2.6724e+02 -5.5498e+01  6.4341e+02  1.1627e+04  5.1680e+03  4.2551e+02 -1.6837e+03 -5.6963e+02  5.0840e+01 -9.4246e+03 -4.6037e+03 -1.2810e+04 -8.3597e+02  8.1146e+02  6.6038e+04 -5.7574e+01 -3.2405e+01 -8.7219e+00  1.8183e+02  1.2386e+02 -2.8573e+01 -2.5827e+01  1.1630e+02 -1.3375e+01 -4.3033e+01  5.1141e+01  1.2529e+01  1.3877e+02 -1.6792e+02 -6.1146e+01 -1.1087e+01 -8.0111e+01  4.5794e+00  4.8855e+01 -2.1843e+02  6.3906e+01 -1.5828e+01  2.7684e+02  2.4652e+02 -3.0028e+02  3.3747e+02 -3.4378e+02  4.6261e+01  2.6884e+02 -3.5179e+03 -4.7395e+03 -8.9023e+02 -5.6370e+02  3.9303e+03  9.9150e+02  1.0519e+03  2.1353e+02 -6.6000e+00  2.0486e+02  2.7916e+01 -2.2343e+01  1.9848e+02  2.6578e+02  1.5991e+02 -3.0909e+02 -6.9215e+01 -3.1609e+01 -1.0182e+01  9.4707e+01  6.4723e+01  1.9454e+01  1.1092e+02  3.3279e+01  1.3370e+01
 -6.1604e+02  9.3990e+02 -2.7635e+02 -5.7545e+02  1.1856e+02 -2.6568e+02  1.7179e+02  1.7055e+02 -2.3236e+01 -5.6673e+02 -1.4762e+03  1.0144e+03 -7.2276e+01 -2.1597e+01  1.1905e+02 -2.4760e+01  1.1917e+02 -1.7225e+02 -1.0431e+01  7.6130e+01  1.2521e+02 -2.5877e+02 -5.0489e+01  2.8483e+01  1.2495e+02 -1.8361e+01  2.1367e+01  7.6742e+01 -2.2669e+01 -2.8403e+01 -9.3552e+01  1.2148e+02 -5.7574e+01  2.7641e+04  3.1103e+02 -7.2396e+03 -9.1158e+04 -7.6548e+03  2.7669e+04 -1.2206e+04  5.3179e+03 -8.8146e+02 -1.2589e+00  4.1077e+01  2.4467e+00 -1.9119e+01  1.0644e+01  2.0936e+01  3.9541e-01 -1.7750e+01  8.3870e+00 -5.4404e+02 -2.9893e+02  4.4141e+02 -4.7686e+02 -5.2419e+02 -2.8861e+02 -2.2603e+02  6.3288e+02  5.5095e+02  1.7557e+01 -4.3673e+01  2.2534e+01 -1.3182e+01  1.1505e+02 -6.4806e+01  1.1651e+01  5.8361e+01 -2.7803e+01  2.9768e+00 -9.4720e+01  1.0577e+01 -4.1509e+00  3.7972e+01 -2.8749e+01 -7.9345e+01  1.2604e+02 -5.3314e+01 -7.3306e+01  2.3137e+01 -2.0934e+01  1.1757e+02 -4.6252e+01  4.7733e+01  5.2428e+01 -2.9467e+01  1.7067e-01
  1.0032e+03 -4.6610e+02  6.4967e+00  1.5217e+02  1.1109e+01  3.9794e+02  1.1320e+02 -7.2695e+02  3.2056e+02 -1.4227e+03 -1.1055e+03  2.3770e+02  2.0567e+01  5.7201e+01 -1.3633e+02  1.2223e+01 -1.3576e+02  1.4096e+02 -1.3986e+02 -1.3127e+02 -3.7025e+01  8.4570e+01  7.4960e+00 -2.7420e+02  3.3738e+00 -8.8232e+01  1.1880e+02 -8.8174e+01  2.8515e+00  1.3489e+02  6.5494e+01  4.4283e+01 -3.2405e+01  3.1103e+02  2.2396e+04 -1.7572e+04 -1.6859e+04 -1.1489e+04  1.0982e+04  1.4180e+04 -7.4387e+04  5.7615e+04  3.3547e+01 -4.0609e+01 -1.8561e+01 -6.1564e+01  8.1721e+01  2.5388e+01 -3.8089e+01  1.4272e+01  3.3169e+01 -2.8743e+02  1.4605e+02  2.2720e+02 -2.8038e+02 -1.4259e+02 -6.4690e+01  1.4506e+02  1.7664e+01 -1.2656e+02 -2.4525e+01 -8.4331e+00  1.8732e+01  2.7228e+01  1.0075e+01 -4.1471e+01  1.8587e+01  1.8225e+01 -3.7377e+01 -3.1177e+01 -5.6769e+00  3.5201e+00  7.6800e+01  6.4173e+00  3.2847e+01  1.1125e+02  1.0365e+02 -3.7920e+00  1.0181e+01  2.9184e+01  2.3537e+00  9.0300e+01 -1.9358e+01  1.9444e+01 -1.6591e+00 -1.7301e+01 -6.3005e+00
 -2.4866e+02  2.0707e+01  2.7602e+02 -1.2202e+02  2.7124e+02 -1.5333e+02  4.4191e+00  2.0687e+02 -1.5450e+02  5.1758e+02  6.8182e+02 -1.7578e+03  6.3413e+01 -7.6277e+01 -4.8686e+01 -6.1729e+01  5.7865e+01  7.9012e+01  1.7977e+02  1.1386e+02  2.1337e+02 -1.1235e+01 -1.3821e+02 -5.6683e+01  1.1738e+01  5.3065e+01  6.7276e+01  1.6326e+00  2.2702e+01  2.0174e+01 -6.6258e+01 -4.1953e+01 -8.7219e+00 -7.2396e+03 -1.7572e+04  1.6681e+04  3.5365e+04  9.0076e+03 -1.8007e+04 -8.3778e+03  5.9261e+04 -4.7484e+04 -2.5674e+00 -1.1816e+01  2.8705e+01  2.8335e+01  1.1470e+01 -7.5726e+01 -1.4410e+01  2.8031e+01 -2.1087e+01  4.5078e+02  2.3727e+02 -2.5856e-01  4.0305e+01  3.3937e+01  1.5325e+02  2.0096e+02 -3.3595e+02 -3.8495e+02  1.0043e+01  2.1471e+01 -3.8776e+00 -7.1454e+00 -3.5717e+01 -4.1951e+01 -6.4690e+00 -2.3898e+01  2.1978e+01  3.1478e-01  2.2073e+01  3.5422e+01 -9.7007e+00  2.8994e+01 -1.9838e+01  3.4668e+01  3.4543e+01 -8.5973e+01  2.9107e+00  2.7846e+00  2.4253e+01  3.1832e+00 -2.1058e+01 -6.2889e+01 -1.2257e+01  3.1556e+00 -1.4557e+01
 -4.4037e+02  2.2041e+02  6.7342e+01  2.9170e+02  4.8587e+02 -2.2674e+02  1.6383e+02  2.7607e+02 -2.6328e+02 -3.2832e+03  9.3365e+02 -1.7156e+02 -1.5896e+02 -4.2944e+01  2.0566e+02  2.0919e+02 -4.5543e+01 -1.1286e+02  1.2470e+02 -1.6117e+01 -4.6991e+02  4.1952e+02  3.6934e+02 -4.7511e+02 -1.8745e+02 -1.6198e+02  7.6553e+01 -2.2884e+02  1.3239e+01  1.5168e+02  6.2101e+02 -1.7894e+02  1.8183e+02 -9.1158e+04 -1.6859e+04  3.5365e+04  3.6208e+05  5.9993e+04 -1.3238e+05  6.2656e+03  3.4429e+03 -4.8733e+03  2.4250e+01 -6.7152e+01  1.5302e+01 -2.5991e+01  1.9244e+01 -4.0441e+01  6.4014e+00  2.3479e+01 -7.7785e+01 -1.3747e+03 -2.1894e+01 -2.4161e+02  3.1120e+03  3.5237e+03  1.7079e+03  1.0495e+03 -3.7908e+03 -3.8198e+03 -1.0023e+02  2.0727e+02 -8.1683e+01  3.5290e+01 -6.6916e+02  1.2686e+02 -4.8646e+01 -2.3029e+02  1.4684e+02 -9.6849e+00  4.8925e+02  4.8936e+01 -3.1173e+01 -4.6634e+00  1.1182e+02  6.6950e+02 -3.7750e+02  4.4003e+01  1.1117e+02 -4.0892e+01  2.5672e+01 -2.0270e+02  1.4985e+02 -4.7661e+01 -1.0530e+02  1.3499e+01 -2.5515e+01
  3.4271e+02 -7.1177e+02  4.5397e+02  1.8420e+02  2.7789e+02 -1.2306e+02 -2.3139e+02  3.3476e+02 -1.8444e+02 -1.0288e+03  4.3630e+03 -2.0301e+03  4.9924e+01  2.1177e+01 -1.2474e+02 -5.2371e+01  1.0902e+02  6.6488e+01  3.2856e+01  5.5413e+01 -3.9418e+01  3.1335e+02 -4.8376e+00  6.9668e+02 -3.2049e+02  1.9528e+02 -1.9475e+02  3.5422e+01 -2.0376e+00 -3.3744e+02  1.3763e+02 -1.6716e+02  1.2386e+02 -7.6548e+03 -1.1489e+04  9.0076e+03  5.9993e+04  5.6708e+04 -4.6087e+04 -3.1619e+04 -8.0343e+03  1.3756e+04 -4.9171e+01 -7.3626e+00  4.7450e+01  1.5383e+02 -1.2862e+02 -1.4905e+02  4.2099e+01 -2.4366e+01 -9.7232e+01  3.4437e+02 -1.4798e+03 -9.7121e+02  2.3827e+03  1.0497e+03  4.1516e+02 -2.2458e+03 -9.1221e+02  7.2054e+02  2.1612e+01  6.3246e+01 -6.4136e+01 -4.9400e+01 -1.8384e+02  1.7211e+02 -3.2470e+01 -7.9613e+01  1.0948e+02  1.0375e+02  1.6327e+02 -5.5339e+00 -1.4959e+02  3.5757e+00 -6.6258e+01 -1.1295e+02 -7.1007e+02 -8.9450e+01  1.4473e+01 -2.6283e+01  1.8007e+01 -9.3024e+01  2.9558e+01 -2.9759e+01  5.5370e+01  3.5234e+01 -1.2626e+01
 -1.2454e+02  3.5967e+02 -4.8260e+01 -7.2362e+01 -3.9046e+02  5.4047e+01  3.0162e+02 -2.5169e+02  1.0266e+02  1.5673e+03 -2.2834e+03  4.6131e+02  7.6515e+01 -5.1668e+01  1.5853e+02 -7.6093e+00 -3.9037e+01 -5.9768e+01 -4.1355e+02 -2.5873e+02 -1.1187e+02 -2.7259e+02  3.6290e+02  2.6612e+02  9.4374e+01  1.2542e+01 -2.6177e+02  1.1050e+02 -1.2396e+02 -2.5016e+01 -9.5180e+01  1.5572e+02 -2.8573e+01  2.7669e+04  1.0982e+04 -1.8007e+04 -1.3238e+05 -4.6087e+04  8.6382e+04  2.4777e+04  6.2832e+03 -1.0977e+04 -1.2407e+01  4.0546e+01 -5.0917e+01  1.3873e-01 -3.5047e+01  1.5367e+02  2.1871e+01 -1.6886e+01  7.0242e+01 -5.8971e+02 -9.4319e+02 -1.3209e+03  1.0318e+03 -1.0926e+02 -1.5241e+03 -1.9534e+03  2.0462e+03  2.8202e+03  3.8343e+00 -1.1295e+02  2.0032e+01  2.3200e+01  3.0667e+02  1.5385e+02  1.2737e+01  9.1819e+01 -7.4522e+01  2.9178e+01 -1.6706e+02 -1.4357e+02 -8.9388e+01 -1.6028e+02 -9.1131e+01 -2.8670e+02 -2.7848e+02  2.5455e+02 -3.2898e+01  2.0588e+01 -3.8531e+01  9.1113e+01 -5.3604e+01  8.5783e+01 -3.6892e+01 -1.1979e+01  3.1922e+01
 -7.2508e+02  5.8088e+02 -4.6389e+01  1.3298e+02 -1.7758e+02 -1.6688e+01  2.5492e+02  1.5412e+02 -8.5629e+01  3.7406e+03 -1.5184e+03 -1.7708e+03  5.8994e+01 -2.2076e+01  1.7026e+01 -1.6751e+01 -5.5653e+01  4.5871e+01  8.1453e+01 -1.5210e+02  1.0500e+02  4.5455e+01 -3.4978e+01  2.0961e+00  2.6897e+01  4.5299e+01 -6.6762e+00 -1.5321e+01  1.8591e+01  4.5419e+01 -9.5625e+01 -8.8158e+01 -2.5827e+01 -1.2206e+04  1.4180e+04 -8.3778e+03  6.2656e+03 -3.1619e+04  2.4777e+04  4.3192e+04 -2.5128e+04  9.5938e+03 -1.1114e+01 -3.7604e+00  5.3437e+00  6.7033e-01 -3.3887e+01  2.1841e+00  2.7615e+01  7.3449e+01  1.5960e+01 -5.2501e+02 -1.8561e+01  1.4394e+02 -3.5620e+02  2.7884e+00  5.7867e+01 -5.9749e+01  5.7476e+01  6.6243e+01  1.0341e+01  8.0266e+00 -1.7317e+01 -4.6593e+00 -7.7707e+00  6.7958e+01 -1.5353e+00 -9.9177e+00  7.3733e+00  3.6859e+00  3.3140e+01 -1.5996e+00  3.3663e+01 -8.6109e+01 -1.5810e+01 -6.9526e+01 -5.6321e+01 -1.4490e+01  5.5773e+01 -8.2351e+01  4.0113e+01 -2.2919e+02  1.3148e+02 -1.6089e+02 -1.1708e+02  5.3820e+01 -3.5044e-01
  2.1721e+02 -4.1842e+02  3.1131e+02  2.8502e+02  1.1539e+02 -2.7037e+02  3.9922e+02  3.6722e+02 -3.0681e+02 -1.4331e+03 -4.6778e+02  1.5330e+03 -2.4877e+00 -5.0665e+01  2.5887e+01  3.0905e+01  1.2865e+02  7.0564e+00  1.3620e+02  8.1369e+01 -4.2124e+01  1.0092e+02  2.2208e+01  2.2514e+02 -1.1949e+02 -1.1788e+02 -8.5907e+01  3.5557e+01  2.7910e+01 -1.9154e+02  8.9947e+01 -8.6584e+01  1.1630e+02  5.3179e+03 -7.4387e+04  5.9261e+04  3.4429e+03 -8.0343e+03  6.2832e+03 -2.5128e+04  3.0586e+05 -2.4406e+05 -4.0723e+01  2.3991e+01 -1.9361e+01  1.2272e+02 -2.8910e+01  2.4761e+01  3.2176e+01 -5.8478e+01  2.1454e+01  5.4167e+01  1.1098e+02 -6.1482e+01 -1.6157e+01  1.6332e+02 -5.9741e+01  8.2428e+01 -1.8356e+02  9.2020e+01 -1.4957e+01  2.5461e+01 -4.4991e+01  3.0561e+01 -7.6359e+01  1.5145e+02 -2.3070e+01 -4.7360e+01  6.5291e+01  3.2209e+01  5.5547e+01 -1.5734e+01 -2.2148e+02 -7.5518e+01 -7.5624e+01  1.2874e+02 -1.5657e+02  1.1224e+02  1.8215e+01  5.4390e+00 -1.3280e+01 -7.2367e+01 -7.3940e+01 -1.8387e+01 -8.2005e+01  4.5248e+01  3.5190e+01
  3.0662e+02  1.3859e+02 -4.9746e+01 -2.6053e+02 -1.6596e+02  3.1153e+02 -1.0573e+02 -1.8195e+02  3.1699e+02 -2.0863e+03  6.1238e+02 -8.6539e+02 -1.1335e+02  9.5495e+01  6.0164e+01  4.3341e+01 -7.7750e+01 -8.3332e+01 -1.2324e+02 -1.9841e+02 -1.7184e+02 -2.9506e+01  8.6131e+01  3.2767e+01  3.5417e+01 -3.9392e+01 -4.0011e+00  1.4241e+01 -7.3855e+00 -1.3700e+01 -3.3123e+00  1.7720e+01 -1.3375e+01 -8.8146e+02  5.7615e+04 -4.7484e+04 -4.8733e+03  1.3756e+04 -1.0977e+04  9.5938e+03 -2.4406e+05  2.0036e+05  2.6371e+01  5.1641e+00 -2.6294e+01 -1.1535e+02 -4.5666e+00  7.2680e+01  2.3987e+01 -4.7649e+01  9.6565e+00  1.0342e+02 -7.5572e+01  2.2529e+01 -1.1981e+01  1.4721e+02 -4.3930e+01  1.0438e+02  4.6119e+01  1.8750e+02  8.1358e+00 -2.3168e+01  2.0257e+01 -2.0930e+01  4.9810e+01 -2.8148e+01  4.9789e+00  3.2052e+01 -3.3805e+01 -2.4222e+01 -3.1684e+01 -4.5794e+01  1.2243e+02 -7.9186e+00  1.1849e+02 -4.7328e+01  1.1021e+02  7.3659e+01 -6.1781e+00 -4.1353e+01 -2.8689e+01 -8.9091e+01  1.6019e+02  8.1519e+01  7.9611e+01 -1.2068e+01  1.9971e+01
  3.7428e+02  1.9426e+02 -9.2896e+01 -1.9777e+03 -7.2027e+02  3.6358e+02 -2.0042e+02  2.4682e+02  2.7257e+02 -2.7580e+01 -3.0334e+02  3.5951e+01 -1.6565e+01 -2.7367e+01 -4.1615e+01 -5.5068e+01 -4.9243e+01  5.2796e+01 -1.9201e+01  3.7002e+01  1.3305e+01 -6.2730e+01 -6.2756e+01 -2.7824e+02 -1.0668e+02  1.4635e+02  2.6545e+02 -4.9695e+01 -1.7269e+01  1.2477e+02  7.3545e+01  1.3168e-01 -4.3033e+01 -1.2589e+00  3.3547e+01 -2.5674e+00  2.4250e+01 -4.9171e+01 -1.2407e+01 -1.1114e+01 -4.0723e+01  2.6371e+01  3.3516e+04  6.4708e+03 -1.2347e+04 -9.9128e+04 -4.9586e+04  2.1496e+03 -3.2823e+04  2.3627e+04  4.6234e+04 -9.5532e+00  1.5538e+01  7.1314e+00  1.0416e+01 -1.7253e+01 -1.6402e+01  3.2026e+01 -4.7264e+01 -1.8969e+01 -1.6198e+01 -4.5585e+00  1.6629e+01  3.3768e+01  6.8497e+00 -4.8586e+01  1.0247e+01  1.2180e+01 -2.3449e+01 -3.3973e+01  4.9657e+00  1.8770e+00  5.3125e+01  1.1456e+01  3.4775e+01  1.5829e+02 -3.0157e+01 -2.3521e+01  1.5209e+01 -3.4141e+01 -1.3410e+01 -2.7861e+00  2.9074e+01  1.1425e+00  9.8235e+00  1.0607e+02  4.6498e+01
  4.6544e+01 -9.4178e+02 -4.5948e+02  1.0641e+01  3.4540e+02  1.1743e+03  4.1715e+02 -3.1022e+02 -3.5785e+02 -2.1398e+02 -2.7520e+02 -4.5825e+02 -4.0914e+01 -8.4071e+01  1.7154e+02  1.1324e+02 -2.3036e+01  2.9060e+01  8.2101e+01 -5.1738e+01 -2.5876e+02 -1.5201e+02 -9.2037e+01  1.4629e+02  1.2563e+02  5.8918e+01 -9.5345e+01  6.1312e+01  4.4869e+01 -9.7012e+01 -6.2160e+01 -5.7432e+01  5.1141e+01  4.1077e+01 -4.0609e+01 -1.1816e+01 -6.7152e+01 -7.3626e+00  4.0546e+01 -3.7604e+00  2.3991e+01  5.1641e+00  6.4708e+03  1.5231e+04  1.1504e+04 -4.1740e+04 -2.8005e+04 -5.3074e+03  1.5322e+04 -2.8339e+04 -3.9226e+04  2.2792e+01 -1.9845e+00 -3.5046e+00 -1.4122e+01  1.1434e+01  2.8293e+00 -3.5957e+01 -1.8623e+01 -1.1891e+01  1.5814e+01  1.6368e+01 -7.3362e+00 -1.3859e+01 -3.0134e+01  1.6026e+01  8.9743e+00 -2.0182e+01  8.0694e+00  1.5824e+01  2.2670e+01  4.9166e+00 -1.0395e+01 -2.9613e+01 -1.2008e+01 -8.2616e+01 -8.7863e+01 -2.6249e+01 -3.5240e+01 -2.9500e+01 -2.1831e+01  1.7355e+01  2.9776e+01  1.2747e+01  2.0638e+00  5.0195e+00  2.8525e+01
 -1.2680e+02 -5.3747e+02 -4.0617e+01  5.2187e+02  9.4336e+02 -8.6127e+02  2.7332e+02 -2.2582e+02 -2.0578e+02  6.5539e+01 -2.1411e+02 -2.5162e+02 -3.2231e+01  9.9296e+01  4.3103e+01  2.2637e+02 -1.0968e+01  1.9843e+02  3.2442e+01 -1.3252e+02 -2.3958e+00 -1.2275e+02  3.7725e+01  1.2143e+02  1.6948e+02 -9.0202e+01 -3.9371e+01  5.1784e+01  1.2149e+01 -5.9845e+01 -1.3067e+02 -4.4311e+00  1.2529e+01  2.4467e+00 -1.8561e+01  2.8705e+01  1.5302e+01  4.7450e+01 -5.0917e+01  5.3437e+00 -1.9361e+01 -2.6294e+01 -1.2347e+04  1.1504e+04  1.9880e+04  1.1925e+04 -2.7747e+02 -7.3511e+03  3.6375e+04 -4.3987e+04 -7.0727e+04  1.2562e+01 -1.2680e+01  8.9288e+00 -2.0031e+01  2.0492e+01 -1.5068e+00 -3.1569e+01  1.7186e+01 -2.7473e+01  2.6917e+01 -9.2143e-01 -3.9211e+00 -3.5335e+01  1.6320e+01 -2.3626e+01 -1.3384e+01  3.8837e+00  1.5015e+01  1.7042e+01 -9.2709e-01  2.3915e+01 -5.7335e+00 -4.6713e+00 -3.5201e+01 -7.9240e+01  3.3971e-01 -1.1461e+02 -5.9611e+00 -1.4707e+01  1.2639e+01  6.9643e+00 -4.2236e-01 -1.4567e+01 -2.9238e+01  2.9441e+01 -3.3774e+01
 -4.7158e+02  1.3504e+01  3.6994e+02  9.6100e+02 -3.0981e+03 -2.3457e+03  4.5089e+02  1.7234e+02 -2.0720e+02  4.8228e+02  4.7057e+02 -1.5601e+02  3.1777e+01 -4.5437e+01  3.5301e+01 -9.8192e+01  1.6384e+02 -1.5886e+02  9.2278e+01 -8.4645e+00  4.2905e+01  3.5263e+02  9.2893e+01  4.5442e+02 -2.3624e+02 -3.5032e+02 -4.4728e+02  1.7390e+01  2.6118e+01 -2.1878e+02  3.1781e+01  6.5255e+01  1.3877e+02 -1.9119e+01 -6.1564e+01  2.8335e+01 -2.5991e+01  1.5383e+02  1.3873e-01  6.7033e-01  1.2272e+02 -1.1535e+02 -9.9128e+04 -4.1740e+04  1.1925e+04  4.1429e+05  1.8238e+05 -4.0752e+04 -1.9478e+04 -1.3001e+04 -4.5409e+03  6.4741e+00 -5.5229e+01 -2.6251e+01 -1.9344e+01  3.8137e+01  6.2781e+01 -5.7800e+01  2.2945e+02  9.8585e+01  2.9200e+01  2.0876e+00 -6.8942e+01 -1.0952e+02  2.6077e+00  2.3497e+02 -3.6465e+01 -4.5212e+01  7.9420e+01  1.1511e+02 -6.3452e+01 -2.2607e+01 -1.9488e+02 -1.1749e+01 -1.3229e+02 -6.1138e+02  4.2504e+02  1.6714e+02 -2.2457e+01  3.2234e+01  1.9017e+01 -9.6349e+00  2.9497e+01 -9.4560e+00  1.0476e+02 -1.4356e+02 -4.7283e+01
  3.2010e+02 -4.1516e+02 -3.7078e+02 -4.3774e+03 -3.6880e+02  5.3205e+02 -4.4621e+01  4.0104e+02  2.1505e+02 -3.0925e+01 -1.3980e+02  6.0138e+00 -1.1758e+02 -1.6982e+02 -2.1501e+01  1.0914e+02  1.6517e+02  1.0778e+02 -1.7140e+01  2.7343e+02  6.7333e+01  4.0273e+01  1.4571e+01 -7.3222e+02 -2.6986e+02  1.4668e+02  5.8169e+02 -6.1202e+01 -9.6513e+01  2.8866e+02  1.5125e+02  1.3011e+02 -1.6792e+02  1.0644e+01  8.1721e+01  1.1470e+01  1.9244e+01 -1.2862e+02 -3.5047e+01 -3.3887e+01 -2.8910e+01 -4.5666e+00 -4.9586e+04 -2.8005e+04 -2.7747e+02  1.8238e+05  1.0585e+05  5.0864e+03  1.9543e+04  6.7769e+03 -4.3495e+03 -4.9680e+01  4.0450e+01  1.2388e+01  2.9975e+01 -4.1359e+01 -2.1691e+01  1.4306e+02 -4.6582e+01  2.1725e-01 -5.1835e+01 -5.4174e+01  3.5511e+01  6.9335e+01  1.2325e+02 -1.0507e+02 -2.9335e+01  6.4548e+01 -1.7190e+01 -7.4367e+01 -6.9640e+01 -1.1029e+01  3.4360e+01  1.0024e+02  5.0508e+01  5.2997e+02  3.0443e+02  6.4146e+01  3.5527e+01  1.4525e+01  2.8981e+00 -7.6592e+01 -3.9526e+01 -1.4332e+01  5.2522e+01  9.7531e-01  2.6871e+00
  2.9216e+02 -2.6769e+02 -1.0112e+02 -1.4047e+03  1.2064e+03  1.3691e+03 -7.9577e+01  2.8079e+02 -6.3576e+00 -2.6579e+02 -8.7338e+01  2.2098e+01 -2.5667e+01 -1.1151e+02  1.5424e+02 -3.1855e+02  4.8217e+01 -1.1280e+02 -3.2736e+01  2.1879e+02 -8.6682e+01  8.0100e+01 -3.6155e+02 -4.8325e+02 -2.3540e+02  4.8255e+02 -3.1805e+01 -7.5101e+01  3.3167e+01  2.0240e+02  3.4476e+02 -1.4947e+02 -6.1146e+01  2.0936e+01  2.5388e+01 -7.5726e+01 -4.0441e+01 -1.4905e+02  1.5367e+02  2.1841e+00  2.4761e+01  7.2680e+01  2.1496e+03 -5.3074e+03 -7.3511e+03 -4.0752e+04  5.0864e+03  3.1871e+04  3.3959e+04  1.5052e+04 -3.1529e+03 -3.2777e+01  4.7239e+01 -2.9457e+01  4.7750e+01 -6.4715e+01  3.6462e+00  1.1498e+02 -6.0551e+01  9.3800e+01 -9.0433e+01  1.8353e+01  2.1198e+01  1.4235e+02 -8.1667e+01  8.8410e+01  4.6147e+01 -2.9229e+01 -5.3552e+01 -4.4833e+01  7.9827e+00 -8.6630e+01 -4.3468e+01  4.9763e+00  7.4116e+01  2.2588e+02  2.4670e+01  5.4700e+02  1.7806e+01  1.2097e+01 -2.5043e+01 -4.6576e+01 -6.1132e+01  2.6562e+01  1.1750e+01  1.3395e+01  4.9224e+01
 -5.5520e+01 -3.0620e+02  6.0276e+01 -4.4378e+02  2.2181e+03  7.2388e+02  4.6805e+02  2.4808e+02 -1.9882e+02  5.4083e+01  2.2408e+02 -1.4165e+02 -9.3496e+00  2.9202e+01  5.6396e+01  1.6035e+01  1.1295e+02  5.0214e+01  5.2502e+01 -7.1489e+01  8.6060e+00  1.0468e+01  1.3851e+02  3.4868e+02 -1.4437e+02  9.3334e+00 -4.4573e+01  8.1218e+01 -4.5901e+00 -1.8411e+02 -8.1163e+01 -2.3532e+01 -1.1087e+01  3.9541e-01 -3.8089e+01 -1.4410e+01  6.4014e+00  4.2099e+01  2.1871e+01  2.7615e+01  3.2176e+01  2.3987e+01 -3.2823e+04  1.5322e+04  3.6375e+04 -1.9478e+04  1.9543e+04  3.3959e+04  1.5079e+05 -8.2632e+04 -1.8002e+05  1.0512e+01 -1.4498e+01 -1.1952e+01 -1.2907e+01  2.1832e+01  2.0038e+01 -1.8161e+01  5.2179e+01  3.3158e+01  1.3114e+01  1.0771e+00 -1.8789e+01 -2.2051e+01 -1.6891e-01  6.4634e+01 -1.7722e+01 -8.4158e+00  3.3136e+01  2.7987e+01 -6.8494e+00 -4.8854e+00 -8.6557e+01 -9.0717e+00 -4.2465e+01 -9.0722e+01  4.9845e+01  7.8357e+01 -1.8232e+01  5.7958e+01  1.9995e+01 -1.2301e+01 -1.4842e+02 -5.3595e+00 -7.5714e+01 -1.4518e+02 -1.0122e+02
  1.3449e+02 -8.9786e+02 -5.2134e+02  1.1577e+03  3.7281e+03 -2.9215e+02 -2.4578e+02 -1.9747e+01  7.9668e+01 -2.2052e+02 -2.7455e+01  1.1528e+02  2.8600e+01  4.6450e+01  2.9849e+01 -1.0486e+02  6.5299e+00 -5.7523e+00 -8.4265e+01  7.0073e+00 -2.2184e+00  1.8682e+01 -5.2750e+01 -2.2142e+02  1.3481e+02  5.4903e+01  2.4394e+01 -4.2249e+01 -7.6834e+00  1.4558e+02 -1.1131e+01 -1.3133e+01 -8.0111e+01 -1.7750e+01  1.4272e+01  2.8031e+01  2.3479e+01 -2.4366e+01 -1.6886e+01  7.3449e+01 -5.8478e+01 -4.7649e+01  2.3627e+04 -2.8339e+04 -4.3987e+04 -1.3001e+04  6.7769e+03  1.5052e+04 -8.2632e+04  1.0564e+05  1.6222e+05 -6.8912e+00  1.3512e+00  1.0619e+01  3.6182e+00 -1.8108e+00 -1.2598e+01  9.4046e+00 -1.0655e+01 -2.1347e+01 -2.5801e+00 -7.1221e+00  1.2139e+01  9.6519e+00  1.6575e+01 -5.0731e+01  4.3279e+00  2.0802e+01 -1.4516e+01 -1.9744e+01 -8.1339e+00  4.5680e+00  4.8407e+01  3.2014e+01  3.0686e+01  6.8039e+01 -1.3922e+01 -5.5706e+01 -1.5076e+01  3.9750e+01  5.4657e+01 -1.5968e+01 -2.8299e+01 -3.6341e+01  5.2874e+00 -1.0690e+02 -1.4059e+02
  4.3600e+02 -7.2124e+01  8.2409e+00 -6.0874e+02 -7.7057e+02 -1.8531e+03 -3.9964e+02  6.9568e+01  2.6099e+02 -4.2499e+02 -2.5805e+02  2.0277e+02  1.1745e+01 -1.3065e+02  1.9332e+01 -2.6490e+02  8.7272e+01 -1.3764e+02 -6.9804e+01  1.2686e+02 -8.7379e+01  7.3328e+01 -1.2538e+02 -2.2835e+02  9.5102e+01  5.8557e+01  6.1895e+01 -5.8554e+01  5.9995e+00  1.1926e+02  4.8325e+01  8.7430e+00  4.5794e+00  8.3870e+00  3.3169e+01 -2.1087e+01 -7.7785e+01 -9.7232e+01  7.0242e+01  1.5960e+01  2.1454e+01  9.6565e+00  4.6234e+04 -3.9226e+04 -7.0727e+04 -4.5409e+03 -4.3495e+03 -3.1529e+03 -1.8002e+05  1.6222e+05  2.8648e+05 -6.3088e+00  1.6748e+01 -2.0723e+00  1.7117e+01 -1.9621e+01 -6.2955e+00  1.8520e+01 -5.7325e+01 -1.2853e+00 -1.8951e+01  9.2621e+00  9.8010e+00  3.6768e+01 -2.9963e+01 -1.2424e+01  2.9266e+01 -7.7752e+00 -2.2978e+01 -3.3740e+01  1.3695e+01 -2.3772e+01  6.6233e+01  9.9086e+00  9.3378e+01  1.4696e+02 -9.2218e+01  2.2624e+01 -3.4323e+01  2.8850e+01 -7.8711e+00  6.7323e+00  6.4747e+01  2.4563e+01  1.0894e+02 -1.7057e+02  1.3305e+01
 -1.6241e+02  1.4850e+01  5.5785e+01  1.5561e+02 -1.4115e+02 -1.1176e+02  2.5384e+02  4.6104e+01 -2.2609e+01  2.8557e+02 -1.2658e+02 -8.5283e+01  1.4261e+02 -3.3665e+01 -4.3210e+01 -1.1549e+02  5.0771e+01  5.2619e+01  1.4598e+01  2.2389e+01  9.6539e+01 -1.8349e+01 -7.4228e+01  1.4686e+02 -3.1730e+01  6.8548e+01 -1.5400e+01  5.1815e+01  6.6348e+01 -1.1151e+02 -3.5202e+02 -1.8202e+02  4.8855e+01 -5.4404e+02 -2.8743e+02  4.5078e+02 -1.3747e+03  3.4437e+02 -5.8971e+02 -5.2501e+02  5.4167e+01  1.0342e+02 -9.5532e+00  2.2792e+01  1.2562e+01  6.4741e+00 -4.9680e+01 -3.2777e+01  1.0512e+01 -6.8912e+00 -6.3088e+00  1.1608e+04  1.0208e+04 -8.1522e+03 -1.8192e+04  3.8641e+02  3.4709e+04 -2.4642e+04 -3.9781e+04 -3.1769e+03  9.2758e+01 -1.0839e+01  8.4262e+00 -1.6080e+02  1.8703e+02 -1.2391e+02  3.1869e+00  8.2251e+01 -1.1248e+01  1.5696e+02 -1.2097e+02 -5.1662e+01  9.2202e+01  1.0974e+02  5.7800e+01 -3.5185e+02 -2.8988e+02 -1.5924e+02 -2.1393e+01 -2.6531e+00 -1.6339e+00  2.7066e+01  7.3249e+00  2.4602e+00  1.2718e+01 -8.7782e+00 -1.7760e+00
 -4.5147e+01  7.5368e+01  6.0786e+01 -1.8231e+01 -5.6704e+01 -5.3011e+01  4.6237e+01 -8.8277e+01 -6.0104e+01  1.8845e+02 -2.9789e+02 -1.2163e+02 -7.2556e+01 -1.2219e+01 -3.8365e+00  9.3463e+01 -3.0895e+01 -4.2765e+01  5.4437e+01  4.6849e+01 -4.3285e+01 -9.6005e+01 -6.6090e+01 -2.3073e+01  1.5255e+02 -2.4195e+01 -2.1623e+00  5.6000e+01 -2.1030e+01  5.4499e+01 -2.1719e+02  1.9800e+02 -2.1843e+02 -2.9893e+02  1.4605e+02  2.3727e+02 -2.1894e+01 -1.4798e+03 -9.4319e+02 -1.8561e+01  1.1098e+02 -7.5572e+01  1.5538e+01 -1.9845e+00 -1.2680e+01 -5.5229e+01  4.0450e+01  4.7239e+01 -1.4498e+01  1.3512e+00  1.6748e+01  1.0208e+04  2.6277e+04  1.1990e+04  5.7398e+03 -1.2761e+04 -2.8009e+04 -4.4839e+04 -8.9175e+04 -1.8687e+04 -9.0252e+00 -6.9531e+01  1.1465e+02  6.6203e+01  3.4382e+02 -3.2285e+02  4.5344e+01  1.7673e+01 -1.0426e+02 -2.2141e+02 -3.6221e+02 -2.6981e+02  3.7344e+02 -3.4196e+02  1.5710e+02 -1.4582e+02  8.8686e+01  7.3649e+01  1.5180e+00  1.0792e+01 -3.4799e-02  1.8969e+01 -1.7105e+01 -1.7339e-01 -9.7631e-01 -9.4241e+00  5.5004e-01
  1.3378e+02  7.1479e+01  2.5497e+01 -2.0526e+02 -3.8283e+01  2.0516e+00 -9.0922e+01 -5.5096e+01 -7.4199e+00 -3.2880e+02 -5.0963e+01 -1.0294e+02  2.8388e+01 -1.5952e+01 -2.7130e+01 -6.4117e+01 -7.8775e+00  1.6297e+01  2.0935e+01  1.4179e+01  4.3607e+00  6.3353e+01 -6.6725e+01 -3.1015e+02  4.1499e+01  1.5047e+01  1.3309e+02 -1.2328e+02  6.4450e+01  1.1343e+02  6.2460e+01 -3.0905e+02  6.3906e+01  4.4141e+02  2.2720e+02 -2.5856e-01 -2.4161e+02 -9.7121e+02 -1.3209e+03  1.4394e+02 -6.1482e+01  2.2529e+01  7.1314e+00 -3.5046e+00  8.9288e+00 -2.6251e+01  1.2388e+01 -2.9457e+01 -1.1952e+01  1.0619e+01 -2.0723e+00 -8.1522e+03  1.1990e+04  3.0280e+04  4.0977e+04 -1.7893e+04 -1.0310e+05 -9.7592e+03 -2.8845e+04 -1.6100e+04  2.1917e+01  7.8152e+01  7.4655e+00 -5.1088e+01 -1.1221e+02 -3.6344e+02  7.9097e+00  2.1002e+00  7.6261e+01 -5.7309e+01 -2.8813e+02  6.9295e+01 -3.5933e+01 -4.1493e+01  3.9548e+01 -5.8264e+01  2.2620e+02 -9.2471e+01  1.3169e+00 -2.4971e-01  7.2484e+00 -1.9617e+00  3.6884e-01 -1.5767e+01 -2.4421e-01 -4.8510e-03 -8.7193e+00
  3.4532e+02  4.5037e+01 -9.4261e+01 -3.8750e+02  6.0506e+01  1.2370e+02 -4.4352e+02 -1.0932e+02  2.1886e+01  2.1596e+01 -2.1020e+02  6.7266e+01 -1.7976e+02  5.0295e+01  1.6359e+02  1.1880e+02 -7.8226e+01 -1.2741e+02 -1.0754e+02 -1.1117e+02 -1.2340e+02 -8.4396e+01  1.0486e+02 -5.0210e+01  9.0147e+00  7.3079e+01 -2.8620e+01  3.3153e+01 -1.5615e+02  1.0390e+02  3.6939e+02  5.7680e+02 -1.5828e+01 -4.7686e+02 -2.8038e+02  4.0305e+01  3.1120e+03  2.3827e+03  1.0318e+03 -3.5620e+02 -1.6157e+01 -1.1981e+01  1.0416e+01 -1.4122e+01 -2.0031e+01 -1.9344e+01  2.9975e+01  4.7750e+01 -1.2907e+01  3.6182e+00  1.7117e+01 -1.8192e+04  5.7398e+03  4.0977e+04  6.6634e+04 -1.7959e+04 -1.4687e+05  5.5067e+03 -5.3765e+03 -1.7931e+04 -2.0055e+02 -6.4281e+01  2.8499e+01  2.5161e+02 -3.8297e+00 -1.9779e+01  9.6495e+01 -1.5588e+02 -7.5925e+00 -7.4584e+01 -1.7498e+02  7.4527e+00 -1.3348e+01 -1.5085e+02 -1.4354e+02  8.2835e+01 -5.3445e+00  1.3700e+02  1.8161e+01  3.1691e+00 -9.8170e+00 -2.5574e+01 -7.4522e+00  2.4295e+01 -1.4577e+01  5.8929e+00  1.1711e+01
  1.6533e+02 -6.4353e+01 -2.5519e+01 -1.2764e+02  6.6071e+00  4.3619e+01 -4.7836e+01  8.9841e+01  6.5184e+01 -2.1084e+02  3.2074e+01  1.1010e+02  1.2805e+02  4.3728e+01 -1.8297e+01 -1.2144e+02  1.9548e+01  6.2269e+01 -6.8267e+01 -1.3239e+02  6.8734e+01  2.5384e+02  9.5644e+00 -1.8920e+02 -1.0485e+02 -1.8477e+01  1.0884e+02 -2.4087e+02  9.5638e+01 -1.6805e+01  6.0289e+02 -7.9046e+02  2.7684e+02 -5.2419e+02 -1.4259e+02  3.3937e+01  3.5237e+03  1.0497e+03 -1.0926e+02  2.7884e+00  1.6332e+02  1.4721e+02 -1.7253e+01  1.1434e+01  2.0492e+01  3.8137e+01 -4.1359e+01 -6.4715e+01  2.1832e+01 -1.8108e+00 -1.9621e+01  3.8641e+02 -1.2761e+04 -1.7893e+04 -1.7959e+04  5.8357e+04  1.0847e+05  1.5373e+04 -6.5754e+03 -3.7097e+04 -5.1307e+00  2.2744e+02 -6.5172e+01  2.2220e+01 -6.4705e+02 -6.4054e+02 -7.9334e+01  1.4371e+02  2.5655e+02 -1.6998e+02 -4.3435e+02 -1.7772e+01  1.3201e+02 -1.0921e+02  1.9776e+02 -2.7995e+02  3.9609e+02  7.1346e+01 -1.4206e+01 -1.7429e+01 -3.8006e+00 -1.2908e+01  3.3238e+01  1.2070e+01  5.8677e+00  9.2937e+00 -3.6472e-01
 -3.3417e+02 -2.4313e+02 -1.4289e+02  4.6931e+02  1.2955e+02  3.8670e+01  2.3996e+02  2.1705e+02  1.2479e+02  4.9386e+02  3.1920e+02  1.8547e+02  5.1324e+01 -5.3788e+00  7.5617e+00 -5.5845e+00  9.2597e+01  4.9222e+01 -8.0420e+01 -7.4389e+00  1.1031e+02  9.0954e+01  6.5633e+01  5.4104e+02 -1.0836e+02 -2.4621e+01 -1.4845e+02  9.9332e+01 -3.8448e+01 -3.0628e+02 -3.2755e+01  3.7356e+02  2.4652e+02 -2.8861e+02 -6.4690e+01  1.5325e+02  1.7079e+03  4.1516e+02 -1.5241e+03  5.7867e+01 -5.9741e+01 -4.3930e+01 -1.6402e+01  2.8293e+00 -1.5068e+00  6.2781e+01 -2.1691e+01  3.6462e+00  2.0038e+01 -1.2598e+01 -6.2955e+00  3.4709e+04 -2.8009e+04 -1.0310e+05 -1.4687e+05  1.0847e+05  4.2301e+05  7.7711e+03  3.2478e+03 -1.1716e+04 -3.6449e+01 -9.4857e+01 -1.1724e+02  1.6551e+02 -3.9256e+02  5.2955e+02 -6.6471e+01  2.4040e+02 -4.1794e+01 -8.2857e+01 -5.5119e+01 -1.0665e+02  5.6483e+02  2.5811e+02  3.8745e+02 -2.7936e+02  1.0941e+02  9.9519e+01 -3.8679e+00 -2.9868e+00 -1.0140e+01  6.1467e-01  2.5279e+00  2.3982e+01  1.2665e+00  3.2078e+00  1.2978e+01
  2.0195e+02 -2.2410e+01 -2.4816e+02 -2.7012e+02  1.6465e+02  2.8544e+02 -2.6583e+02 -5.4494e+00  1.3955e+02 -6.5360e+01 -1.2205e+02  1.6846e+02 -3.1357e+02 -4.8891e+00  1.1110e+02  2.3231e+02 -8.9090e+01 -7.1658e+01  3.8819e+01  9.3871e+01 -4.7025e+01 -3.6987e+01 -7.1922e+01 -4.9984e+02  1.8605e+02 -7.6192e+01  1.0565e+02 -1.3129e+02  5.0173e+00  3.0542e+02  5.3207e+02  4.4455e+02 -3.0028e+02 -2.2603e+02  1.4506e+02  2.0096e+02  1.0495e+03 -2.2458e+03 -1.9534e+03 -5.9749e+01  8.2428e+01  1.0438e+02  3.2026e+01 -3.5957e+01 -3.1569e+01 -5.7800e+01  1.4306e+02  1.1498e+02 -1.8161e+01  9.4046e+00  1.8520e+01 -2.4642e+04 -4.4839e+04 -9.7592e+03  5.5067e+03  1.5373e+04  7.7711e+03  9.7332e+04  1.6387e+05  3.1540e+04 -2.5647e+02 -1.6387e+01  2.6749e+01  1.0229e+03 -4.1096e+02  5.2764e+02 -1.3963e+02 -3.1902e+02 -3.7430e+00 -1.5046e+03 -8.8927e+01 -1.9133e+02 -1.0772e+02 -1.4992e+03 -2.7087e+02  1.4035e+03  3.7272e+03  1.4593e+03  2.3252e+01  1.0967e+01 -2.9249e-02 -1.1704e+01 -1.6991e+01  1.6461e+00 -1.6608e+01  3.2779e+00  4.4922e+00
  4.0288e+01 -2.3846e+02 -2.0138e+02  1.9465e+02  3.3416e+02  1.6714e+02 -1.0181e+02  2.1270e+02  1.6784e+02 -5.0651e+02  8.3497e+02  3.5136e+02  6.6383e+01  7.6089e+01  2.5185e+01 -2.2066e+01  6.4275e+01  9.5286e+01 -7.5979e+01 -1.6917e+02  4.5256e+01 -6.4694e+00  3.3512e+02  1.6910e+02 -3.3466e+02 -1.9956e+02 -1.3147e+02 -3.3265e+00 -1.6179e+02 -8.3369e+01  8.7787e+02  5.6784e+02  3.3747e+02  6.3288e+02  1.7664e+01 -3.3595e+02 -3.7908e+03 -9.1221e+02  2.0462e+03  5.7476e+01 -1.8356e+02  4.6119e+01 -4.7264e+01 -1.8623e+01  1.7186e+01  2.2945e+02 -4.6582e+01 -6.0551e+01  5.2179e+01 -1.0655e+01 -5.7325e+01 -3.9781e+04 -8.9175e+04 -2.8845e+04 -5.3765e+03 -6.5754e+03  3.2478e+03  1.6387e+05  3.6421e+05  1.0920e+05 -1.7480e+02  1.0687e+02 -5.1136e+02 -1.1632e+02 -2.3103e+03  3.1505e+03 -9.1269e+01 -1.3409e+02  4.7692e+01  7.5707e+02 -2.1314e+02  3.1764e+02 -2.3834e+03  1.9735e+03 -4.7548e+02  2.0178e+03 -1.2388e+03 -4.2029e+02  8.7023e+00 -2.1110e+01 -5.4360e-01 -4.8611e+01  2.9356e+01 -4.3258e-01 -3.3344e+00  2.9333e+01  4.1278e+00
 -1.8792e+02 -9.4266e+01  1.6918e+01  2.8665e+02  1.3495e+02 -3.9971e+01  6.2837e+01  7.0911e+01 -8.1043e+01  1.1213e+02  3.4635e+02  4.5103e+01 -1.0010e+02  1.9042e+01  9.0119e+01  1.0906e+02  2.8727e+01 -4.1058e+01  3.1475e+01 -5.6267e+01 -7.3856e+01 -2.3557e+02  1.4701e+02  5.0816e+02 -6.4051e+00 -1.1967e+02 -3.2669e+02  2.7890e+02 -8.0195e+01 -1.9644e+02 -4.5588e+02  6.2794e+02 -3.4378e+02  5.5095e+02 -1.2656e+02 -3.8495e+02 -3.8198e+03  7.2054e+02  2.8202e+03  6.6243e+01  9.2020e+01  1.8750e+02 -1.8969e+01 -1.1891e+01 -2.7473e+01  9.8585e+01  2.1725e-01  9.3800e+01  3.3158e+01 -2.1347e+01 -1.2853e+00 -3.1769e+03 -1.8687e+04 -1.6100e+04 -1.7931e+04 -3.7097e+04 -1.1716e+04  3.1540e+04  1.0920e+05  7.7222e+04  2.9384e+01 -2.6166e+02  1.3791e+01  3.2402e+01  1.5881e+03  1.6454e+03  3.5673e+01 -2.4207e+02 -2.3169e+02  1.1661e+02  1.0953e+03 -8.0883e+02 -7.6065e+02 -9.8240e+02 -9.5566e+02  1.2607e+03 -2.1648e+03  3.7881e+02  1.3524e+01 -7.9816e-01 -7.9913e+00 -2.0167e+01 -8.1481e-01  1.4592e+01 -7.1426e+00  1.0415e+01  1.5733e+01
 -3.2381e+02 -1.3936e+02  4.7090e+01  3.6885e+02 -7.9508e+01 -2.5674e+02  4.2877e+02  1.9744e+02 -1.9106e+01  1.4250e+02  3.7528e+02 -2.0836e+02  9.5757e+01  5.3157e+01  3.1486e+01  7.8425e+01  5.3000e+01  1.2318e+02  1.8096e+02 -6.3692e+00  1.0462e+02  4.7803e+01 -2.1568e+01 -8.8172e+02  5.1446e+01  3.2837e+01  3.2195e+02 -2.3989e+03 -9.7020e+02  4.0779e+02  2.8480e+03  2.8099e+03  4.6261e+01  1.7557e+01 -2.4525e+01  1.0043e+01 -1.0023e+02  2.1612e+01  3.8343e+00  1.0341e+01 -1.4957e+01  8.1358e+00 -1.6198e+01  1.5814e+01  2.6917e+01  2.9200e+01 -5.1835e+01 -9.0433e+01  1.3114e+01 -2.5801e+00 -1.8951e+01  9.2758e+01 -9.0252e+00  2.1917e+01 -2.0055e+02 -5.1307e+00 -3.6449e+01 -2.5647e+02 -1.7480e+02  2.9384e+01  1.3033e+04  1.1740e+04  2.8312e+03 -1.9935e+04 -1.0447e+04 -3.1158e+04 -2.6383e+04 -3.5402e+04  2.0138e+04  2.4236e+02  4.6811e+01 -2.1540e+01  1.9759e+01 -8.1224e+01  1.4714e+02 -3.9298e+02  9.3469e+01 -3.8837e+02 -1.5687e+01 -1.0716e+01  2.8266e+00  2.3540e+00  1.5982e+01 -4.9474e+00  1.2275e+01  9.7586e-01 -6.8583e+00
 -2.0238e+02 -7.7454e+01  3.0929e+01  2.1957e+02 -5.4270e+01 -1.0018e+02  2.3138e+02  9.2381e+01 -6.8838e+00  2.0930e+02  1.2564e+02 -8.7725e+01  5.0263e+01 -1.3438e+00  3.7119e-01 -5.2651e+01  1.9983e+01  6.5098e+01  1.2680e+02  3.6143e+01  4.8448e+01  3.7512e+01 -1.0860e+02 -2.7270e+02  2.0938e+01  9.9800e+01  4.4256e+01 -9.3812e+02  1.0706e+02  1.2413e+02  2.7283e+03 -1.4845e+03  2.6884e+02 -4.3673e+01 -8.4331e+00  2.1471e+01  2.0727e+02  6.3246e+01 -1.1295e+02  8.0266e+00  2.5461e+01 -2.3168e+01 -4.5585e+00  1.6368e+01 -9.2143e-01  2.0876e+00 -5.4174e+01  1.8353e+01  1.0771e+00 -7.1221e+00  9.2621e+00 -1.0839e+01 -6.9531e+01  7.8152e+01 -6.4281e+01  2.2744e+02 -9.4857e+01 -1.6387e+01  1.0687e+02 -2.6166e+02  1.1740e+04  1.6754e+04 -8.6879e+03 -7.7857e+03 -8.5049e+03 -4.5705e+03 -3.8420e+04 -5.7539e+04  3.8159e+04  5.9306e+01  1.1741e+02  1.8109e+02 -4.0172e+01 -6.2277e+01  2.5386e+02 -9.0072e+00 -1.0954e+02  8.5720e+01 -6.0799e+00  1.1993e+00 -2.0721e-01  8.6686e+00 -1.4844e+00 -1.4745e-01  4.1636e+00 -6.8532e+00  1.7914e-01
  6.2487e+01  9.8179e+00  3.8991e+01 -1.1426e+02 -9.9799e+00 -4.7442e+01 -4.3493e+01 -4.9733e+00 -4.6104e+01 -1.1433e+02 -3.8194e+01 -5.9928e+01 -3.6659e+01 -2.1690e+01  1.0224e+01  2.7008e+01 -1.5062e+01 -5.5173e+01 -7.4284e-01  6.2370e+01 -6.5148e+01 -5.4806e+01 -5.8764e+01 -3.9253e+02  1.9495e+02  8.4112e+01  6.2537e+01 -2.6494e+02 -9.1505e+01  6.2430e+02  3.7729e+02  5.1903e+02 -3.5179e+03  2.2534e+01  1.8732e+01 -3.8776e+00 -8.1683e+01 -6.4136e+01  2.0032e+01 -1.7317e+01 -4.4991e+01  2.0257e+01  1.6629e+01 -7.3362e+00 -3.9211e+00 -6.8942e+01  3.5511e+01  2.1198e+01 -1.8789e+01  1.2139e+01  9.8010e+00  8.4262e+00  1.1465e+02  7.4655e+00  2.8499e+01 -6.5172e+01 -1.1724e+02  2.6749e+01 -5.1136e+02  1.3791e+01  2.8312e+03 -8.6879e+03  3.7064e+04 -3.9072e+04 -1.5285e+04 -9.7769e+04  2.8386e+04  4.9058e+04 -4.5137e+04 -1.4969e+02  1.5824e+02 -5.8852e+02  3.4022e+02  1.9875e+02 -1.9171e+02 -1.8290e+02 -1.0694e+02  4.5996e+01  6.8710e+00  2.6733e+00  4.3744e+00 -4.5203e+00 -2.7806e+00 -7.8642e+00 -5.1046e+00  7.1189e-01 -6.5935e+00
  3.5036e+02  1.6678e+02 -2.3015e+02 -3.2718e+02 -2.7511e+01  2.6067e+02 -3.5335e+02 -1.8090e+02  9.6011e+01 -1.1520e+02 -3.1353e+02  2.1197e+02 -3.0778e+02 -1.6956e+02  1.2839e+02  1.6045e+02 -7.5772e+01 -8.2068e+01  3.5248e+01  2.3056e+02 -3.8809e+01 -2.9701e+02 -1.9252e+02  2.1906e+01  4.5684e+02  2.1077e+02 -2.0009e+02 -7.4183e+02 -1.9843e+02  1.2603e+02  1.5592e+03  7.3106e+01 -4.7395e+03 -1.3182e+01  2.7228e+01 -7.1454e+00  3.5290e+01 -4.9400e+01  2.3200e+01 -4.6593e+00  3.0561e+01 -2.0930e+01  3.3768e+01 -1.3859e+01 -3.5335e+01 -1.0952e+02  6.9335e+01  1.4235e+02 -2.2051e+01  9.6519e+00  3.6768e+01 -1.6080e+02  6.6203e+01 -5.1088e+01  2.5161e+02  2.2220e+01  1.6551e+02  1.0229e+03 -1.1632e+02  3.2402e+01 -1.9935e+04 -7.7857e+03 -3.9072e+04  8.1183e+04  3.2891e+04  1.3945e+05  4.1095e+03 -1.0297e+03  2.0355e+04 -1.6750e+03  6.2578e+01 -3.4473e+02  2.8213e+02  8.2095e+02 -1.5955e+03  8.1110e+02 -1.3516e+03  3.7325e+03  1.5419e+01  1.1745e+01 -2.5541e-01 -1.2220e+00 -1.6404e+01  1.2144e+00 -1.2349e+01 -3.9745e+00  2.8484e+00
  2.3526e+02  1.4175e+02 -1.2794e+02 -2.5266e+02 -1.7958e+01  1.4380e+02 -2.3208e+02 -1.4421e+02  4.9305e+01 -2.9414e+02 -8.8685e+01  8.4043e+01 -1.3267e+02  1.5794e+01  7.1823e+01  1.3319e+02 -9.1878e+01 -5.6264e+01 -2.6446e+01 -6.1332e+01 -6.6597e+01 -9.2536e+01  1.9479e+02 -1.8639e+01  1.7826e+02 -1.9334e+02  7.0545e+01 -2.8677e+02 -2.5510e+02  1.0172e+01  8.3972e+02  1.4164e+03 -8.9023e+02  1.1505e+02  1.0075e+01 -3.5717e+01 -6.6916e+02 -1.8384e+02  3.0667e+02 -7.7707e+00 -7.6359e+01  4.9810e+01  6.8497e+00 -3.0134e+01  1.6320e+01  2.6077e+00  1.2325e+02 -8.1667e+01 -1.6891e-01  1.6575e+01 -2.9963e+01  1.8703e+02  3.4382e+02 -1.1221e+02 -3.8297e+00 -6.4705e+02 -3.9256e+02 -4.1096e+02 -2.3103e+03  1.5881e+03 -1.0447e+04 -8.5049e+03 -1.5285e+04  3.2891e+04  3.8594e+04  3.0370e+04  9.3220e+03 -7.2503e+02  3.3044e+04 -2.1079e+02 -1.0095e+03  3.2577e+01  7.4887e+02  3.9970e+02 -1.8414e+03 -4.8251e+02  9.4658e+02 -1.0221e+03  6.7735e+00 -6.8418e+00  4.4478e+00 -1.9308e+01  9.8537e+00 -8.0172e+00 -4.1444e+00  1.3086e+01 -6.1767e+00
 -6.8850e+01 -1.5185e+01 -8.4146e+01  1.4380e+02  5.0689e+01  1.1267e+02 -3.3714e+01 -4.4043e+01  1.0021e+02  1.9671e+02 -1.3612e+01  1.3111e+02 -6.2578e+00  4.8757e+00  1.7586e+01 -7.7906e+01  4.2536e+01  9.7047e+01 -1.1829e+01 -1.5054e+02  9.3815e+01 -2.3241e+02 -7.1254e+00  1.1759e+03 -3.8303e+02 -1.3765e+02 -4.6060e+02  5.5785e+02  2.1891e+02 -6.0404e+02 -6.7399e+03 -3.3150e+03 -5.6370e+02 -6.4806e+01 -4.1471e+01 -4.1951e+01  1.2686e+02  1.7211e+02  1.5385e+02  6.7958e+01  1.5145e+02 -2.8148e+01 -4.8586e+01  1.6026e+01 -2.3626e+01  2.3497e+02 -1.0507e+02  8.8410e+01  6.4634e+01 -5.0731e+01 -1.2424e+01 -1.2391e+02 -3.2285e+02 -3.6344e+02 -1.9779e+01 -6.4054e+02  5.2955e+02  5.2764e+02  3.1505e+03  1.6454e+03 -3.1158e+04 -4.5705e+03 -9.7769e+04  1.3945e+05  3.0370e+04  4.1031e+05 -1.0193e+04 -8.3602e+03 -2.0286e+04  4.4912e+02 -4.4380e+02 -2.3593e+02 -2.4741e+03 -9.4382e+02  5.3683e+02  2.4158e+03  7.9451e+02 -3.2376e+02 -8.1968e+00  2.8194e-01 -1.6395e+01  1.2682e+01 -2.6157e+00  2.9175e+01  7.4949e+00 -2.0611e+00  2.6142e+01
  3.7102e+02  1.7244e+02 -2.0733e+02 -4.6580e+02 -6.9075e+01  2.7454e+02 -5.2988e+02 -2.5706e+02  1.3220e+02 -3.1476e+02 -3.5942e+02  2.3067e+02 -1.6208e+02 -1.0139e+02  7.5065e+01 -5.1158e+01 -1.2854e+01 -1.1288e+02 -8.4217e+01  7.9593e+01 -1.0408e+02 -6.9140e+01 -1.0997e+02  5.6356e+02 -8.9611e+01  4.0361e+01 -8.3126e+01 -4.2489e+02 -8.8635e+00 -4.0377e+02  1.7521e+03 -2.7797e+03  3.9303e+03  1.1651e+01  1.8587e+01 -6.4690e+00 -4.8646e+01 -3.2470e+01  1.2737e+01 -1.5353e+00 -2.3070e+01  4.9789e+00  1.0247e+01  8.9743e+00 -1.3384e+01 -3.6465e+01 -2.9335e+01  4.6147e+01 -1.7722e+01  4.3279e+00  2.9266e+01  3.1869e+00  4.5344e+01  7.9097e+00  9.6495e+01 -7.9334e+01 -6.6471e+01 -1.3963e+02 -9.1269e+01  3.5673e+01 -2.6383e+04 -3.8420e+04  2.8386e+04  4.1095e+03  9.3220e+03 -1.0193e+04  1.0217e+05  1.4695e+05 -1.0509e+05 -1.9950e+01  6.8195e+01 -3.0766e+02  1.3731e+02  1.8295e+01 -2.5837e+02 -3.8381e+01 -1.8902e+02 -1.7147e+02  3.8928e+00  5.9756e+00 -1.5108e+00  2.1244e-02 -9.2381e+00  2.3095e+00 -5.3291e+00 -8.1455e+00  4.6511e+00
  3.7900e+02  1.2254e+02 -1.1857e+02 -4.9083e+02  2.3000e+01  1.8382e+02 -4.5905e+02 -1.6669e+02  7.3863e+01 -4.5849e+02 -2.3213e+02  1.5183e+02 -1.3098e+02 -7.6795e+00  4.4166e+01  6.1767e+01 -4.5954e+01 -9.9561e+01 -8.4703e+01 -4.4551e+01 -8.9490e+01 -1.4213e+02  6.8516e+01  3.4222e+02 -3.2371e+01 -3.9277e+01  1.0359e+01 -5.3692e+01 -6.4043e+01 -2.1582e+02 -3.2811e+03 -2.7302e+03  9.9150e+02  5.8361e+01  1.8225e+01 -2.3898e+01 -2.3029e+02 -7.9613e+01  9.1819e+01 -9.9177e+00 -4.7360e+01  3.2052e+01  1.2180e+01 -2.0182e+01  3.8837e+00 -4.5212e+01  6.4548e+01 -2.9229e+01 -8.4158e+00  2.0802e+01 -7.7752e+00  8.2251e+01  1.7673e+01  2.1002e+00 -1.5588e+02  1.4371e+02  2.4040e+02 -3.1902e+02 -1.3409e+02 -2.4207e+02 -3.5402e+04 -5.7539e+04  4.9058e+04 -1.0297e+03 -7.2503e+02 -8.3602e+03  1.4695e+05  2.3240e+05 -1.8747e+05  2.3170e+01  1.1897e+02 -1.9514e+02 -1.3247e+02  1.2002e+02 -1.4242e+02 -1.0366e+02 -1.3629e+02  1.3923e+01  5.8382e+00 -3.4216e+00  9.5038e-01 -1.1136e+01  5.2959e+00 -1.8602e-01 -5.0406e+00  1.0011e+01 -2.1311e+00
 -9.0735e+01 -1.3688e+01 -3.8401e+01  8.8860e+01 -4.0339e+01  5.9731e+01  1.0906e+02  2.4145e+01  5.9961e+01  6.8729e+01  3.4081e+01  6.4861e+01  8.9440e+01  4.8598e+01 -2.2268e+01 -1.0291e+02  1.9708e+01  6.2730e+01 -1.0833e+01 -1.5396e+02  4.6122e+01  2.4933e+02  1.4773e+02  2.2277e+02 -7.9449e+01 -6.8126e+01 -4.2837e+01 -1.6759e+01 -4.0066e+01 -2.2685e+02  4.7437e+03  2.4451e+03  1.0519e+03 -2.7803e+01 -3.7377e+01  2.1978e+01  1.4684e+02  1.0948e+02 -7.4522e+01  7.3733e+00  6.5291e+01 -3.3805e+01 -2.3449e+01  8.0694e+00  1.5015e+01  7.9420e+01 -1.7190e+01 -5.3552e+01  3.3136e+01 -1.4516e+01 -2.2978e+01 -1.1248e+01 -1.0426e+02  7.6261e+01 -7.5925e+00  2.5655e+02 -4.1794e+01 -3.7430e+00  4.7692e+01 -2.3169e+02  2.0138e+04  3.8159e+04 -4.5137e+04  2.0355e+04  3.3044e+04 -2.0286e+04 -1.0509e+05 -1.8747e+05  2.0125e+05 -2.4655e+02 -1.2852e+02 -3.7446e+02  2.3161e+02  3.5895e+02 -4.6662e+02 -4.7329e+01  1.4353e+02  3.1993e-01 -1.4858e+01 -6.9944e+00 -5.0816e+00  7.9600e+00  8.3277e+00  9.3149e+00  1.1184e+01 -7.0537e-01  7.8836e+00
 -1.7215e+02 -1.0961e+02  9.5065e+00  2.2811e+02  4.5016e+01 -3.7709e+01  1.9878e+02  1.1925e+02  1.2209e+01  8.4310e+01  2.0714e+02 -9.3087e+00  1.3790e+02  6.5463e+01  5.8415e+00 -1.0500e+02  1.6873e+01  6.8052e+01 -5.0847e+01 -1.0358e+02  6.0192e+01  1.2408e+01  6.2404e+01  2.9983e+02 -3.6670e+02 -8.4967e+01 -2.0642e+02  1.0763e+02  1.8920e+01 -1.6787e+02 -1.8972e+02 -6.1012e+01  2.1353e+02  2.9768e+00 -3.1177e+01  3.1478e-01 -9.6849e+00  1.0375e+02  2.9178e+01  3.6859e+00  3.2209e+01 -2.4222e+01 -3.3973e+01  1.5824e+01  1.7042e+01  1.1511e+02 -7.4367e+01 -4.4833e+01  2.7987e+01 -1.9744e+01 -3.3740e+01  1.5696e+02 -2.2141e+02 -5.7309e+01 -7.4584e+01 -1.6998e+02 -8.2857e+01 -1.5046e+03  7.5707e+02  1.1661e+02  2.4236e+02  5.9306e+01 -1.4969e+02 -1.6750e+03 -2.1079e+02  4.4912e+02 -1.9950e+01  2.3170e+01 -2.4655e+02  3.9823e+04  2.9411e+02  3.4990e+03 -5.5332e+04 -2.2316e+04 -5.6048e+04 -1.0062e+05  2.1433e+04  4.2799e+04 -1.1874e+01 -6.6756e+00 -1.0665e+00  5.0477e+00  9.4580e+00  7.8361e-01  9.5062e+00  5.1714e-01 -2.4751e-01
 -9.2853e+01 -3.5490e+01 -1.2139e+01  1.1808e+02 -5.9582e+01 -1.7558e+01  1.2167e+02  3.6734e+01  1.7916e+01  2.0228e+02 -3.5741e+01  4.1139e+01  2.7075e+01 -1.5646e+00 -6.6646e+00 -1.9409e+01  1.5120e+01  2.0335e+01  1.0347e+01  2.5865e+01  3.6159e+01  1.2954e+01 -6.4077e+01  4.1933e+01 -3.7838e+01  1.1815e+02 -3.0157e+01  1.7471e+01  4.7860e+01 -2.0870e+01 -2.7311e+02 -2.7394e+02 -6.6000e+00 -9.4720e+01 -5.6769e+00  2.2073e+01  4.8925e+02  1.6327e+02 -1.6706e+02  3.3140e+01  5.5547e+01 -3.1684e+01  4.9657e+00  2.2670e+01 -9.2709e-01 -6.3452e+01 -6.9640e+01  7.9827e+00 -6.8494e+00 -8.1339e+00  1.3695e+01 -1.2097e+02 -3.6221e+02 -2.8813e+02 -1.7498e+02 -4.3435e+02 -5.5119e+01 -8.8927e+01 -2.1314e+02  1.0953e+03  4.6811e+01  1.1741e+02  1.5824e+02  6.2578e+01 -1.0095e+03 -4.4380e+02  6.8195e+01  1.1897e+02 -1.2852e+02  2.9411e+02  5.2111e+03  9.4051e+03 -1.7112e+04 -1.1458e+04 -2.5613e+04  1.6414e+04 -7.0078e+03 -1.1675e+04 -7.5500e+00  3.5574e+00 -1.6129e+00  1.5275e+01 -4.6483e+00  3.4956e+00  4.6254e+00 -9.7356e+00  6.5065e-01
 -2.6124e+02 -1.0382e+02 -4.3246e+01  3.8740e+02  5.6137e+01 -6.0843e+01  2.8470e+02  1.3064e+02  2.2076e+01  2.8216e+02  2.6946e+02 -2.9631e+01  6.0995e+01  1.9077e+01  7.4963e+00  6.3052e+00  4.5693e+00  6.4794e+01  1.5263e+01  1.5304e+01  6.4779e+01  1.0683e+02  1.9210e+01 -2.5723e+02 -1.2425e+02 -1.5597e+01  1.3823e+02 -1.4030e+02 -3.5035e+01  1.0250e+02  5.2250e+02  1.0543e+02  2.0486e+02  1.0577e+01  3.5201e+00  3.5422e+01  4.8936e+01 -5.5339e+00 -1.4357e+02 -1.5996e+00 -1.5734e+01 -4.5794e+01  1.8770e+00  4.9166e+00  2.3915e+01 -2.2607e+01 -1.1029e+01 -8.6630e+01 -4.8854e+00  4.5680e+00 -2.3772e+01 -5.1662e+01 -2.6981e+02  6.9295e+01  7.4527e+00 -1.7772e+01 -1.0665e+02 -1.9133e+02  3.1764e+02 -8.0883e+02 -2.1540e+01  1.8109e+02 -5.8852e+02 -3.4473e+02  3.2577e+01 -2.3593e+02 -3.0766e+02 -1.9514e+02 -3.7446e+02  3.4990e+03  9.4051e+03  2.3643e+04 -4.3849e+04 -2.5989e+04 -6.4990e+04  3.0933e+04 -1.1385e+04 -2.5743e+04 -4.1556e+00 -3.4509e+00  4.3753e+00 -9.7184e-01  5.0981e+00 -8.2870e+00  2.6832e+00  1.0787e-01 -7.8177e+00
  1.9301e+02  1.4423e+02 -5.5167e+01 -1.3803e+02 -3.8111e+01  9.2401e+01 -3.2344e+02 -1.9140e+02  3.4691e+01  1.4504e+01 -1.6294e+02  8.3949e+01 -1.4572e+02 -6.5558e+01 -2.1149e+01  1.4016e+02 -6.3878e+01 -6.3412e+01  1.5185e+01  1.9911e+02 -3.7543e+01 -1.8604e+02 -1.2629e+02 -4.7960e+02 -1.5185e+02  6.9606e+01  1.5918e+02 -2.3877e+01 -3.8951e+00  2.6331e+02 -2.3270e+02  4.7047e+00  2.7916e+01 -4.1509e+00  7.6800e+01 -9.7007e+00 -3.1173e+01 -1.4959e+02 -8.9388e+01  3.3663e+01 -2.2148e+02  1.2243e+02  5.3125e+01 -1.0395e+01 -5.7335e+00 -1.9488e+02  3.4360e+01 -4.3468e+01 -8.6557e+01  4.8407e+01  6.6233e+01  9.2202e+01  3.7344e+02 -3.5933e+01 -1.3348e+01  1.3201e+02  5.6483e+02 -1.0772e+02 -2.3834e+03 -7.6065e+02  1.9759e+01 -4.0172e+01  3.4022e+02  2.8213e+02  7.4887e+02 -2.4741e+03  1.3731e+02 -1.3247e+02  2.3161e+02 -5.5332e+04 -1.7112e+04 -4.3849e+04  2.4626e+05  8.1537e+04  2.0832e+05 -2.4878e+04 -1.2939e+04 -3.2299e+04  1.6323e+01  8.3279e+00  4.1036e+00 -1.1728e+01 -1.2136e+01 -5.0637e+00 -1.4731e+01 -2.7753e+00 -3.9553e+00
  2.4674e+02  1.4837e+02  1.8481e+01 -4.0002e+02 -3.1685e+01  4.3848e+01 -3.1401e+02 -1.5776e+02 -3.1731e+01 -2.7228e+02 -1.8883e+02 -4.7530e+01 -3.7547e+01  1.9087e+01  1.8419e+01  1.3667e+01 -6.7222e+01 -5.4825e+01 -3.5607e+01 -8.0774e+01 -6.4004e+01 -5.6377e+01  2.1354e+01 -1.0667e+02  5.4108e+01  9.9105e+00  6.2354e+01 -1.3004e+01 -1.5153e+01  4.0766e+01  1.3668e+02 -4.4222e+01 -2.2343e+01  3.7972e+01  6.4173e+00  2.8994e+01 -4.6634e+00  3.5757e+00 -1.6028e+02 -8.6109e+01 -7.5518e+01 -7.9186e+00  1.1456e+01 -2.9613e+01 -4.6713e+00 -1.1749e+01  1.0024e+02  4.9763e+00 -9.0717e+00  3.2014e+01  9.9086e+00  1.0974e+02 -3.4196e+02 -4.1493e+01 -1.5085e+02 -1.0921e+02  2.5811e+02 -1.4992e+03  1.9735e+03 -9.8240e+02 -8.1224e+01 -6.2277e+01  1.9875e+02  8.2095e+02  3.9970e+02 -9.4382e+02  1.8295e+01  1.2002e+02  3.5895e+02 -2.2316e+04 -1.1458e+04 -2.5989e+04  8.1537e+04  4.3516e+04  9.9527e+04  8.0739e+03  1.2843e+03  4.7469e+03  8.9097e+00 -2.1903e+00  2.6795e+00 -1.3622e+01  3.7554e+00 -5.5884e+00 -7.2439e+00  9.8481e+00 -2.2153e+00
  6.6658e+02  3.0544e+02  1.0665e+02 -1.0468e+03 -2.0664e+02  8.3065e+01 -7.4352e+02 -3.6254e+02 -5.6864e+01 -7.6410e+02 -7.2728e+02 -1.8724e+01 -1.2281e+02 -3.6390e+01 -1.8020e+01 -5.5710e+01 -4.9064e+01 -1.4854e+02 -7.5251e+01 -3.0561e+01 -1.3906e+02 -1.5874e+02 -6.4727e+01  1.2511e+02  1.2151e+02  6.4231e+01  4.5311e+01  4.8280e+01  2.3065e+01 -9.8812e+01  1.2523e+02 -1.1085e+01  1.9848e+02 -2.8749e+01  3.2847e+01 -1.9838e+01  1.1182e+02 -6.6258e+01 -9.1131e+01 -1.5810e+01 -7.5624e+01  1.1849e+02  3.4775e+01 -1.2008e+01 -3.5201e+01 -1.3229e+02  5.0508e+01  7.4116e+01 -4.2465e+01  3.0686e+01  9.3378e+01  5.7800e+01  1.5710e+02  3.9548e+01 -1.4354e+02  1.9776e+02  3.8745e+02 -2.7087e+02 -4.7548e+02 -9.5566e+02  1.4714e+02  2.5386e+02 -1.9171e+02 -1.5955e+03 -1.8414e+03  5.3683e+02 -2.5837e+02 -1.4242e+02 -4.6662e+02 -5.6048e+04 -2.5613e+04 -6.4990e+04  2.0832e+05  9.9527e+04  2.5202e+05  1.6811e+04  3.3478e+03  7.5416e+03  9.2966e+00  7.0689e+00 -2.6399e+00 -1.0257e+00 -9.4955e+00  6.7521e+00 -7.3503e+00 -2.6252e+00  6.4585e+00
  3.9707e+02  2.7509e+02 -8.7337e+01 -8.3995e+02 -2.5689e+02  2.6008e+02 -3.9485e+02 -2.5519e+02  9.9276e+00 -2.2134e+02 -8.6741e+02  1.8097e+02 -4.1149e+02 -2.1052e+02 -9.0426e+01  2.9629e+02 -1.5270e+02 -1.4443e+02  1.3315e+02  3.8523e+02 -5.3584e+01  3.0858e+02 -1.7709e+02 -1.1329e+03  5.2672e+02  3.3235e+02  6.9454e+02 -7.3375e+02 -8.9443e+01  4.4621e+02  2.1190e+03  2.5887e+02  2.6578e+02 -7.9345e+01  1.1125e+02  3.4668e+01  6.6950e+02 -1.1295e+02 -2.8670e+02 -6.9526e+01  1.2874e+02 -4.7328e+01  1.5829e+02 -8.2616e+01 -7.9240e+01 -6.1138e+02  5.2997e+02  2.2588e+02 -9.0722e+01  6.8039e+01  1.4696e+02 -3.5185e+02 -1.4582e+02 -5.8264e+01  8.2835e+01 -2.7995e+02 -2.7936e+02  1.4035e+03  2.0178e+03  1.2607e+03 -3.9298e+02 -9.0072e+00 -1.8290e+02  8.1110e+02 -4.8251e+02  2.4158e+03 -3.8381e+01 -1.0366e+02 -4.7329e+01 -1.0062e+05  1.6414e+04  3.0933e+04 -2.4878e+04  8.0739e+03  1.6811e+04  4.2471e+05 -7.4573e+04 -1.4282e+05  4.4769e+01  3.2983e+01  3.7964e+00 -1.3479e+00 -4.3993e+01 -1.1924e+00 -3.6462e+01 -7.8083e+00 -3.5015e-02
  7.9112e+01  7.0229e+01 -2.8467e+01 -1.3234e+02  1.8847e+02  8.3065e+01 -6.4712e+01 -7.9512e+01 -1.0885e+01 -3.3141e+02  7.0519e+01 -9.2483e+01 -1.6955e+02  3.7631e+01 -3.9028e-01  1.9046e+02 -8.1383e+01 -6.0633e+00  4.3699e+01 -4.2180e+01 -4.2410e+01 -2.8307e+00  9.8037e+01 -2.1488e+02  1.9418e+02 -5.2416e+02  1.5210e+02 -1.0780e+02 -1.0956e+02  8.0940e+01  5.1114e+02  7.1095e+02  1.5991e+02  1.2604e+02  1.0365e+02  3.4543e+01 -3.7750e+02 -7.1007e+02 -2.7848e+02 -5.6321e+01 -1.5657e+02  1.1021e+02 -3.0157e+01 -8.7863e+01  3.3971e-01  4.2504e+02  3.0443e+02  2.4670e+01  4.9845e+01 -1.3922e+01 -9.2218e+01 -2.8988e+02  8.8686e+01  2.2620e+02 -5.3445e+00  3.9609e+02  1.0941e+02  3.7272e+03 -1.2388e+03 -2.1648e+03  9.3469e+01 -1.0954e+02 -1.0694e+02 -1.3516e+03  9.4658e+02  7.9451e+02 -1.8902e+02 -1.3629e+02  1.4353e+02  2.1433e+04 -7.0078e+03 -1.1385e+04 -1.2939e+04  1.2843e+03  3.3478e+03 -7.4573e+04  2.8282e+04  4.2570e+04  2.2392e+01 -5.9659e+00  3.5594e+00 -3.4348e+01  5.3564e+00 -8.7410e+00 -1.1647e+01  2.6541e+01  1.0021e+00
  4.7082e+02  1.7793e+02  4.9271e+01 -6.7734e+02 -4.0709e+01  2.4479e+02 -5.1239e+02 -2.3321e+02 -1.1001e+02 -3.8913e+02 -4.8777e+02  1.0826e+02 -2.8268e+02 -1.1191e+02  6.0628e+01  1.0872e+02 -7.5879e+01 -1.3016e+02  7.2175e+00  1.0177e+02 -1.0338e+02 -1.3202e+02 -1.2177e+02 -3.3958e+00  5.8684e+02  1.8108e+02 -3.7050e+02 -2.4687e+01  4.1406e+01 -4.4011e+00  5.0150e+02 -4.4293e+01 -3.0909e+02 -5.3314e+01 -3.7920e+00 -8.5973e+01  4.4003e+01 -8.9450e+01  2.5455e+02 -1.4490e+01  1.1224e+02  7.3659e+01 -2.3521e+01 -2.6249e+01 -1.1461e+02  1.6714e+02  6.4146e+01  5.4700e+02  7.8357e+01 -5.5706e+01  2.2624e+01 -1.5924e+02  7.3649e+01 -9.2471e+01  1.3700e+02  7.1346e+01  9.9519e+01  1.4593e+03 -4.2029e+02  3.7881e+02 -3.8837e+02  8.5720e+01  4.5996e+01  3.7325e+03 -1.0221e+03 -3.2376e+02 -1.7147e+02  1.3923e+01  3.1993e-01  4.2799e+04 -1.1675e+04 -2.5743e+04 -3.2299e+04  4.7469e+03  7.5416e+03 -1.4282e+05  4.2570e+04  9.6364e+04  2.0656e+01  1.3942e+01 -1.3491e+01  2.1055e+00 -1.9884e+01  2.2823e+01 -1.1750e+01  4.2347e+00  2.4920e+01
 -7.0583e+02 -5.9772e+02 -1.4709e+02 -6.1780e+02  8.7244e+01  1.4641e+02 -2.4839e+02  1.0075e+03  5.1298e+01 -5.0840e+01 -2.4581e+02  1.1979e+02 -3.3757e+01  4.5886e+01 -1.4047e+02 -8.0006e+01  7.7200e+01 -2.6173e+01  7.4728e+01 -8.2926e+01 -1.3465e+02  1.4447e+02  6.6877e+01  9.7707e+00 -5.7043e+01 -3.3454e+01 -2.2305e+01 -4.0391e+01 -1.3890e+01  5.2521e+01  5.3839e+01  1.0290e+01 -6.9215e+01 -7.3306e+01  1.0181e+01  2.9107e+00  1.1117e+02  1.4473e+01 -3.2898e+01  5.5773e+01  1.8215e+01 -6.1781e+00  1.5209e+01 -3.5240e+01 -5.9611e+00 -2.2457e+01  3.5527e+01  1.7806e+01 -1.8232e+01 -1.5076e+01 -3.4323e+01 -2.1393e+01  1.5180e+00  1.3169e+00  1.8161e+01 -1.4206e+01 -3.8679e+00  2.3252e+01  8.7023e+00  1.3524e+01 -1.5687e+01 -6.0799e+00  6.8710e+00  1.5419e+01  6.7735e+00 -8.1968e+00  3.8928e+00  5.8382e+00 -1.4858e+01 -1.1874e+01 -7.5500e+00 -4.1556e+00  1.6323e+01  8.9097e+00  9.2966e+00  4.4769e+01  2.2392e+01  2.0656e+01  3.0585e+04 -5.0260e+03 -2.8102e+03 -1.4451e+04 -1.0430e+04 -1.1636e+02 -1.0371e+05  3.1683e+04  1.2138e+04
 -5.7379e+02  1.2273e+02 -2.5886e+01  1.1557e+02  1.2516e+00  7.9253e+01  1.0039e+03 -1.5613e+03 -1.5980e+02 -2.9143e+02 -5.2216e+02 -1.8439e+01  1.3915e+01 -4.5508e+01 -7.1345e+01  1.2740e+01  1.2258e+02 -1.0268e+02 -9.4786e-01 -8.4230e+01  2.6574e-01  8.8855e+01  2.2151e+01 -9.8658e+00 -3.8446e+01 -6.8733e+00 -6.9165e+00 -2.9517e+01 -1.9762e+00  3.3139e+01  4.0456e+01 -1.0412e+01 -3.1609e+01  2.3137e+01  2.9184e+01  2.7846e+00 -4.0892e+01 -2.6283e+01  2.0588e+01 -8.2351e+01  5.4390e+00 -4.1353e+01 -3.4141e+01 -2.9500e+01 -1.4707e+01  3.2234e+01  1.4525e+01  1.2097e+01  5.7958e+01  3.9750e+01  2.8850e+01 -2.6531e+00  1.0792e+01 -2.4971e-01  3.1691e+00 -1.7429e+01 -2.9868e+00  1.0967e+01 -2.1110e+01 -7.9816e-01 -1.0716e+01  1.1993e+00  2.6733e+00  1.1745e+01 -6.8418e+00  2.8194e-01  5.9756e+00 -3.4216e+00 -6.9944e+00 -6.6756e+00  3.5574e+00 -3.4509e+00  8.3279e+00 -2.1903e+00  7.0689e+00  3.2983e+01 -5.9659e+00  1.3942e+01 -5.0260e+03  3.6931e+04  4.0732e+03 -2.3611e+04 -1.1786e+05 -8.7200e+03  4.4892e+04 -2.7586e+04 -6.9808e+03
 -1.9956e+02 -5.6409e+01  5.6099e+01  8.5759e+01  7.8808e+01  8.3223e+01  1.9652e+02 -8.4250e+01 -8.0395e+02  6.8696e+01 -7.6916e+01  5.7082e+01  5.1317e-01  4.7760e+00 -9.7905e+01 -2.1733e+01 -1.2955e+02  8.3238e+01 -1.2121e+02  3.8713e+01  1.2022e+02 -3.3197e+01 -2.8516e+01 -2.8412e+01  1.1127e+01  8.9576e+00  2.3206e+01  9.9874e+00  7.0779e+00  2.7651e+01 -6.1159e+01 -2.0870e+01 -1.0182e+01 -2.0934e+01  2.3537e+00  2.4253e+01  2.5672e+01  1.8007e+01 -3.8531e+01  4.0113e+01 -1.3280e+01 -2.8689e+01 -1.3410e+01 -2.1831e+01  1.2639e+01  1.9017e+01  2.8981e+00 -2.5043e+01  1.9995e+01  5.4657e+01 -7.8711e+00 -1.6339e+00 -3.4799e-02  7.2484e+00 -9.8170e+00 -3.8006e+00 -1.0140e+01 -2.9249e-02 -5.4360e-01 -7.9913e+00  2.8266e+00 -2.0721e-01  4.3744e+00 -2.5541e-01  4.4478e+00 -1.6395e+01 -1.5108e+00  9.5038e-01 -5.0816e+00 -1.0665e+00 -1.6129e+00  4.3753e+00  4.1036e+00  2.6795e+00 -2.6399e+00  3.7964e+00  3.5594e+00 -1.3491e+01 -2.8102e+03  4.0732e+03  9.5775e+02 -1.2674e+03 -1.0242e+04 -1.2330e+03  1.3124e+04 -5.5469e+03 -2.1428e+03
 -5.6812e+02 -7.6999e+01 -9.5434e+01  1.3237e+02  4.7203e+01  2.5698e+01  3.7002e+03 -1.1387e+03  5.7768e+02 -2.1507e+02 -3.4105e+02 -3.3991e+01  5.3845e+01 -8.5081e+01 -4.9004e+01  2.1550e+01  1.0474e+02  9.4278e+01 -1.3077e+01  6.8349e+01  2.4592e+02 -5.8990e+01 -6.7218e+01 -4.1088e+01 -1.2327e+01  1.6444e+01  3.3640e+01 -1.2795e+01  7.2970e+00 -3.0200e+01  2.4184e+01 -1.1063e+01  9.4707e+01  1.1757e+02  9.0300e+01  3.1832e+00 -2.0270e+02 -9.3024e+01  9.1113e+01 -2.2919e+02 -7.2367e+01 -8.9091e+01 -2.7861e+00  1.7355e+01  6.9643e+00 -9.6349e+00 -7.6592e+01 -4.6576e+01 -1.2301e+01 -1.5968e+01  6.7323e+00  2.7066e+01  1.8969e+01 -1.9617e+00 -2.5574e+01 -1.2908e+01  6.1467e-01 -1.1704e+01 -4.8611e+01 -2.0167e+01  2.3540e+00  8.6686e+00 -4.5203e+00 -1.2220e+00 -1.9308e+01  1.2682e+01  2.1244e-02 -1.1136e+01  7.9600e+00  5.0477e+00  1.5275e+01 -9.7184e-01 -1.1728e+01 -1.3622e+01 -1.0257e+00 -1.3479e+00 -3.4348e+01  2.1055e+00 -1.4451e+04 -2.3611e+04 -1.2674e+03  5.3486e+04  5.1594e+04  8.6621e+02  2.5820e+03  4.4254e+04  3.8564e+03
  2.5255e+02 -1.9910e+02 -9.4013e+01 -3.5478e+02  2.0699e+02  2.1579e+01 -1.3048e+03 -1.5258e+03  1.8671e+02 -3.8906e+02  6.0262e+02 -1.4963e+01 -5.4626e+01  3.6490e+00 -1.1745e+01  3.5620e+01 -6.9725e+01  1.6752e+02 -7.9000e+01  1.7647e+02  1.3531e+02 -1.0852e+02 -3.8397e+01 -7.4504e+00  1.8063e+01 -2.3764e+00  2.5937e+01  2.1862e+01 -1.0202e+00 -3.9571e+01 -1.5976e+01  2.2674e+01  6.4723e+01 -4.6252e+01 -1.9358e+01 -2.1058e+01  1.4985e+02  2.9558e+01 -5.3604e+01  1.3148e+02 -7.3940e+01  1.6019e+02  2.9074e+01  2.9776e+01 -4.2236e-01  2.9497e+01 -3.9526e+01 -6.1132e+01 -1.4842e+02 -2.8299e+01  6.4747e+01  7.3249e+00 -1.7105e+01  3.6884e-01 -7.4522e+00  3.3238e+01  2.5279e+00 -1.6991e+01  2.9356e+01 -8.1481e-01  1.5982e+01 -1.4844e+00 -2.7806e+00 -1.6404e+01  9.8537e+00 -2.6157e+00 -9.2381e+00  5.2959e+00  8.3277e+00  9.4580e+00 -4.6483e+00  5.0981e+00 -1.2136e+01  3.7554e+00 -9.4955e+00 -4.3993e+01  5.3564e+00 -1.9884e+01 -1.0430e+04 -1.1786e+05 -1.0242e+04  5.1594e+04  4.9060e+05  4.1341e+04 -8.5921e+03 -1.9513e+04 -6.4114e+02
 -7.8937e+01 -2.9705e+01  1.7803e+02 -1.4115e+01 -4.2331e+01 -1.0048e+02  6.7509e+02 -3.7947e+02 -4.1602e+02 -2.0161e+02 -8.5961e+00 -7.7399e+00 -2.9834e+01 -3.3602e+01  6.6998e+01 -7.7366e+01  1.3155e+02 -5.3904e+01  1.3434e+02 -1.7099e+01 -7.3201e+01  6.2998e+01  4.9549e+01  5.8320e+01 -2.1519e+01 -1.1794e+01 -3.4961e+01 -2.5852e+01 -1.7789e+01 -3.6808e+01  9.9036e+01  3.5582e+01  1.9454e+01  4.7733e+01  1.9444e+01 -6.2889e+01 -4.7661e+01 -2.9759e+01  8.5783e+01 -1.6089e+02 -1.8387e+01  8.1519e+01  1.1425e+00  1.2747e+01 -1.4567e+01 -9.4560e+00 -1.4332e+01  2.6562e+01 -5.3595e+00 -3.6341e+01  2.4563e+01  2.4602e+00 -1.7339e-01 -1.5767e+01  2.4295e+01  1.2070e+01  2.3982e+01  1.6461e+00 -4.3258e-01  1.4592e+01 -4.9474e+00 -1.4745e-01 -7.8642e+00  1.2144e+00 -8.0172e+00  2.9175e+01  2.3095e+00 -1.8602e-01  9.3149e+00  7.8361e-01  3.4956e+00 -8.2870e+00 -5.0637e+00 -5.5884e+00  6.7521e+00 -1.1924e+00 -8.7410e+00  2.2823e+01 -1.1636e+02 -8.7200e+03 -1.2330e+03  8.6621e+02  4.1341e+04  4.7661e+03 -6.3727e+02 -6.1797e+03  7.8359e+01
 -2.8826e+02  6.7946e+01 -6.9637e+01 -4.5943e+00 -5.4765e+02 -1.5655e+02 -7.7433e+02  1.7502e+03  9.7296e+02  4.9041e+01 -3.2344e+02 -5.3863e+01 -4.1271e+01  7.4936e+00 -2.3732e+01  1.4455e+02 -1.8268e+02  1.7714e+02  3.8179e+01 -2.6067e+01  1.9098e+02 -1.2172e+02 -4.3354e+01 -2.7648e+01  1.4999e+01 -5.0559e+00  3.5633e+01  5.8652e+00 -6.5996e+00 -4.7951e+01  4.9162e+00  2.8980e+01  1.1092e+02  5.2428e+01 -1.6591e+00 -1.2257e+01 -1.0530e+02  5.5370e+01 -3.6892e+01 -1.1708e+02 -8.2005e+01  7.9611e+01  9.8235e+00  2.0638e+00 -2.9238e+01  1.0476e+02  5.2522e+01  1.1750e+01 -7.5714e+01  5.2874e+00  1.0894e+02  1.2718e+01 -9.7631e-01 -2.4421e-01 -1.4577e+01  5.8677e+00  1.2665e+00 -1.6608e+01 -3.3344e+00 -7.1426e+00  1.2275e+01  4.1636e+00 -5.1046e+00 -1.2349e+01 -4.1444e+00  7.4949e+00 -5.3291e+00 -5.0406e+00  1.1184e+01  9.5062e+00  4.6254e+00  2.6832e+00 -1.4731e+01 -7.2439e+00 -7.3503e+00 -3.6462e+01 -1.1647e+01 -1.1750e+01 -1.0371e+05  4.4892e+04  1.3124e+04  2.5820e+03 -8.5921e+03 -6.3727e+02  4.1257e+05 -1.7107e+05 -5.2382e+04
 -3.2759e+02 -4.6241e+02 -1.3990e+02 -3.8550e+02  3.4278e+02  1.1016e+02  2.0305e+03  2.7360e+03  8.8613e+02  1.4779e+02  2.3359e+02  7.0416e+01 -2.4416e-01  1.1199e+02 -2.3391e+01 -9.2251e+00 -5.3810e+01  1.3671e+02  6.3025e+01 -4.3222e+01 -1.7914e+01 -3.6413e+01  2.1226e+01  5.5398e+00  1.0761e+01 -2.2921e+01  1.8219e+00  7.7367e+00 -1.5290e+01 -1.9535e+01 -1.6943e+01  3.3201e+01  3.3279e+01 -2.9467e+01 -1.7301e+01  3.1556e+00  1.3499e+01  3.5234e+01 -1.1979e+01  5.3820e+01  4.5248e+01 -1.2068e+01  1.0607e+02  5.0195e+00  2.9441e+01 -1.4356e+02  9.7531e-01  1.3395e+01 -1.4518e+02 -1.0690e+02 -1.7057e+02 -8.7782e+00 -9.4241e+00 -4.8510e-03  5.8929e+00  9.2937e+00  3.2078e+00  3.2779e+00  2.9333e+01  1.0415e+01  9.7586e-01 -6.8532e+00  7.1189e-01 -3.9745e+00  1.3086e+01 -2.0611e+00 -8.1455e+00  1.0011e+01 -7.0537e-01  5.1714e-01 -9.7356e+00  1.0787e-01 -2.7753e+00  9.8481e+00 -2.6252e+00 -7.8083e+00  2.6541e+01  4.2347e+00  3.1683e+04 -2.7586e+04 -5.5469e+03  4.4254e+04 -1.9513e+04 -6.1797e+03 -1.7107e+05  1.2766e+05  2.7748e+04
 -9.9384e+01 -2.0412e+02  1.5910e+02 -2.1029e+02 -1.2714e+01  1.4497e+01  6.3126e+02  1.2962e+03 -2.3798e+02 -2.2110e+01  1.2799e+02 -8.1470e+01 -3.1748e+01  2.5603e+00  6.5648e+01  2.9886e+01  1.4988e+02 -4.9897e+01  6.6118e+01 -1.4531e+02 -1.0888e+02  7.6166e+01  4.3897e+01  5.2519e+01 -2.0886e+01 -1.6634e+01 -3.8579e+01 -2.9351e+01 -1.0672e+01 -2.9868e+01  9.5257e+01  2.3839e+01  1.3370e+01  1.7067e-01 -6.3005e+00 -1.4557e+01 -2.5515e+01 -1.2626e+01  3.1922e+01 -3.5044e-01  3.5190e+01  1.9971e+01  4.6498e+01  2.8525e+01 -3.3774e+01 -4.7283e+01  2.6871e+00  4.9224e+01 -1.0122e+02 -1.4059e+02  1.3305e+01 -1.7760e+00  5.5004e-01 -8.7193e+00  1.1711e+01 -3.6472e-01  1.2978e+01  4.4922e+00  4.1278e+00  1.5733e+01 -6.8583e+00  1.7914e-01 -6.5935e+00  2.8484e+00 -6.1767e+00  2.6142e+01  4.6511e+00 -2.1311e+00  7.8836e+00 -2.4751e-01  6.5065e-01 -7.8177e+00 -3.9553e+00 -2.2153e+00  6.4585e+00 -3.5015e-02  1.0021e+00  2.4920e+01  1.2138e+04 -6.9808e+03 -2.1428e+03  3.8564e+03 -6.4114e+02  7.8359e+01 -5.2382e+04  2.7748e+04  8.2566e+03
