5.837614088435022	4.158046783371362
19.180732004857926	6.225232111359399
32.523849921280835	99.70215178326302
45.866967837703754	125.10868755480416
59.210085754126645	823.862884807136
72.55320367054956	162.57717500234233
85.89632158697246	46.827496588152215
99.23943950339539	106.9627362510043
112.58255741981829	43.55212021802598
125.9256753362412	1238.9021261689236
139.2687932526641	419.6480815076855
152.611911169087	31.152037793036435
165.95502908550992	67.61591990987601
179.2981470019328	248.2008580615896
192.6412649183557	1481.6573529000761
205.98438283477867	17447.941147885424
219.3275007512016	574.5459678279929
232.67061866762447	936.8922576852158
246.01373658404736	7303.851020343922
259.35685450047026	2427.6276451072017
272.6999724168932	7107.7360188763705
286.04309033331606	25102.86436849366
299.386208249739	59977.81408340612
312.7293261661619	110886.64183515834
326.0724440825848	5311.896200588187
339.4155619990077	138714.7533818136
352.7586799154306	2836.765574907936
366.1017978318535	3658.157793674355
379.4449157482764	809.4672386781585
392.78803366469936	996.9912663518501
406.13115158112225	2080.9141082427004
419.47426949754504	1047.9103425572205
432.8173874139681	1583.9595940871618
446.16050533039106	39359.18526901673
459.5036232468139	1365.2207157430198
472.84674116323686	1032.4327443145337
486.1898590796597	10774.450493358452
499.53297699608265	16593.073308639847
512.8760949125056	1732.743403217871
526.2192128289283	188.0764567523001
539.5623307453513	2342.1936658871277
552.9054486617744	935.2148744428569
566.2485665781971	204.9778599175871
579.59168449462	233.16843859108394
592.9348024110432	247.34467268503653
606.2779203274657	551.0333977551769
619.6210382438888	1051.786255425032
632.9641561603116	3025.4150571050204
646.3072740767345	2093.726647867824
659.6503919931577	381.91557713706356
672.9935099095804	1573.9472322105687
686.3366278260033	761.9754288262891
699.6797457424262	145.60997383134
713.0228636588489	81.54124955203103
726.365981575272	71.26239500057132
739.7090994916949	55.130080668713774
753.0522174081179	97.177961013187
766.3953353245406	18.00734686035445
779.7384532409635	132.04626494900276
793.0815711573865	54.09716875638442
806.4246890738094	49.70475684590356
819.7678069902324	41.580872245649026
833.1109249066553	46.77600286802591
846.4540428230781	958.0019663351537
859.7971607395011	23.82482662752387
873.140278655924	13.291197169661583
886.483396572347	48.49302506750923
899.8265144887699	16.940097400122863
913.1696324051926	5.091894151684983
926.5127503216157	4.649703103946537
939.8558682380384	274.87802661524273
953.1989861544616	15.680129369360225
966.5421040708845	5.349004604263685
979.8852219873072	25.61009498634698
993.2283399037299	26.335865616115132
1006.5714578201532	2.048133905620282
1019.914575736576	10.053199134129699
1033.257693652999	157.64513333756196
1046.6008115694217	-0.6363048027374851
1059.9439294858446	10.066639773651461
1073.2870474022675	42.225829190467884
1086.6301653186904	2831.173471223756
1099.9732832351135	42.21774668239495
1113.3164011515366	24.780437686929172
1126.6595190679593	499.6294599916664
1140.002636984382	78.043164437943
1153.345754900805	65.61148520268989
1166.688872817228	133.2060170208348
1180.031990733651	12.683862916641068
1193.375108650074	38.48201469717029
1206.7182265664965	3.920313046376708
1220.0613444829196	5.1004295067899355
1233.4044623993427	17.124612924428355
1246.7475803157656	61.81293106053837
1260.0906982321883	870.9209949272863
1273.433816148611	1459.301576207035
1286.776934065034	114.57631749272389
1300.1200519814572	3437.655308995454
1313.46316989788	278.7794143505319
1326.806287814303	1666.7217891334585
1340.1494057307257	173.36718607963948
1353.4925236471488	128.0536264283809
1366.8356415635717	187.33577798338962
1380.1787594799946	95.72737850465111
1393.5218773964175	835.6430754095347
1406.8649953128404	2325.578882634196
1420.2081132292633	91.69193748707346
1433.551231145686	455.81068937350136
1446.8943490621093	1347.796578818457
1460.237466978532	14.035729301274193
1473.5805848949549	422.6462606973629
1486.9237028113778	5295.765091323442
1500.2668207278005	-63.072910831187
1513.6099386442238	1275.3339400297975
1526.9530565606467	2412.3163436487966
1540.2961744770698	222.66480725933621
1553.6392923934925	1691.9175037742432
1566.9824103099147	4096.480009153736
1580.3255282263383	6754.130116838506
1593.668646142761	59244.990927706924
1607.011764059184	4706205.761173881
1620.354881975607	207877.08741017367
1633.6979998920292	48382.30124668434
1647.0411178084526	36361.83349644846
1660.3842357248757	2388.1558054688835
1673.7273536412986	5892.869804736345
1687.0704715577217	90580.40000848999
1700.4135894741444	3011.3652142526225
1713.7567073905673	324.7878859594598
1727.09982530699	118.55118208022695
1740.4429432234133	258.69409597423976
1753.7860611398362	73.09605935297694
1767.1291790562586	101.18127811771835
1780.4722969726818	82.34565215612501
1793.8154148891044	162.96454498567502
1807.158532805528	6656.924445297953
1820.5016507219505	9523.522741817727
1833.844768638373	82.67330785123843
1847.1878865547965	156.02865037319174
1860.5310044712187	186.28157468366507
1873.874122387642	122.87626865355617
1887.2172403040647	848.1066231964494
1900.560358220488	297.64433527793074
1913.9034761369112	4435.936581978848
1927.2465940533327	153.78010230575495
1940.5897119697568	1844.2001290440458
1953.9328298861797	1047.3545417880143
1967.2759478026023	62.66087590818789
1980.6190657190252	28.367425767685955
1993.962183635448	38.33835999182958
2007.3053015518717	8.718228298082298
2020.6484194682937	371.24417552506054
2033.9915373847173	30.484229229542002
2047.33465530114	514.4566220117819
2060.6777732175638	521.7469374951407
2074.020891133986	113.76957472383386
2087.364009050408	57.85648224372294
2100.707126966832	566.4218202177674
2114.0502448832544	27.7428668015906
2127.3933627996776	79.70171491711741
2140.7364807161	137.36404039432787
2154.079598632523	35.584853306696786
2167.4227165489465	-4.590619675213635
2180.7658344653687	85.9720250104816
2194.108952381792	-6.83383803422106
2207.452070298215	-14.667238826005578
2220.7951882146376	-12.681519680784893
2234.1383061310607	26.013415521257166
2247.4814240474834	-11.835567324527286
2260.8245419639065	-3.076580032279717
2274.1676598803288	-6.463582132905803
2287.510777796752	-14.407207699964186
2300.853895713175	-14.561874658332664
2314.1970136295977	2.2297006460293693
2327.5401315460213	-11.168206733733488
2340.883249462444	-16.5769639436729
2354.2263673788666	-15.55324274146077
2367.56948529529	-16.82705113693551
2380.9126032117124	-14.73749738670988
2394.255721128136	-15.619995909547296
2407.598839044558	-13.430240851968364
2420.941956960981	22.81947024653453
2434.2850748774044	-5.9465394017822595
2447.6281927938267	8.929621948041053
2460.9713107102502	15.096914593448549
2474.314428626673	-6.368006114829992
2487.657546543096	3.7200238566673263
2501.000664459519	-9.405740703294388
2514.3437823759414	24.07684809467482
2527.6869002923645	-7.224828437553848
2541.030018208787	1.7008976262215814
2554.3731361252103	21.589332918149672
2567.7162540416334	-0.7752946282085468
2581.0593719580565	-8.656022866281605
2594.40248987448	-19.579530537307175
2607.7456077909014	-16.792033212919225
2621.088725707325	26.099605261973988
2634.431843623748	-13.188044135027832
2647.774961540171	1.0364062984336755
2661.1180794565935	-4.9039723033492315
2674.461197373016	24.42829458406713
2687.8043152894397	101.98366048160442
2701.147433205863	107.94160822018493
2714.490551122286	720.2886146356697
2727.8336690387086	2215.4821997932695
2741.1767869551304	1284.8238572195
2754.519904871553	13511.75599472227
2767.8630227879767	18619.66365336287
2781.2061407044	4454.28943157484
2794.5492586208225	1001.9411412824338
2807.8923765372456	2390.901605755253
2821.2354944536687	849.7852942200494
2834.578612370092	283.70675567180217
2847.9217302865154	560.4333099520021
2861.2648482029367	415.1806994983082
2874.60796611936	324.38557843959984
2887.9510840357834	13.309053377886446
2901.294201952206	-39.03103468741991
2914.6373198686288	-43.6141630897386
2927.980437785052	-45.11420973270233
2941.3235557014746	-46.144879862254655
2954.666673617898	-47.40174010803635
2968.0097915343204	-43.91060567928879
2981.3529094507435	-49.52785051259209
2994.6960273671666	-48.7407619682917
3008.039145283589	-49.56626105007865
3021.3822632000124	-54.955875486061814
3034.725381116435	-46.61523106946605
3048.068499032858	-6.748698633846163
3061.411616949281	-37.396408718975174
3074.754734865703	24.441341128376237
3088.0978527821267	-39.64285845964447
3101.44097069855	-32.281614698015204
3114.7840886149725	-42.37856394030956
3128.127206531395	44.32574141345549
3141.470324447818	-57.6070151986248
3154.813442364241	-70.83523659045868
3168.1565602806645	-4.591868538082418
3181.499678197087	127.21659813700452
3194.8427961135094	-22.797703612041666
3208.1859140299325	1471.7103136065875
3221.529031946356	1296.7229707701679
3234.872149862779	-67.37206057269549
3248.2152677792014	-26.860864594127907
3261.558385695624	3655.220273581279
3274.9015036120472	26.193344413638574
3288.244621528471	2947.8280901144158
3301.5877394448935	437.2759147112341
3314.930857361316	2415.388125448878
3328.273975277739	375.23157170410593
3341.617093194161	263.0610884984786
3354.9602111105846	-9.520471963458453
3368.303329027008	5064.493368945668
3381.646446943431	6256.791908939905
3394.989564859853	2601.123361401026
3408.332682776276	2905.4378035259256
3421.6758006927	7437.420157316332
3435.0189186091225	1730.2591649458434
3448.3620365255447	434.19971757575547
3461.705154441968	1580.0118526672727
3475.0482723583914	52.489272853160585
3488.391390274814	1426.4705330770241
3501.7345081912367	46609.489189164495
3515.07762610766	18083.279576893663
3528.420744024082	1537.752086884134
3541.7638619405047	1489.6788911820368
3555.1069798569283	245.02816400083879
3568.4500977733514	3615.740767284783
3581.793215689774	7824.71379691081
3595.136333606197	1837.6047349342196
3608.479451522621	9350.082629336479
3621.822569439044	4169938.7066140696
3635.1656873554657	647754.2408027959
3648.508805271888	10774.901380540887
3661.851923188311	-4225.087956342397
3675.195041104734	-939.9026107941603
3688.5381590211578	-81531.11148641157
3701.881276937581	18864688.18289013
3715.224394854003	18133404.999506835
3728.5675127704258	-85834.47941132315
3741.91063068685	1070.3343958983762
3755.253748603273	-7140.697358298913
3768.596866519695	6234.614659925963
3781.939984436117	-4514.308936900603
3795.283102352541	-3691.4832133927484
3808.626220268964	-2096.3674618083396
3821.969338185387	-1508.0408457171065
3835.3124561018094	8425.161742170787
3848.655574018232	584.8875269951362
3861.998691934655	-268.42694012014715
3875.3418098510792	1597.5948841790946
3888.684927767501	1186.2427011474974
3902.028045683924	21828.647906412363
3915.3711636003463	43743.67275909902
3928.7142815167695	4178.30805532148
3942.0573994331935	679.7798902929541
3955.400517349616	926.2471323329215
3968.7436352660393	2860.0263732458766
3982.0867531824606	552.6382170916334
3995.4298710988846	1617.5647259466264
4008.772989015308	1259.510544783154
4022.1161069317295	1017.0918052403986
4035.4592248481526	118.43578817432312
4048.802342764576	4707.828631977
4062.1454606809984	-167.4220370854712
4075.4885785974234	156.96755662304327
4088.8316965138447	-140.59696769840846
4102.174814430267	-160.2411621257807
4115.51793234669	95.08065073669219
4128.861050263114	-121.80172700748199
4142.204168179537	-90.96528739807836
4155.547286095959	2522.5067340538776
4168.890404012382	-111.93651800184739
4182.233521928804	-128.8984189447057
4195.576639845228	540.659267081014
4208.919757761652	496.21790037787815
4222.262875678073	-89.89063119905111
4235.605993594497	-104.87289372032588
4248.9491115109195	-36.63487592390764
4262.292229427344	-91.0790029910552
4275.635347343766	-93.691379488856
4288.978465260188	-89.65473770669243
4302.321583176611	-87.1144540808049
4315.664701093034	-84.70906950893398
4329.007819009456	-73.1149829975579
4342.350936925881	-36.412507736425155
4355.694054842304	-72.65171492451591
4369.037172758724	-70.53187830065104
4382.380290675148	-66.78701540228693
4395.7234085915725	-65.2064030358288
4409.066526507995	-63.95333813865708
4422.409644424418	-61.915036615792154
4435.7527623408405	-59.40963656833291
4449.095880257263	-56.22041428960539
4462.438998173688	-54.4023711353942
4475.7821160901085	-52.629436137763776
4489.125234006532	-51.65615808497773
4502.468351922955	-50.01141224839932
4515.811469839377	-48.8272241866385
4529.154587755801	-47.52231713065411
4542.497705672224	-45.61792697662649
4555.840823588646	-38.56855084387687
4569.183941505069	-43.08322506121471
4582.527059421492	-41.969943864346114
4595.870177337916	-40.57279324818656
4609.213295254338	-39.66109154089147
4622.556413170761	-38.49310681675757
4635.899531087183	-37.256267021557434
4649.242649003607	-34.94718345291653
4662.58576692003	-35.33848573866138
4675.928884836453	-34.50271221554531
4689.272002752876	-33.64016327893697
4702.6151206692975	-32.63349220160998
4715.95823858572	-29.673917928065908
4729.301356502145	-31.247523440719498
4742.644474418568	-30.275738627374075
4755.98759233499	-29.441101939628094
4769.330710251413	-29.008026761194344
4782.673828167837	-28.252085122397887
4796.016946084259	-24.32354438987086
4809.3600640006825	-27.008827453147155
4822.703181917104	-25.97460234840301
4836.046299833527	-23.371248009867642
4849.38941774995	-25.156369281529454
4862.732535666373	-23.978157895268545
4876.075653582797	-23.247405252209326
4889.418771499219	-23.548142759855246
4902.761889415643	-23.057702979913053
4916.105007332066	-22.617774976103714
4929.448125248488	-22.080490883187018
4942.791243164911	-21.440019322666956
4956.134361081333	-20.86657795241318
4969.477478997756	-20.737913470134487
4982.820596914179	-20.180692841898075
4996.163714830604	-19.86631585676067
5009.506832747024	-19.372857130638835
5022.849950663447	-18.94522856335397
5036.1930685798725	-13.929562039785333
5049.536186496295	-18.51507151698628
5062.879304412718	-17.938615654140023
5076.22242232914	-17.85349079852825
5089.565540245563	-17.40125357766963
5102.908658161985	-15.355541281069318
5116.251776078409	-11.829159666722306
5129.594893994832	-15.890041681847938
5142.938011911254	-15.166348330559478
5156.2811298276765	-14.51315758292555
5169.624247744102	-15.662978207830202
5182.967365660524	-14.695047589122481
5196.310483576945	-11.275366010041191
5209.653601493369	-14.985819193406266
5222.996719409792	-13.287425844166682
5236.3398373262135	17.31057492161409
5249.682955242638	-13.78394746672592
5263.0260731590615	-11.02391375049381
5276.369191075483	-9.315317137508742
5289.712308991906	-9.193014538170209
5303.0554269083295	47.73075101453908
5316.398544824752	2658.851946412211
5329.741662741176	13.483308238229236
5343.084780657598	10.72977295923663
5356.427898574021	2.7614421921250383
5369.771016490442	-8.277223202157268
5383.1141344068665	-9.616289538158691
5396.45725232329	30.412033275903504
5409.800370239713	-10.330049946029263
5423.143488156136	-11.384518371091634
5436.486606072559	-11.004155751548618
5449.829723988982	-10.712856327095682
5463.172841905404	-10.867192863810349
5476.515959821825	-10.760910138237907
5489.85907773825	-10.6755702864107
5503.202195654672	-10.184263770358374
5516.545313571097	-4.20151541131132
5529.8884314875195	-8.149070335678067
5543.231549403942	-10.278667813721516
5556.574667320366	-10.175331493109748
5569.917785236788	-10.040475858474565
5583.260903153209	-10.003466343993765
5596.604021069633	-9.628583022944387
5609.947138986056	-9.713621441901893
5623.290256902478	-9.574021047702804
5636.633374818902	-9.50605663258079
5649.976492735324	-9.336044564755806
5663.319610651748	-9.270039080876112
5676.662728568171	-9.154547047553638
5690.005846484595	-9.093566697474605
5703.348964401017	-9.0133382252877
5716.6920823174405	-8.890722122287844
5730.035200233862	-8.681812512416695
5743.378318150285	-8.722802986412876
5756.721436066708	-8.538670127364986
5770.064553983131	-8.4682866832898
5783.407671899555	-8.435320615347834
5796.750789815977	-8.347312688279482
5810.0939077324	-7.373592187932948
5823.437025648824	-8.219869524463098
5836.780143565245	-8.053696806997445
5850.123261481669	-7.991909058076122
5863.466379398091	-7.92499280087867
5876.8094973145135	-7.867507764591386
5890.152615230936	-7.8151549269173675
5903.495733147361	-7.675902232718985
5916.838851063783	-7.61263964690859
5930.181968980207	-7.543958170979877
5943.52508689663	-7.454686156159525
5956.868204813053	-7.3872759253926406
5970.211322729474	-7.329002376255931
5983.554440645898	-7.25574004023284
5996.89755856232	-7.196887245194477
6010.240676478743	-7.11679075227687
6023.583794395165	-7.03883346615047
6036.926912311589	-6.998358020522852
6050.270030228012	-6.934261538900808
6063.613148144435	-6.854854305166012
6076.95626606086	-6.790871667133177
6090.299383977282	-6.743907840254195
6103.642501893704	-6.679765570721136
6116.985619810127	-6.6399855430251105
6130.32873772655	-6.560056145233463
6143.671855642971	-6.507036694112637
6157.014973559395	-6.429794414234294
6170.35809147582	-6.374151975857833
6183.701209392241	-6.338542404321293
6197.044327308664	-6.282321474505119
6210.387445225088	-6.204912255998243
6223.73056314151	-6.155834750607613
6237.073681057934	-6.145792151670546
6250.416798974356	-6.050322516500981
6263.759916890779	-5.969327238318144
6277.103034807201	-5.9392459148722825
6290.446152723624	-5.930255265536047
6303.789270640046	-5.890081635271793
6317.132388556472	-5.822252222813293
6330.475506472894	-5.759784348735437
6343.818624389317	-5.684643748416221
6357.16174230574	-5.607629297809817
6370.504860222161	-5.607449587175148
6383.847978138584	-4.680677923631689
6397.191096055008	-5.105640655319126
6410.5342139714285	-5.2821904796833135
6423.877331887853	-5.162182977574136
6437.2204498042765	-4.515142414791089
6450.5635677207	-4.533652483833739
6463.906685637123	-0.8101909587427116
6477.2498035535455	2.599438574030697
6490.592921469968	-2.851293117294259
6503.936039386391	-4.976318470961786
6517.2791573028135	-3.4904887760005123
6530.622275219236	-4.6107939315694555
6543.965393135659	-5.005224824774592
6557.3085110520815	-4.977171751350459
6570.651628968506	-5.123765732171853
6583.994746884929	-5.104908638647044
6597.337864801353	-5.047338644287384
6610.680982717775	-5.009987833420067
6624.024100634197	-4.995472764075811
6637.36721855062	-4.961551127735168
6650.710336467042	-4.938963962868061
6664.053454383466	-4.909211138297442
6677.396572299888	-4.831022284765851
6690.739690216313	-4.832796028986186
6704.082808132735	-4.804816538466224
6717.425926049159	-4.779904025085853
6730.769043965582	-4.76653473034402
6744.112161882003	-4.725891297441919
6757.455279798427	-4.6756797284322715
6770.798397714849	-4.6757027431448765
6784.141515631272	-4.641569142324076
6797.484633547694	-4.623799868864333
6810.827751464117	-4.589611864003698
6824.170869380539	-4.4949848085132516
6837.513987296965	-4.30166606144252
6850.857105213388	-4.48494425084059
6864.200223129809	-4.482819586208143
6877.543341046233	-4.446403467737747
6890.886458962656	-4.150275100803339
6904.229576879078	-4.373852065466838
6917.572694795501	-3.5360470331652634
6930.915812711923	-3.7550281670230987
6944.258930628345	-4.260279995634545
6957.60204854477	-4.333072201902363
6970.945166461193	-4.1342412151271475
6984.288284377616	-4.289094709234024
6997.63140229404	-3.693728182694818
7010.9745202104605	-3.0169017393987416
7024.317638126885	-3.6742010804181375
7037.660756043307	-4.03750663882729
7051.003873959729	-3.3540577326285272
7064.346991876152	-4.0855537039427245
7077.690109792576	-2.0554974505260133
7091.033227708999	-2.152365022833237
7104.376345625422	-2.2961832515884226
7117.719463541846	-2.5424156058673275
7131.062581458268	2.385071296991484
7144.405699374691	-3.6079562977304134
7157.7488172911135	-3.8541109174172306
7171.091935207536	-3.5775814123927887
7184.435053123959	-3.8302609760631725
7197.7781710403815	-2.4170828381216465
7211.121288956806	-2.7044467143878252
7224.464406873227	-3.9290187782386057
7237.807524789651	-3.4542478041633276
7251.150642706075	210.5417303965725
7264.493760622498	0.3315126958440914
7277.83687853892	2.42158640313304
7291.179996455342	-3.0488590083056577
7304.523114371765	-5.718335708618616
7317.866232288187	-13.4299254263519
7331.209350204611	3962.9955425619546
7344.552468121032	-14.505052630712465
7357.895586037457	40.58682605929161
7371.238703953882	0.5700705086673626
7384.581821870304	10.607897813696564
7397.924939786726	14.453736024094292
7411.268057703149	3552.1511752510296
7424.611175619571	1357.4345072145857
7437.954293535993	7.317683192891792
7451.297411452416	7.661009270251862
7464.6405293688385	2.065569422893515
7477.983647285264	5.716355045312506
7491.326765201687	-1.6807589051249097
7504.66988311811	-2.744362283553818
7518.013001034533	-2.821989727094035
7531.356118950954	0.17230503119737076
7544.699236867377	2.245384659180567
7558.0423547838	-2.719214144940878
7571.385472700223	-2.9085240457517356
7584.728590616644	-2.723834449364543
7598.071708533069	-2.9506727569824336
7611.41482644949	-2.2238875347364173
7624.757944365917	-2.580975131651704
7638.10106228234	-2.998299767009172
7651.444180198761	-3.000429107838852
7664.787298115184	-2.6900067292818592
7678.130416031607	-2.5890763718914855
7691.4735339480285	-2.5665855489707723
7704.816651864451	-2.5882131923359024
7718.159769780874	0.07155528002068916
7731.502887697299	-2.2411897350672434
7744.846005613723	-2.6973245922042226
7758.1891235301455	-1.1481322696799736
7771.532241446568	-3.094575455320276
7784.875359362992	-2.9350050870252202
7798.218477279411	-3.1187051859098487
7811.561595195837	-3.12514968854133
7824.904713112259	-2.9380561290466147
7838.24783102868	-3.114458918954216
7851.590948945104	-3.1287425704844622
7864.934066861527	-2.5020603120190885
7878.27718477795	-3.072453972942128
7891.620302694374	-3.0963091090693835
7904.963420610797	-2.9044609243097312
7918.306538527219	-2.991152500211939
7931.649656443642	-3.056418362885657
7944.992774360064	-3.049897136092258
7958.335892276486	-3.0288970459962057
7971.67901019291	-3.0469560062049
7985.022128109331	-3.0360463320693554
7998.365246025757	-3.0306079179327186
8011.708363942179	-3.025042633381213
8025.051481858603	-3.01350311184502
8038.394599775025	-3.0056768509193033
8051.73771769145	-2.998398742396321
8065.0808356078705	-2.996272243552795
8078.423953524293	-2.986565608198896
8091.767071440717	-2.977679180660553
8105.110189357138	-2.975279720545603
8118.453307273561	-2.9671955379373145
8131.796425189984	-2.958391694116807
8145.139543106409	-2.954124949899409
8158.482661022834	-2.9440135374892664
8171.825778939255	-2.940955070057143
8185.168896855676	-2.923286318196287
8198.5120147721	-2.9228605272374635
8211.85513268852	-2.919922578472273
8225.198250604946	-2.912886389255064
8238.541368521368	-2.9055987638838814
8251.884486437793	-2.8974945535887313
8265.227604354217	-2.8921515656185277
8278.570722270639	-2.881689948491598
8291.913840187062	-2.8768960558695285
8305.256958103484	-2.870668108149124
8318.600076019908	-2.864598467849413
8331.94319393633	-2.857306159022926
8345.286311852753	-2.8527271244118966
8358.629429769175	-2.8429158270015593
8371.972547685598	-2.8383713972257114
8385.31566560202	-2.8328273931502936
8398.658783518444	-2.8268760840582217
8412.001901434867	-2.8206364210377415
8425.345019351289	-2.813911145478636
8438.688137267713	-2.8093847665669527
8452.031255184134	-2.8039747347591257
8465.374373100558	-2.7964827816325992
8478.717491016982	-2.791631505582302
8492.060608933403	-2.784132514726167
8505.403726849827	-2.778968678246142
8518.74684476625	-2.774629284361913
8532.089962682674	-2.7680144433137657
8545.433080599094	-2.764032871292477
8558.776198515518	-2.7589287571001138
8572.119316431941	-2.7528223784132537
8585.462434348365	-2.749452583341795
8598.805552264786	-2.7435019867217365
8612.14867018121	-2.7379862047773713
8625.491788097632	-2.7318239611358477
8638.834906014054	-2.7282167504439214
8652.178023930477	-2.7206593711304463
8665.521141846903	-2.716631563683072
8678.864259763326	-2.7132874407355545
8692.20737767975	-2.704766552633083
8705.550495596171	-2.7025317518780243
8718.893613512593	-2.699022670179461
8732.236731429015	-2.6899807093727204
8745.579849345439	-2.6856566183077843
8758.922967261859	-2.683464660408562
8772.266085178284	-2.6769336054994866
8785.609203094711	-2.678192487827509
8798.952321011135	-2.6711289403894214
8812.295438927553	-2.663446257004607
8825.638556843978	-2.659696246070098
8838.9816747604	-2.659180321974084
8852.32479267682	-2.6535491518332748
8865.667910593245	-2.649553972541784
8879.011028509667	-2.6439910320862268
8892.354146426089	-2.6400460256071625
8905.697264342512	-2.637260263750511
8919.040382258938	-2.6293278938855367
8932.383500175361	-2.6054006054247933
8945.726618091785	-2.2497482674981697
8959.069736008207	-2.6098436373992415
8972.412853924627	-2.617335400273904
8985.755971841052	-2.6138142297908216
8999.099089757476	-2.6026265087906566
9012.442207673896	-2.6009200768962883
9025.78532559032	-2.5048104830274056
9039.128443506745	-2.6025943918391334
9052.471561423168	-2.5972142673684973
9065.814679339588	-2.591546720604279
9079.157797256014	-2.5871626832693453
9092.500915172435	-2.58582336290241
9105.844033088859	-2.5757894980409533
9119.18715100528	-2.577892605428502
9132.530268921704	-2.574031675833136
9145.873386838126	-2.5704693591914856
9159.216504754548	-2.5666735526091076
9172.559622670973	-2.56250188390691
9185.902740587395	-2.559569902466251
9199.24585850382	-2.5575802711346585
9212.588976420242	-2.555228397716212
9225.932094336666	-2.551642369990293
9239.275212253087	-2.544002341510263
9252.618330169507	-2.5443643659688946
9265.961448085933	-2.541237841581635
9279.304566002354	-2.5389183634805876
9292.647683918782	-2.5349638642679198
9305.990801835203	-2.532244737207081
9319.333919751623	-2.5291883377151465
9332.677037668049	-2.5268006746971734
9346.02015558447	-2.5239382003024304
9359.363273500892	-2.5208141638443733
9372.706391417316	-2.518533194408586
9386.049509333741	-2.5156696252377473
9399.392627250163	-2.5131199496721095
9412.735745166585	-2.5104178599773688
9426.078863083007	-2.5067008487881965
9439.421980999427	-2.5046145095764287
9452.765098915852	-2.503261071290423
9466.108216832276	-2.5004451657449507
9479.451334748703	-2.4978076300068865
9492.79445266512	-2.495412798592019
9506.137570581544	-2.4916502949315484
9519.480688497966	-2.4920682273034602
9532.823806414392	-2.4891354133167924
9546.166924330815	-2.4866430019979204
9559.510042247239	-2.484263885527979
9572.85316016366	-2.482176871453241
9586.196278080084	-2.4798583502569
9599.539395996506	-2.477798779181066
9612.882513912928	-2.475127151703964
9626.225631829351	-2.4731679029096667
9639.568749745775	-2.4711161970340254
9652.911867662198	-2.468918175566516
9666.25498557862	-2.4668658521089752
9679.598103495042	-2.4649967506918387
9692.941221411464	-2.4626839651348646
9706.284339327885	-2.460985548144021
9719.627457244313	-2.4588997921738183
9732.970575160734	-2.4569956112296354
9746.313693077158	-2.4553572770819754
9759.656810993582	-2.453491037663677
9772.999928910003	-2.451539338778916
9786.343046826427	-2.4500046998723533
9799.686164742849	-2.4479889278402083
9813.029282659278	-2.4464801484905676
9826.372400575696	-2.4446662775347803
9839.71551849212	-2.4432838954066627
9853.058636408541	-2.4411538295587776
9866.401754324963	-2.4398571499848445
9879.744872241386	-2.4375267339720774
9893.08799015781	-2.436314050641684
9906.431108074234	-2.435155937854579
9919.774225990655	-2.4329006038756757
9933.117343907075	-2.4318824716526892
9946.460461823499	-2.43048408900588
9959.803579739922	-2.428957221568686
9973.14669765635	-2.4271983019212358
9986.489815572768	-2.425917754107412
9999.832933489197	-2.424577760651732
10013.176051405617	-2.423007748856709
10026.51916932204	-2.4224540829543613
10039.86228723846	-2.42141307564773
10053.205405154884	-2.419314646881749
10066.548523071307	-2.417289564274067
10079.891640987733	-2.4161391387651117
10093.234758904156	-2.412297887533403
10106.577876820576	-2.415336410340083
10119.920994736998	-2.4146985752080554
10133.264112653424	-2.412812379892982
10146.607230569844	-2.414460036266995
10159.950348486267	-2.4082775176436044
10173.293466402693	-2.4088789507437065
10186.636584319112	-2.4098343636200736
10199.979702235536	-2.4091057373126645
10213.322820151958	-2.408389096959327
10226.66593806838	-2.4071454736848805
10240.009055984803	-2.401514840126964
10253.352173901229	-2.403209639579471
10266.695291817652	-2.4039959008489475
10280.038409734074	-2.4028197005238967
10293.381527650496	-2.401547418023749
10306.72464556692	-2.399744758425089
10320.067763483345	-2.3995794612137287
10333.410881399768	-2.398716183485374
10346.75399931619	-2.3979553877661672
10360.097117232612	-2.3970292510360567
10373.440235149035	-2.3965041864124372
10386.783353065455	-2.395820352094333
10400.12647098188	-2.3948627120162924
10413.469588898302	-2.3941144883752132
10426.812706814724	-2.3931359364512685
10440.15582473115	-2.3928978505817384
10453.498942647571	-2.392474702030667
10466.842060563991	-2.3917494798001044
10480.185178480417	-2.3909207090523665
10493.528296396842	-2.390799830336211
10506.871414313264	-2.389689014101762
10520.214532229687	-2.3897803209612634
10533.557650146107	-2.38853283131085
10546.900768062533	-2.3871978417632533
10560.243885978954	-2.388370790334436
10573.587003895378	-2.388262103499136
10586.930121811802	-2.3875442378545744
10600.273239728229	-2.386920541920351
10613.616357644649	-2.386876323284663
10626.959475561072	-2.3841405691691078
10640.302593477492	-2.3866495547023177
10653.645711393916	-2.3858465891371337
10666.988829310338	-2.385535865570566
10680.33194722676	-2.3858645949864568
10693.675065143185	-2.386425370750345
10707.018183059608	-2.382855973941312
10720.361300976028	-2.385953387313597
10733.70441889245	-2.3858832285362355
10747.047536808874	-2.3849508013002847
10760.3906547253	-2.3864511816481624
10773.73377264172	-2.383690763900533
10787.076890558144	-2.38496020975042
10800.420008474568	-2.3844021211008437
10813.763126390992	-2.384528676154544
10827.106244307412	-2.3864858835844815
10840.449362223835	-2.3844871463155686
10853.792480140262	-2.3869996358108265
10867.135598056684	-2.384972217568138
10880.478715973106	-2.3730826808078076
10893.821833889528	-2.387332009166781
10907.164951805948	-2.3838229500224926
10920.508069722377	-2.389315586407818
10933.851187638797	-2.385656297258568
10947.194305555218	-2.3918999072112497
10960.537423471642	-2.187120582189101
10973.880541388064	-2.3860317387675183
10987.223659304487	-2.3749767242492554
11000.566777220907	-2.395323127250761
11013.909895137333	-2.3930016650770582
11027.253013053756	-2.4039207617012424
11040.596130970182	-1.84214714208145
11053.939248886603	-2.322658150661449
11067.282366803023	-2.353326373146692
11080.625484719449	-2.374879135424422
11093.96860263587	-2.390354322262739
11107.311720552296	-2.417090962076563
11120.65483846872	-0.8018905226038953
11133.99795638514	-2.2899445993618444
11147.341074301565	-2.3553603379061854
11160.684192217986	-2.36063876524816
11174.027310134408	-2.3657386732384893
11187.370428050832	-2.3740684371850707
11200.713545967254	-2.3765437160960303
11214.05666388368	-2.374612655588593
11227.3997818001	-2.377330070367435
11240.742899716524	-2.3778789173661226
11254.086017632944	-2.3764764786154844
11267.429135549366	-2.3786393718871692
11280.772253465791	-2.3819552833460746
11294.115371382217	-2.3835549097079136
11307.45848929864	-2.381996192552549
11320.80160721506	-2.3807252348386583
11334.144725131486	-2.3817743030148932
11347.487843047908	-2.381030390575597
11360.830960964327	-2.3837463629317197
11374.174078880756	-2.3850353009055114
11387.517196797176	-2.3843746747565264
11400.8603147136	-2.386059293788931
11414.203432630022	-2.3853653440121176
11427.546550546444	-2.386945585556924
11440.889668462867	-2.3870235331580645
11454.232786379289	-2.3877296515770325
11467.575904295712	-2.388022246869306
11480.919022212136	-2.3892816301999744
11494.262140128558	-2.3913736057806005
11507.60525804498	-2.391101998499636
11520.9483759614	-2.392148673145992
11534.291493877829	-2.393364566838956
11547.63461179425	-2.3941765726527593
11560.977729710674	-2.3950109342599193
11574.320847627096	-2.3953155695463737
11587.66396554352	-2.3963611832664826
11601.007083459945	-2.3970999483418565
11614.350201376365	-2.3973334125557444
11627.693319292788	-2.398499939990697
11641.036437209214	-2.399575688028611
11654.379555125635	-2.400308098825022
11667.722673042055	-2.4014407089306373
11681.06579095848	-2.401974816217506
11694.4089088749	-2.403103416235912
11707.752026791326	-2.403964691058458
11721.095144707748	-2.4048036684429106
11734.438262624171	-2.4056915434529587
11747.781380540591	-2.4066525830131424
11761.124498457017	-2.4075725652805007
11774.467616373438	-2.408464832802062
11787.81073428986	-2.4094239955018795
11801.153852206286	-2.410311057451834
11814.496970122707	-2.411210907860543
11827.840088039133	-2.4122555904866787
11841.183205955556	-2.41331572905669
11854.526323871978	-2.4142353272622854
11867.8694417884	-2.415410845193263
11881.212559704822	-2.4164662932533387
11894.555677621249	-2.4172633509434034
11907.898795537672	-2.418274117346293
11921.241913454092	-2.419550725167896
11934.585031370514	-2.4204788928864573
11947.928149286938	-2.421611139132719
11961.27126720336	-2.4227013467551415
11974.614385119785	-2.4238196348014514
11987.957503036205	-2.424991031622574
12001.300620952628	-2.426064047872053
12014.643738869052	-2.427259882917582
12027.986856785474	-2.4283298716415898
12041.329974701895	-2.4295256366077
12054.67309261832	-2.4305685149172502
12068.016210534744	-2.4317905512325937
12081.359328451168	-2.4330094930252457
12094.70244636759	-2.4342384015988996
12108.045564284012	-2.4356448671963533
12121.388682200435	-2.436607951597632
12134.73180011686	-2.4380321406432612
12148.07491803328	-2.439294130298484
12161.418035949706	-2.4405891883694695
12174.761153866128	-2.4417161611549174
12188.104271782551	-2.4430002733344836
12201.447389698971	-2.4443586603917566
12214.790507615397	-2.4457510718033957
12228.133625531818	-2.446955406074514
12241.47674344824	-2.4483188974297647
12254.819861364664	-2.4497683952691944
12268.162979281087	-2.451128598345997
12281.506097197507	-2.4523904425236225
12294.849215113933	-2.4538907264605583
12308.192333030353	-2.4552499397263903
12321.53545094678	-2.4565467038363433
12334.878568863202	-2.457981754993895
12348.221686779623	-2.4595105122333947
12361.564804696049	-2.4608885370170865
12374.907922612472	-2.462260225243598
12388.251040528894	-2.46376944799144
12401.594158445316	-2.465081922135141
12414.93727636174	-2.466787344176038
12428.280394278165	-2.468225285758835
12441.623512194588	-2.469457469273648
12454.966630111008	-2.4711896440430308
12468.30974802743	-2.472927897416311
12481.652865943854	-2.4745378457435065
12494.995983860275	-2.4758823270590016
12508.3391017767	-2.477423579960228
12521.682219693124	-2.478882830832717
12535.025337609544	-2.480524343853463
12548.368455525966	-2.4821241865155868
12561.71157344239	-2.4837428715888716
12575.054691358811	-2.4851693465804106
12588.397809275237	-2.486920299916666
12601.740927191657	-2.488682728625966
12615.084045108084	-2.4902895895884214
12628.427163024506	-2.4920462133824812
12641.770280940927	-2.493596606310203
12655.113398857353	-2.4952474336681063
12668.456516773776	-2.4969175851714995
12681.7996346902	-2.498640197765971
12695.142752606622	-2.5005208424710217
12708.485870523044	-2.501961070713526
12721.828988439464	-2.50293051016721
12735.172106355893	-2.5052324399975903
12748.515224272312	-2.5077779912804727
12761.858342188734	-2.5095362494495803
12775.201460105158	-2.5108942996446815
12788.54457802158	-2.512778187555547
12801.887695938003	-2.5145296613004957
12815.230813854423	-2.5160106881886706
12828.573931770849	-2.518095359371776
12841.91704968727	-2.5200049708985746
12855.260167603692	-2.521734229797585
12868.60328552012	-2.5235678773455517
12881.94640343654	-2.525435777898873
12895.289521352965	-2.5274372204422493
12908.63263926939	-2.529151191036642
12921.975757185812	-2.531080644537974
12935.318875102235	-2.5332159236930805
12948.661993018655	-2.5349164183677844
12962.00511093508	-2.536875554958717
12975.348228851502	-2.5388403037464045
12988.691346767924	-2.540771473027563
13002.034464684348	-2.5426666514288554
13015.37758260077	-2.544796539137154
13028.720700517191	-2.5466885668149017
13042.063818433617	-2.548640297938428
13055.406936350038	-2.55071635139776
13068.75005426646	-2.5526938287115826
13082.093172182882	-2.5545745165215124
13095.436290099306	-2.556840153764059
13108.779408015727	-2.558660563180645
13122.122525932153	-2.5607903668958905
13135.465643848576	-2.5628741646331377
13148.808761764998	-2.5649288102151786
13162.151879681423	-2.5670660634896705
13175.494997597849	-2.5691723657267374
13188.838115514269	-2.571171626220985
13202.181233430692	-2.57335834295358
13215.524351347116	-2.575325741306017
13228.867469263538	-2.577658393439704
13242.21058717996	-2.579732474813116
13255.553705096385	-2.58207176359234
13268.896823012805	-2.5841253971880036
13282.239940929228	-2.586301788831372
13295.583058845652	-2.588467927706931
13308.926176762074	-2.5905510940035215
13322.269294678495	-2.592982788439504
13335.612412594915	-2.595130725493283
13348.95553051134	-2.5972891799286955
13362.298648427764	-2.599569970756383
13375.641766344186	-2.601796611004103
13388.984884260612	-2.603867795222797
13402.328002177035	-2.6062708790030085
13415.67112009346	-2.608566818007449
13429.014238009882	-2.6109862432174706
13442.357355926304	-2.613123926194325
13455.700473842728	-2.615553117802494
13469.043591759151	-2.617752218238748
13482.386709675571	-2.6202498157819263
13495.729827591997	-2.622478142035729
13509.072945508417	-2.624917788277621
13522.416063424842	-2.627161056257026
13535.759181341264	-2.6295167821689525
13549.102299257684	-2.6319256209222615
13562.445417174107	-2.63427120032908
13575.788535090533	-2.636738767173341
13589.131653006954	-2.6390191220472716
13602.474770923376	-2.641627514802809
13615.8178888398	-2.6439811646818243
13629.16100675622	-2.646404113027163
13642.504124672643	-2.6489041983752175
13655.84724258907	-2.6514602876007087
13669.190360505492	-2.6538310714321653
13682.533478421916	-2.656360819657638
13695.87659633834	-2.65899683189095
13709.219714254765	-2.661406825909917
13722.562832171188	-2.663826294497875
13735.905950087608	-2.666356151530073
13749.24906800403	-2.66890414326499
13762.592185920454	-2.671604763677716
13775.935303836875	-2.6742123071921653
13789.2784217533	-2.6765772528041483
13802.62153966972	-2.6792311155007043
13815.964657586144	-2.681887704792037
13829.307775502568	-2.6844780940063884
13842.65089341899	-2.687044494931844
13855.994011335411	-2.689733709062449
13869.337129251831	-2.692235179486194
13882.680247168257	-2.6949664990120055
13896.02336508468	-2.697589671964458
13909.366483001106	-2.700278227283076
13922.709600917527	-2.7030560300161968
13936.052718833953	-2.705485563145646
13949.395836750376	-2.70827112808598
13962.738954666798	-2.7111641136393674
13976.082072583222	-2.7136990286300318
13989.425190499644	-2.71644492537135
14002.768308416067	-2.7193132910034095
14016.111426332487	-2.7218647238918807
14029.454544248912	-2.7247314686691197
14042.797662165334	-2.727524523326797
14056.140780081756	-2.7302313590282865
14069.48389799818	-2.7330110142530715
14082.827015914603	-2.735877233200121
14096.170133831023	-2.7387042239493598
14109.513251747449	-2.7415258972213508
14122.856369663868	-2.7444626585875453
14136.199487580294	-2.7472637407066642
14149.542605496716	-2.750044290215496
14162.885723413136	-2.7529607258614077
14176.228841329565	-2.7557222929465794
14189.571959245986	-2.7587312266677486
14202.91507716241	-2.761445208869077
14216.258195078834	-2.7643471566558446
14229.601312995255	-2.7673341582204203
14242.94443091168	-2.770257283489646
14256.287548828102	-2.773248736843263
14269.630666744524	-2.7762840171826766
14282.973784660946	-2.7791389965396704
14296.31690257737	-2.782249225815663
14309.660020493791	-2.7850384471610923
14323.003138410217	-2.788222027365336
14336.346256326638	-2.791094822738033
14349.68937424306	-2.794025382139553
14363.032492159482	-2.797148869570151
14376.375610075906	-2.8001347055916996
14389.718727992327	-2.8031994650784724
14403.061845908753	-2.8062474226478558
14416.404963825173	-2.8094171675746678
14429.7480817416	-2.812601476351668
14443.091199658022	-2.8155146674383884
14456.434317574443	-2.8187009476164193
14469.777435490869	-2.821535234342393
14483.120553407292	-2.824800458570843
14496.463671323716	-2.8278661529914317
14509.806789240138	-2.8311515795984663
14523.14990715656	-2.83423570331545
14536.49302507298	-2.837412498706499
14549.836142989405	-2.8406910497994007
14563.179260905828	-2.843740322793907
14576.52237882225	-2.846777069968398
14589.865496738672	-2.850309783839532
14603.208614655096	-2.8535072015112433
14616.55173257152	-2.8565515170375377
14629.89485048794	-2.859943528896494
14643.237968404364	-2.86321336724687
14656.581086320786	-2.8664608949999133
14669.924204237208	-2.8696206114238465
14683.267322153632	-2.8726506566207464
14696.610440070055	-2.8761304589785923
14709.95355798648	-2.8793682047420304
14723.296675902902	-2.882591455198316
14736.639793819328	-2.886215543026945
14749.982911735748	-2.8884471750515077
14763.326029652171	-2.892366502920011
14776.669147568597	-2.896400393555531
14790.012265485018	-2.899577918738616
14803.35538340144	-2.9026901235651508
14816.698501317864	-2.906278079478324
14830.041619234284	-2.907648110143472
14843.384737150707	-2.9136599672081673
14856.727855067133	-2.916613696099229
14870.070972983554	-2.920005679868642
14883.414090899976	-2.9234194703731107
14896.757208816398	-2.927186647138808
14910.10032673282	-2.9303625779492677
14923.443444649243	-2.9338891397696627
14936.786562565669	-2.937207336600782
14950.129680482092	-2.9408244328123274
14963.472798398514	-2.9443020599841403
14976.81591631494	-2.9479600243800306
14990.159034231365	-2.9515071953887615
15003.502152147785	-2.9549918749550814
15016.845270064208	-2.958558661445788
15030.188387980632	-2.9620078070517466
15043.531505897054	-2.965728875822896
15056.874623813475	-2.969316190730184
15070.217741729895	-2.9728153639906396
15083.56085964632	-2.9764069838567537
15096.903977562744	-2.980112707684745
15110.247095479166	-2.9837126239795895
15123.59021339559	-2.9873944923166746
15136.933331312011	-2.9911047680277845
15150.276449228431	-2.9948048294625593
15163.619567144857	-2.9983441821900256
15176.96268506128	-3.0022006936859937
15190.305802977702	-3.005797376127853
15203.648920894124	-3.009488625838128
15216.992038810546	-3.013296274096517
15230.335156726967	-3.0170008726493336
15243.678274643398	-3.0207394175781035
15257.02139255982	-3.024505500698747
15270.364510476244	-3.0284053559700155
15283.707628392667	-3.032157199806568
15297.050746309087	-3.0357213554193008
15310.393864225513	-3.0396199055170983
15323.736982141932	-3.043524507837806
15337.080100058354	-3.0474020108121196
15350.42321797478	-3.0512492489150644
15363.7663358912	-3.0551298046959614
15377.109453807623	-3.058903105164302
15390.452571724049	-3.0627483874862067
15403.79568964047	-3.0666121038220893
15417.138807556892	-3.0706528881846706
15430.481925473314	-3.0745126475861015
15443.825043389736	-3.0783432227097918
15457.16816130616	-3.0823668317517656
15470.511279222586	-3.086252013486741
15483.854397139012	-3.0903542916527824
15497.197515055434	-3.094347090935713
15510.540632971855	-3.0982156141364
15523.88375088828	-3.102213344719085
15537.226868804702	-3.106353439124953
15550.569986721124	-3.110233291831932
15563.913104637546	-3.1143931442500348
15577.25622255397	-3.1182249310703964
15590.599340470391	-3.122521945960463
15603.942458386817	-3.1264392548558204
15617.285576303237	-3.130370027482172
15630.628694219658	-3.134635204368324
15643.971812136084	-3.138805176588117
15657.314930052506	-3.142809191128488
15670.658047968927	-3.1468322281492918
15684.001165885347	-3.150971126733373
15697.344283801773	-3.1551192626491784
15710.687401718196	-3.1593866078658293
15724.030519634618	-3.163550437519376
15737.37363755104	-3.1679191225034726
15750.716755467462	-3.1720139500269
15764.059873383892	-3.1762744842927817
15777.402991300314	-3.180140022912279
15790.746109216736	-3.184678898507798
15804.08922713316	-3.188941182278053
15817.432345049583	-3.193214712422096
15830.775462966005	-3.197237358073717
15844.118580882428	-3.201766649529856
15857.461698798848	-3.2059976822300342
15870.804816715272	-3.210498126321899
15884.147934631696	-3.2147338204784845
15897.491052548115	-3.2191768115668067
15910.83417046454	-3.223410941066372
15924.177288380964	-3.2277758011457562
15937.520406297384	-3.2320885939994297
15950.863524213806	-3.236538002938583
15964.206642130232	-3.2409275635847536
15977.549760046651	-3.2454173449413175
15990.89287796308	-3.249815628821904
16004.235995879506	-3.2543321650756214
16017.579113795928	-3.2586953257273534
16030.922231712348	-3.263175572507026
16044.265349628771	-3.2677332189490413
16057.608467545197	-3.2721944678247565
16070.951585461618	-3.276531603577665
16084.29470337804	-3.2811465648487057
16097.637821294462	-3.28580029274526
16110.980939210884	-3.290286460807363
16124.324057127307	-3.294849771934648
16137.667175043733	-3.299430287735788
16151.010292960153	-3.3039988541598193
16164.353410876576	-3.308827047643388
16177.696528792998	-3.313105738374108
16191.039646709422	-3.3178696169737663
16204.382764625843	-3.3224491857272285
16217.725882542263	-3.3271378873236572
16231.069000458689	-3.331883652840342
16244.41211837511	-3.3365441861423646
16257.755236291532	-3.3410631892409794
16271.098354207956	-3.345826985077538
16284.441472124385	-3.350566414779692
16297.784590040808	-3.3553017953463984
16311.12770795723	-3.3599384100902534
16324.470825873654	-3.364720913041927
16337.813943790075	-3.3695566428261694
16351.157061706495	-3.374079083465348
16364.50017962292	-3.379254768663647
16377.843297539344	-3.3839803136593103
16391.186415455766	-3.3886552594297568
16404.529533372188	-3.3935396213219904
16417.87265128861	-3.398336759405777
16431.215769205035	-3.403228515508503
16444.558887121457	-3.408345378548917
16457.90200503788	-3.4131710119182115
16471.2451229543	-3.4180377799838872
16484.588240870726	-3.422805234049438
16497.931358787147	-3.4276608604107244
16511.274476703573	-3.432843195116159
16524.61759462	-3.4376766420740155
16537.96071253642	-3.4426172903886623
16551.30383045284	-3.4477121232929013
16564.646948369264	-3.4526353948395525
16577.99006628569	-3.4577016421324913
16591.33318420211	-3.4626766071579724
16604.676302118532	-3.467852355474966
16618.019420034954	-3.4728341376937237
16631.362537951376	-3.4778377376915595
16644.7056558678	-3.482884337866145
16658.048773784223	-3.4879157494394626
16671.391891700645	-3.4930005305713996
16684.73500961707	-3.498423878299776
16698.078127533492	-3.5035166887941274
16711.421245449914	-3.508726787571825
16724.764363366336	-3.513780605579374
16738.107481282757	-3.518842201155717
16751.450599199183	-3.524324324327945
16764.793717115605	-3.529428987538098
16778.136835032026	-3.5345307204638323
16791.479952948448	-3.5397597956387843
16804.823070864877	-3.545126680349962
16818.166188781302	-3.550523891225299
16831.509306697724	-3.5557296476000877
16844.852424614146	-3.561047828036439
16858.195542530568	-3.5662410115913916
16871.53866044699	-3.5713853217836067
16884.881778363415	-3.5769443952510813
16898.224896279837	-3.5823917009222597
16911.56801419626	-3.587606816148822
16924.91113211268	-3.593146919527304
16938.254250029102	-3.598633402504368
16951.597367945527	-3.6038137502030985
16964.94048586195	-3.609346492278835
16978.28360377837	-3.61465595005889
16991.626721694793	-3.6204347097105725
17004.969839611218	-3.625845300284648
17018.31295752764	-3.6311509746353097
17031.656075444065	-3.636794461055428
17044.999193360494	-3.64236511888483
17058.342311276916	-3.647733141377249
17071.685429193338	-3.653306063026755
17085.02854710976	-3.659009252841676
17098.37166502618	-3.6644170855215905
17111.714782942603	-3.670104902270931
17125.05790085903	-3.6758475894550373
17138.40101877545	-3.6814188657920988
17151.744136691872	-3.6871734255834694
17165.087254608294	-3.692783300591467
17178.430372524715	-3.6982686579691966
17191.77349044114	-3.7043256889772436
17205.116608357563	-3.709747150445387
17218.459726273984	-3.715534322580156
17231.802844190406	-3.7212169372759134
17245.145962106828	-3.7270280596540877
17258.489080023253	-3.7327192915765117
17271.832197939675	-3.738718654837727
17285.175315856097	-3.744335848774598
17298.51843377252	-3.749967618613924
17311.86155168894	-3.755808865127021
17325.204669605373	-3.761888323753009
17338.547787521795	-3.7676416309324026
17351.890905438217	-3.7736109189277984
17365.234023354642	-3.7796940251613735
17378.577141271064	-3.7854450312745827
17391.920259187485	-3.791542031977861
17405.263377103907	-3.7973739486079494
17418.60649502033	-3.80309347252948
17431.949612936754	-3.8093552467060476
17445.292730853176	-3.8151901843576885
17458.635848769598	-3.8212836831015506
17471.97896668602	-3.8274420672013867
17485.32208460244	-3.833358992674711
17498.665202518867	-3.83948997959702
17512.00832043529	-3.8454874542067947
17525.35143835171	-3.8514878115993105
17538.694556268132	-3.858038707769059
17552.03767418456	-3.8638076735301476
17565.380792100987	-3.8700717313901416
17578.72391001741	-3.876063642034538
17592.06702793383	-3.882522262112997
17605.410145850252	-3.888698682843768
17618.753263766677	-3.894677038729695
17632.0963816831	-3.901072571887044
17645.43949959952	-3.9072344134972874
17658.782617515943	-3.913728083679195
17672.125735432364	-3.91972833176321
17685.46885334879	-3.926105370778861
17698.81197126521	-3.9323851404408403
17712.155089181633	-3.938536729860453
17725.498207098055	-3.945105861712763
17738.84132501448	-3.9515840035117167
17752.184442930902	-3.9579349611111425
17765.527560847324	-3.9643406317080703
17778.870678763746	-3.970691781686625
17792.213796680167	-3.9770228437072603
17805.556914596593	-3.983458127338001
17818.900032513015	-3.990319600664993
17832.243150429436	-3.996494919944221
17845.586268345865	-4.003304156478309
17858.929386262287	-4.00974894437308
17872.27250417871	-4.016256089351214
17885.615622095134	-4.022761723932339
17898.958740011556	-4.029296169742001
17912.301857927978	-4.035759593979197
17925.6449758444	-4.042355454118364
17938.98809376082	-4.049030555957426
17952.331211677247	-4.055848431844806
17965.67432959367	-4.062591478983081
17979.01744751009	-4.06930651034834
17992.360565426516	-4.075873402897473
18005.703683342937	-4.082732892527176
18019.04680125936	-4.089490552276783
18032.38991917578	-4.096136587353053
18045.733037092206	-4.102973741495147
18059.076155008628	-4.109590996653782
18072.419272925054	-4.1164319654329695
18085.76239084148	-4.123298105286493
18099.1055087579	-4.130276771554547
18112.44862667432	-4.137046585510928
18125.791744590744	-4.143827788719932
18139.13486250717	-4.15085640148708
18152.47798042359	-4.157907072164513
18165.821098340013	-4.164765683562273
18179.164216256435	-4.1716684347024096
18192.507334172857	-4.178935097377408
18205.85045208928	-4.185845433574171
18219.193570005704	-4.192630992727701
18232.53668792213	-4.1998903453309815
18245.87980583855	-4.20696834178554
18259.222923754973	-4.213953386738987
18272.566041671394	-4.22111598204742
18285.909159587816	-4.228088497257602
18299.25227750424	-4.235268988949576
18312.595395420663	-4.242455504209002
18325.938513337085	-4.2497641236973625
18339.281631253507	-4.256912174622206
18352.62474916993	-4.264047989741441
18365.96786708636	-4.271358791006584
18379.310985002776	-4.278809580610829
18392.654102919205	-4.285946616329955
18405.997220835627	-4.293344765649523
18419.34033875205	-4.300530690410361
18432.683456668474	-4.307705010344247
18446.02657458489	-4.315319386987172
18459.369692501317	-4.322700017912122
18472.712810417735	-4.3301322617353275
18486.05592833416	-4.337502911225422
18499.399046250583	-4.344809011472835
18512.742164167008	-4.352382563887463
18526.085282083433	-4.359600633179544
18539.428399999848	-4.367447088613339
18552.771517916277	-4.37480263106698
18566.114635832695	-4.382479635894973
18579.45775374912	-4.389912002420316
18592.800871665542	-4.397719380244789
18606.143989581968	-4.405139546877304
18619.487107498397	-4.412738700709444
18632.830225414815	-4.420277943088264
18646.17334333124	-4.427894209107087
18659.516461247666	-4.4356166632752
18672.859579164084	-4.443464385561567
18686.202697080505	-4.451286914616024
18699.545814996927	-4.459034300909238
18712.888932913356	-4.466802752053713
18726.23205082977	-4.474475321810727
18739.5751687462	-4.482417238030998
18752.918286662614	-4.490419637575327
18766.261404579043	-4.497993507228506
18779.60452249547	-4.50608327518188
18792.947640411887	-4.513732004647524
18806.290758328312	-4.521792782247927
18819.63387624473	-4.529730421043664
18832.97699416116	-4.537679699114962
18846.320112077578	-4.545735258805359
18859.663229994	-4.553839177573577
18873.00634791042	-4.561625304335022
18886.349465826843	-4.569739589379187
18899.692583743272	-4.57794114416801
18913.035701659697	-4.585992152564716
18926.37881957612	-4.593866996975884
18939.72193749254	-4.60209001201695
18953.065055408963	-4.610389501173298
18966.408173325388	-4.618830365629122
18979.75129124181	-4.626643576799392
18993.09440915823	-4.635191383594142
19006.437527074657	-4.643350381226769
19019.78064499108	-4.651700773207258
19033.1237629075	-4.660080155334701
19046.46688082393	-4.668193135755869
19059.809998740348	-4.676612375614106
19073.15311665677	-4.684947385898036
19086.49623457319	-4.693381646445453
19099.839352489624	-4.701737763612924
19113.182470406045	-4.710260258730814
19126.525588322467	-4.71853055896267
19139.86870623889	-4.727166093889497
19153.21182415531	-4.735887385231993
19166.554942071733	-4.744389380285347
19179.898059988154	-4.752848633787787
19193.241177904576	-4.761434557230879
19206.584295821	-4.770098596633991
19219.92741373742	-4.778915332913035
19233.270531653845	-4.787540474360023
19246.61364957027	-4.795953456738908
19259.95676748669	-4.804460046356021
19273.299885403118	-4.813260378516911
19286.643003319536	-4.8222467396236635
19299.98612123596	-4.830761982362049
19313.329239152383	-4.839743572141421
19326.672357068805	-4.848480039592287
19340.015474985223	-4.857376886152886
19353.358592901648	-4.866146233749193
19366.701710818073	-4.875091835682085
19380.044828734488	-4.8840140357984145
19393.38794665092	-4.892945236998589
19406.731064567335	-4.902203315966387
19420.074182483764	-4.910839468882958
19433.417300400193	-4.920231973649614
19446.760418316608	-4.929136865361401
19460.103536233037	-4.938045191587944
19473.44665414945	-4.947359441176917
19486.789772065884	-4.956349938308057
19500.132889982306	-4.965623092529497
19513.476007898727	-4.9748121296114185
19526.81912581515	-4.9839212874154075
19540.162243731567	-4.99305502343099
19553.505361647996	-5.0025313347706675
19566.848479564414	-5.011543337890151
19580.19159748084	-5.020998133558659
19593.534715397265	-5.030300586592281
19606.877833313683	-5.039474807352979
19620.22095123012	-5.048782218911577
19633.564069146538	-5.05833603656366
19646.90718706296	-5.067815801086641
19660.25030497938	-5.0772977630781675
19673.593422895803	-5.086682064203415
19686.936540812225	-5.096350895630145
19700.279658728647	-5.10575697760747
19713.62277664507	-5.115305978746663
19726.965894561486	-5.125062601917374
19740.30901247792	-5.1346177657746965
19753.65213039434	-5.144313973163173
19766.995248310763	-5.154016966331715
19780.338366227184	-5.163663310461468
19793.681484143606	-5.173646265253841
19807.024602060028	-5.1830994194299915
19820.367719976453	-5.192814913501667
19833.710837892875	-5.202671477692067
19847.053955809297	-5.212664985487041
19860.39707372572	-5.222479761235523
19873.740191642144	-5.232132449580889
19887.08330955857	-5.242196329926499
19900.426427474988	-5.252223758941942
19913.76954539141	-5.262431117933767
19927.11266330783	-5.272063118779778
19940.455781224256	-5.282433836716995
19953.79889914068	-5.2922479233200095
19967.142017057104	-5.302223080280773
19980.48513497353	-5.312592065491901
19993.82825288995	-5.322604845955591
20007.171370806376	-5.332989183503159
20020.5144887228	-5.342850122192759
20033.85760663922	-5.353213181968349
20047.20072455564	-5.3634016503097275
20060.543842472063	-5.373761424926312
20073.886960388485	-5.384090764365999
20087.23007830491	-5.394436606700529
20100.573196221336	-5.404680096123841
20113.91631413776	-5.415310078710999
20127.259432054176	-5.425611250969725
20140.60254997061	-5.436355172164168
20153.945667887034	-5.446422252646054
20167.28878580345	-5.4571101193802996
20180.631903719877	-5.467645321956885
20193.97502163629	-5.478236150831362
20207.31813955272	-5.489018303247735
20220.661257469143	-5.499429663643946
20234.004375385564	-5.509909594668126
20247.347493301982	-5.521022513336849
20260.690611218408	-5.531798600904679
20274.033729134837	-5.542439138046993
20287.37684705125	-5.553178853717229
20300.71996496768	-5.563953931043209
20314.063082884095	-5.574810955477377
20327.40620080052	-5.585680396429721
20340.74931871695	-5.596919739974283
20354.092436633367	-5.607919493499866
20367.435554549797	-5.618822028164164
20380.77867246621	-5.62945598898378
20394.12179038264	-5.640647190984152
20407.464908299055	-5.651622379723358
20420.80802621548	-5.662805543402227
20434.151144131905	-5.674170889154283
20447.494262048323	-5.685144738838974
20460.83737996475	-5.696116238687226
20474.180497881174	-5.707706379722704
20487.5236157976	-5.718895581307853
20500.86673371402	-5.73001062268839
20514.209851630443	-5.741501164068167
20527.55296954687	-5.752926882989704
20540.896087463287	-5.76433447248377
20554.239205379712	-5.775905587860793
20567.58232329613	-5.787261644424202
20580.92544121256	-5.798861143100147
20594.26855912898	-5.809870096126373
20607.611677045406	-5.821609041794021
20620.954794961828	-5.833562773049829
20634.297912878246	-5.8451515988547955
20647.64103079467	-5.856689532855401
20660.9841487111	-5.868247183947203
20674.32726662752	-5.879868236941698
20687.670384543948	-5.8918752348859105
20701.01350246037	-5.904038619082195
20714.35662037679	-5.915704886299647
20727.699738293213	-5.927435903595579
20741.042856209635	-5.93926885015906
20754.385974126057	-5.951057535790098
20767.72909204248	-5.963138384856292
20781.0722099589	-5.975353924974426
20794.41532787533	-5.98742766672408
20807.758445791747	-5.999147511149855
20821.101563708173	-6.011329140286298
20834.444681624595	-6.023728343697825
