1409.2227378190255                 0.03321045959810909
1415.7854104518838                 0.07506455311202775
1430.008120649652                 0.1198385022675581
1424.2846094354215                 0.17242136767391092
1443.1119489559164                 0.08915455417329432
1456.6676334106728                 0.0680658505038303
1470.2233178654292                 0.09102190371153429
1488.2975638051043                 0.05972965235860128
1511.0577253587694                 0.03160623658571193
1526.705336426914                 0.03321045959810909
1544.1771075019335                 0.08793228902099148
1541.3153518948181                 0.15796355533996087
1559.0883604021656                 0.03695364662703593
1576.4931898255563                 0.02487246097811857
1592.2244779582365                 0.037925902998185546
1608.290474349059                 0.03259649770447548
1624.607501933488                 0.038023128635300774
1641.0249419953595                 0.047291972706928975
1657.894238205723                 0.033923447603618984
1672.654872389791                 0.02459518786486492
1688.6204563031708                 0.022693886516838457
1704.4354215003866                 0.022515639515461094
1723.2627610208815                 0.026481635296109696
1739.8308197989172                 0.04181492848278512
1750.6753673627222                 0.09042774704027612
1759.2606341840678                 0.14514957646315851
1773.7200309358082                 0.11350083110747033
1772.9669373549884                 0.04876251046829316
1772.2138437741685                 0.015564006461739943
1784.1127223511214                 0.16671746362983197
1786.2213843774168                 0.221700721988068
1788.0288089713843                 0.3829310763006998
1787.2757153905645                 0.3274962588723074
1787.2757153905645                 0.28828191856926466
1786.5226218097448                 0.26689227840396856
1795.2250365214402                 0.4774217922531325
1796.3813014132038                 0.6495703284030965
1794.0535576179427                 0.5375306421620896
1797.0659319412218                 0.43444445969878775
1794.8066511987624                 0.8059112105694294
1797.0659319412218                 0.7363503182818728
1797.6684068058778                 0.5920148089164687
1797.0659319412218                 0.9232690362763538
1797.0659319412218                 0.8666934380391457
1800.0783062645012                 0.7695488222884261
1805.6009925238463                 0.40592493947839303
1805.3499613302397                 0.35423330907892747
1805.3499613302397                 0.30031359116224365
1809.3037026295437                 0.21246328334049203
1807.609242072699                 0.27758709848661656
1814.3870843000773                 0.1112603653262676
1813.6339907192576                 0.17776877771523503
1824.1773008507348                 0.06700099828780903
1837.5823665893272                 0.03552767061601614
1854.7529002320184                 0.042301056668359927
1868.9325765108829                 0.03950003236099975
1886.872341453983                 0.046311614199352924
1898.7335653518949                 0.02091141650306394
2411.522773252038                 0.024135490752114297
2427.8834653388335                 0.02481564657079871
2445.488992693103                 0.037702809451137576
2463.094520047372                 0.03754171991513355
2480.7000474016413                 0.038508257131158796
2499.639326828204                 0.05297946711553925
2520.7126095704352                 0.053167404907544125
2538.318136924705                 0.04060242109921375
2555.923664278974                 0.04253549553126468
2569.527935416364                 0.07217597015604404
2583.665707382671                 0.12750127635483166
2588.89401550606                 0.13065147172558134
2603.1384876381508                 0.1182475774532552
2618.3432612622923                 0.09166780401255648
2632.34765802137                 0.139644295073018
2651.020187033474                 0.11220384325423893
2664.7578333780934                 0.17191340573352332
2659.956325917838                 0.12710750193348808
2669.5593408383484                 0.21712433465265468
2686.0978665347834                 0.16993047025461383
2686.364616949242                 0.14128338110186078
2699.168636843256                 0.1953289204312817
2712.772907980646                 0.2393869085284399
2729.1780584698517                 0.2134917656157591
2728.777932848164                 0.16857194850097812
2743.7159560578466                 0.27167193636928866
2753.5857213928157                 0.22633865611209691
2763.455486727785                 0.28245151115357214
2767.9902437735814                 0.3370138794110066
2780.7942636675957                 0.27551123697738966
2786.3960223712265                 0.3373830429310163
2792.7980323182337                 0.3799106804361343
2800.8005447519927                 0.42066633304520584
2810.403559672503                 0.4839852599972704
2818.4060721062615                 0.5159105212077097
2833.077344901486                 0.43159357323749303
2840.0128556774107                 0.4024739547791275
2857.6183830316795                 0.39963877894545297
2869.622151682318                 0.45669669259815304
2882.4261715763323                 0.4863371672229323
2895.2301914703457                 0.44322960738819894
2908.03421136436                 0.406597846900836
2925.6397387186294                 0.44622587275787773
2935.2427536391397                 0.501882307447341
2936.3097552969743                 0.5683317410490879
2935.2427536391397                 0.44783676811792006
2940.044261099395                 0.6250352577225786
2946.1261705490515                 0.7132801055456987
2950.607577511957                 0.6651608712575002
2949.647276019906                 0.8006832605431964
2943.2452660728986                 0.7614780947181657
2949.647276019906                 0.8518493244165416
2958.4500396970407                 0.6057206223556708
2959.2502909404166                 0.704774578044675
2959.2502909404166                 0.6647783475339092
2960.850793427168                 0.5647877712569948
2964.0517984006715                 0.5009963149993176
2966.452552130799                 0.42834493426140763
2966.1858017163404                 0.38522663512427413
2968.853305860927                 0.32999977253082213
2972.854562077806                 0.2635503389290752
2979.256572024813                 0.20743748388760008
2988.059335701948                 0.16573677266730358
3000.863355595962                 0.1287183972935304
3015.2678779767275                 0.15748438586571523
3028.944899227152                 0.2093705583196509
3025.671144140614                 0.24627348619262102
3037.674912791252                 0.1652051771984897
3048.8784301985143                 0.10358842967686988
3066.483957552784                 0.08409659582035744
3084.0894849070532                 0.08522422257238693
3101.6950122613225                 0.07813628298820063
3119.300539615592                 0.08409659582035744
3136.906066969861                 0.0642825828918363
3154.5115943241303                 0.05493938980359081
3172.1171216783996                 0.053972852587565345
3189.722649032669                 0.057033553771645984
3207.328176386938                 0.06621565732388723
3224.933703741208                 0.07040398525999736
3241.738979852101                 0.06442353623584007
3257.7440047196187                 0.10850166052499888
3268.347333694349                 0.18181753559892644
3272.415277514843                 0.24907912894469475
3272.9487783437603                 0.3428262711374832
3272.9487783437603                 0.2942647437938827
3283.3520445076465                 0.16033221873436154
3295.355813158285                 0.12120088561333275
3295.355813158285                 0.0945029798462309
3309.1201345443496                 0.1625471998544198
3317.762847972809                 0.12061022398131738
3321.4973537752303                 0.0686320003639509
3330.5668678668235                 0.024493467498790444
3348.1723952210928                 0.021593855850714272
3365.777922575362                 0.01515027441054495
3383.3834499296313                 0.02030513956268032
3400.9889772839006                 0.013700468586506531
3418.59450463817                 0.02127167677870556
3436.200031992439                 0.02513782564280742
3453.805559346709                 0.02868179543490057
3471.4110867009776                 0.02127167677870556
3487.593945178134                 0.030042107072269397
3506.7821916581916                 0.059063281925299194
3524.227668763786                 0.03431992919504867
3534.630934927672                 0.07394795505209051
3542.061839330448                 0.21165649554485377
3545.0342010915583                 0.1452703471179656
3546.4060603659173                 0.27975134369292975
3547.434954821686                 0.501882307447341
3548.0351432542184                 0.4187319162003549
3548.875407059763                 0.3663254628997772
3548.7687068939795                 0.3308857649788455
3545.834452334934                 0.7003446158045585
3543.4336986048065                 0.46378463218233934
3546.63470357831                 0.5661167599290297
3548.235206065062                 0.6539776776913395
3548.63533168675                 0.6082014012101361
3551.4362110385655                 0.23697056548837636
3556.237718498821                 0.11603259633319696
3559.9722243012416                 0.07158530852402833
3569.041738392835                 0.03029269079494279
3586.647265747104                 0.020949497706697073
3602.652290614622                 0.022560393066739515
3616.096511503337                 0.08032710067785831
3616.5233121664705                 0.18971763492713423
3616.2565617520117                 0.14305536599790736
3615.456310508636                 0.12179154724534835
3626.659827915898                 0.26631168205874767
3626.659827915898                 0.23254060324825998
3627.2600163484303                 0.36964793457986456
3629.220631894701                 0.4981611391656431
3629.8608328894015                 0.46644260952640926
3627.460079159274                 0.42834493426140763
3636.2628428364087                 0.2281106410081435
3638.6635965665364                 0.12710750193348808
3639.1437473125616                 0.07754114664685163
3649.0668627304226                 0.02272148260274376
3666.672390084692                 0.023688019818769224
3682.67741495221                 0.041264678080564554
3697.2419875816504                 0.09308539192939369
3704.550948937817                 0.2204320397919417
3704.284198523358                 0.15501626404622182
3708.2854547402376                 0.3149379009144262
3707.4852034968617                 0.26266434648105186
3719.222221733041                 0.4100344236689263
3717.2482686660474                 0.36667985987898644
3718.8030425103207                 0.6878141511825149
3716.821468002913                 0.6185379797704078
3718.6887209041242                 0.9129828033301488
3718.8487711527987                 0.8553932942086349
3717.8884696607483                 0.81375164915154
3717.8884696607483                 0.7749451799281197
3717.8884696607483                 0.7357843137254902
3714.6874646872448                 0.7118625176288613
3719.889097769188                 0.5674457486010647
3718.421970489665                 0.5263947651759854
3722.6899771210037                 0.4962710219431934
3714.6874646872448                 0.46201264728629277
3725.090730851131                 0.31670988581047277
3732.2929920415136                 0.25220963559437715
3735.7607474294764                 0.16084904766237507
3735.6940598258616                 0.21166071455651092
3750.626020526125                 0.09750729969270977
3749.0982681524074                 0.07217597015604404
3769.58469998283                 0.12480392156862763
3783.50907161757                 0.08635184932441664
3791.511584051329                 0.04346981484008916
