2611.4446979704576                 0.023472106131502413
2622.276930467155                 0.019129511446549063
2633.1091629638527                 0.01736563042374617
2643.94139546055                 0.026690218148191835
2654.7736279572478                 0.022347623463238486
2665.6058604539453                 0.02251777768704888
2676.6350426324007                 0.04313788067972757
2687.27032544734                 0.041295888819047444
2698.1025579440375                 0.04726814878269714
2708.836315599856                 0.046947972696692375
2719.373123573916                 0.046846237843957805
2730.59925543413                 0.03204845811500834
2741.4314879308276                 0.03634455419825999
2752.066770745767                 0.02115771913594955
2762.8990032424645                 0.025737473722037718
2773.92818542092                 0.061481732343230844
2785.088667387214                 0.07792052096579705
2792.3922180857453                 0.09201304635358487
2795.0018013690405                 0.07620901474161446
2800.0240182538732                 0.08861454644647127
2810.363876546175                 0.06513387389027525
2813.1390766073127                 0.09138284552465759
2821.1961090428726                 0.06864990909072632
2829.074096313198                 0.037193792396376435
2838.921580401105                 0.040225436882512566
2848.7690644890117                 0.0625401290867319
2861.8990432728874                 0.09811616950648128
2871.910652095593                 0.12585824587417016
2880.2810135703135                 0.08844717419028414
2888.897562147232                 0.1393612056121556
2887.3712021136066                 0.16354910401616019
2896.0369881109646                 0.17856870308192208
2898.498859132941                 0.21438995691520069
2903.3936379884008                 0.27204071994297396
2898.9912333373363                 0.24059084498333383
2906.869220607662                 0.3220938476407975
2912.679236219527                 0.2698282384109638
2918.193827308755                 0.3027536087243655
2926.45477229361                 0.3545264551575009
2927.056562987871                 0.3354080608111478
2937.396421280173                 0.3589137001073909
2946.8062394086173                 0.3610124770421663
2951.1828990032427                 0.3061884871162661
2962.343380969537                 0.25623614357870883
2971.49333493455                 0.20172579448051742
2976.589407950042                 0.1845011127787406
2984.664344902126                 0.19209606606957352
2989.588086946079                 0.22672113911595648
2994.5118289900324                 0.25794231012830027
3004.1623633961813                 0.2982585395037214
3002.608649240089                 0.33344991990970463
3011.9747007725873                 0.3966232144649111
3019.3991069576514                 0.4271748396776568
3029.7986469716984                 0.4536354821445119
3035.8712621592413                 0.4978620395336071
3037.512509507226                 0.5953758951171231
3037.3483847724274                 0.529424668684273
3040.7950042031944                 0.700519318197812
3039.3178815900083                 0.6280034927001141
3038.825507385613                 0.5641784559918506
3042.2721268163805                 0.6606354619465131
3043.7492494295666                 0.7490479827073445
3044.733997838357                 0.8092109706573342
3043.7492494295666                 0.771267898762877
3051.331812177255                 0.9016378337947798
3053.005884472199                 0.8606555502730019
3050.150114086706                 0.9457422344177921
3057.535727152636                 0.8358526681190945
3057.535727152636                 0.7862124301226923
3063.4442176053803                 0.7512841331492821
3065.9439635661565                 0.7090565823352055
3071.814579080101                 0.6710304968762559
3078.2154437372405                 0.631251486942209
3081.990312637605                 0.6165831465703888
3084.780433129178                 0.6579606284642385
3087.570553620752                 0.7338498948698726
3097.769733568941                 0.7736153673045358
3095.518880063134                 0.8666931029356608
3098.4027861174495                 0.8355616749365403
3102.177655017814                 0.7161768210202005
3104.3112765701935                 0.6828550657403736
3105.7883991833796                 0.6665503225373657
3106.77314759217                 0.621168709223576
3106.77314759217                 0.5899662739115517
3107.2655217965657                 0.5502559570844617
3107.101397061767                 0.5162163122207275
3109.3991433489455                 0.47320351595066124
3112.189263840519                 0.43530435585382776
3117.6053800888676                 0.40371477071432726
3123.5138705416116                 0.3647240787538647
3131.173024832206                 0.3384135050560436
3131.3918578119374                 0.28160834567387116
3141.239341899844                 0.3751923390456895
3150.1020775789602                 0.35132614599881296
3153.548697009727                 0.3816552634796966
3157.4876906448903                 0.2944452624177022
3159.949561666867                 0.2619757316930731
3163.100756574997                 0.19788090090020927
3168.3199231415874                 0.168731211367519
3173.736039389936                 0.13535440881580107
3180.136904047076                 0.10022537219611105
3189.4920139305873                 0.08395060611361438
3198.8471238140987                 0.0752991622948509
3208.20223369761                 0.06003976471682615
3218.049717785517                 0.052603571343052935
3222.727272727273                 0.037627992251279885
3230.851447099796                 0.06205998418490877
3239.0576838397183                 0.06469284591347768
3246.607421640447                 0.03762215863549845
3257.4396541371443                 0.0386948626410617
3268.271886633842                 0.03718885298447416
3279.1041191305394                 0.044244172686226935
3290.4834340765647                 0.04586590042041527
3288.951603218446                 0.06943699586114671
3300.7685841239345                 0.045048649593034784
3306.6770745766785                 0.06312212806847362
3312.0931908250272                 0.025557985712977516
3334.2500300228176                 0.02003359414923689
3345.082262519515                 0.032710509634478746
3354.9297466074217                 0.029109129534082623
3366.648252672031                 0.026616552781026925
3377.8743845322447                 0.023255368143716204
3388.411192506305                 0.030812412867569305
3399.2434250030024                 0.03626893009878884
3410.0756574997                 0.039791412083395095
3420.9078899963974                 0.04576367204704479
3431.740122493095                 0.0374240711857573
3442.572354989792                 0.05796606334055887
3449.465593851327                 0.05562847246403457
3456.358832712862                 0.028105444820504477
3467.1910652095594                 0.04813169424287578
3478.023297706257                 0.049333333931546375
3488.8555302029545                 0.07219616838228338
3496.73351747328                 0.10355751649792644
3503.767434678927                 0.13255797171669126
3506.5810015611864                 0.16231229798573843
3507.0733757655817                 0.18585782729120703
3511.012369400745                 0.12275879897032238
3514.458988831512                 0.07100423719286919
3522.2385012609584                 0.04101331471583558
3533.169208598535                 0.04503042486636033
3544.0014410952326                 0.03398317465981504
3554.83367359193                 0.043694569433583075
3565.6659060886277                 0.07927905795093093
3565.173531884232                 0.11743805338444102
3576.498138585325                 0.03397789459881595
3587.3303710820223                 0.023059580075377673
3598.16260357872                 0.026968869109306848
3608.9948360754174                 0.02456030967096634
3619.827068572115                 0.03207979783190629
3630.659301068812                 0.02608682640317639
3640.014410952324                 0.055526206766457475
3649.3695208358354                 0.0975626033693453
3657.0286751264293                 0.08575592962235934
3664.1407469676956                 0.0318616120854589
3668.361097291084                 0.024786208686246702
3677.4348504863697                 0.03616707601887015
3689.7442055962533                 0.04317644215747596
3696.6374444577878                 0.06602428804795757
3699.732368028273                 0.1290777197920442
3701.068812297346                 0.20077893902562294
3702.9679699428707                 0.2692694327662931
3701.5611865017418                 0.2291466628793133
3710.030022817341                 0.32023326769440663
3712.393418998439                 0.34186334226899295
3717.0709739401946                 0.4178385847216487
3717.973659981586                 0.36820178160363826
3721.537511365781                 0.5282797835683233
3723.6195508586525                 0.47970105682144903
3721.9126536167487                 0.45284155684347493
3721.256154677555                 0.6103877188672522
3724.111925063048                 0.6901775394962271
3726.8363956607022                 0.5658509295070341
3727.164645130299                 0.6518952577474861
3728.8058924782836                 0.4142587128267202
3728.641767743485                 0.3767521307060946
3728.4776430086868                 0.34034866498538874
3729.626516152276                 0.310096129679561
3730.447139826268                 0.2595134859570899
3736.8480044834077                 0.21509801025644026
3734.057883991834                 0.18353038491902252
3734.6487330371083                 0.14871355197987002
3734.550258196229                 0.12254568037918856
3744.3977422841363                 0.19290682227473088
3748.23826107842                 0.14394306796452971
3751.783355350066                 0.09885485571774277
3758.0499361332795                 0.05362227638376693
3767.3204969109856                 0.044861273664890455
3777.3868139786236                 0.05640350593391619
3788.219046475321                 0.03323630151526202
3796.0970337456465                 0.04257543495613747
