  0.0000e+00  0.0000e+00  0.0000e+00  0.0000e+00  0.0000e+00  0.0000e+00  0.0000e+00  0.0000e+00  0.0000e+00  0.0000e+00  0.0000e+00  0.0000e+00  0.0000e+00  0.0000e+00  0.0000e+00  0.0000e+00  0.0000e+00  0.0000e+00  0.0000e+00  0.0000e+00  0.0000e+00  0.0000e+00  0.0000e+00  0.0000e+00  0.0000e+00  0.0000e+00  0.0000e+00  0.0000e+00  0.0000e+00  0.0000e+00  0.0000e+00  0.0000e+00  0.0000e+00  0.0000e+00  0.0000e+00  0.0000e+00  0.0000e+00  0.0000e+00  0.0000e+00  0.0000e+00  0.0000e+00  0.0000e+00  0.0000e+00  0.0000e+00  0.0000e+00  0.0000e+00  0.0000e+00  0.0000e+00  0.0000e+00  0.0000e+00  0.0000e+00  0.0000e+00  0.0000e+00  0.0000e+00  0.0000e+00  0.0000e+00  0.0000e+00  0.0000e+00  0.0000e+00  0.0000e+00  0.0000e+00  0.0000e+00  0.0000e+00  0.0000e+00  0.0000e+00  0.0000e+00  0.0000e+00  0.0000e+00  0.0000e+00  0.0000e+00  0.0000e+00  0.0000e+00  0.0000e+00  0.0000e+00  0.0000e+00  0.0000e+00  0.0000e+00  0.0000e+00  0.0000e+00
  0.0000e+00  0.0000e+00  0.0000e+00  0.0000e+00  0.0000e+00  0.0000e+00  0.0000e+00  0.0000e+00  0.0000e+00  0.0000e+00  0.0000e+00  0.0000e+00  0.0000e+00  0.0000e+00  0.0000e+00  0.0000e+00  0.0000e+00  0.0000e+00  0.0000e+00  0.0000e+00  0.0000e+00  0.0000e+00  0.0000e+00  0.0000e+00  0.0000e+00  0.0000e+00  0.0000e+00  0.0000e+00  0.0000e+00  0.0000e+00  0.0000e+00  0.0000e+00  0.0000e+00  0.0000e+00  0.0000e+00  0.0000e+00  0.0000e+00  0.0000e+00  0.0000e+00  0.0000e+00  0.0000e+00  0.0000e+00  0.0000e+00  0.0000e+00  0.0000e+00  0.0000e+00  0.0000e+00  0.0000e+00  0.0000e+00  0.0000e+00  0.0000e+00  0.0000e+00  0.0000e+00  0.0000e+00  0.0000e+00  0.0000e+00  0.0000e+00  0.0000e+00  0.0000e+00  0.0000e+00  0.0000e+00  0.0000e+00  0.0000e+00  0.0000e+00  0.0000e+00  0.0000e+00  0.0000e+00  0.0000e+00  0.0000e+00  0.0000e+00  0.0000e+00  0.0000e+00  0.0000e+00  0.0000e+00  0.0000e+00  0.0000e+00  0.0000e+00  0.0000e+00  0.0000e+00
  0.0000e+00  0.0000e+00  0.0000e+00  0.0000e+00  0.0000e+00  0.0000e+00  0.0000e+00  0.0000e+00  0.0000e+00  0.0000e+00  0.0000e+00  0.0000e+00  0.0000e+00  0.0000e+00  0.0000e+00  0.0000e+00  0.0000e+00  0.0000e+00  0.0000e+00  0.0000e+00  0.0000e+00  0.0000e+00  0.0000e+00  0.0000e+00  0.0000e+00  0.0000e+00  0.0000e+00  0.0000e+00  0.0000e+00  0.0000e+00  0.0000e+00  0.0000e+00  0.0000e+00  0.0000e+00  0.0000e+00  0.0000e+00  0.0000e+00  0.0000e+00  0.0000e+00  0.0000e+00  0.0000e+00  0.0000e+00  0.0000e+00  0.0000e+00  0.0000e+00  0.0000e+00  0.0000e+00  0.0000e+00  0.0000e+00  0.0000e+00  0.0000e+00  0.0000e+00  0.0000e+00  0.0000e+00  0.0000e+00  0.0000e+00  0.0000e+00  0.0000e+00  0.0000e+00  0.0000e+00  0.0000e+00  0.0000e+00  0.0000e+00  0.0000e+00  0.0000e+00  0.0000e+00  0.0000e+00  0.0000e+00  0.0000e+00  0.0000e+00  0.0000e+00  0.0000e+00  0.0000e+00  0.0000e+00  0.0000e+00  0.0000e+00  0.0000e+00  0.0000e+00  0.0000e+00
  0.0000e+00  0.0000e+00  0.0000e+00  0.0000e+00  0.0000e+00  0.0000e+00  0.0000e+00  0.0000e+00  0.0000e+00  0.0000e+00  0.0000e+00  0.0000e+00  0.0000e+00  0.0000e+00  0.0000e+00  0.0000e+00  0.0000e+00  0.0000e+00  0.0000e+00  0.0000e+00  0.0000e+00  0.0000e+00  0.0000e+00  0.0000e+00  0.0000e+00  0.0000e+00  0.0000e+00  0.0000e+00  0.0000e+00  0.0000e+00  0.0000e+00  0.0000e+00  0.0000e+00  0.0000e+00  0.0000e+00  0.0000e+00  0.0000e+00  0.0000e+00  0.0000e+00  0.0000e+00  0.0000e+00  0.0000e+00  0.0000e+00  0.0000e+00  0.0000e+00  0.0000e+00  0.0000e+00  0.0000e+00  0.0000e+00  0.0000e+00  0.0000e+00  0.0000e+00  0.0000e+00  0.0000e+00  0.0000e+00  0.0000e+00  0.0000e+00  0.0000e+00  0.0000e+00  0.0000e+00  0.0000e+00  0.0000e+00  0.0000e+00  0.0000e+00  0.0000e+00  0.0000e+00  0.0000e+00  0.0000e+00  0.0000e+00  0.0000e+00  0.0000e+00  0.0000e+00  0.0000e+00  0.0000e+00  0.0000e+00  0.0000e+00  0.0000e+00  0.0000e+00  0.0000e+00
  0.0000e+00  0.0000e+00  0.0000e+00  0.0000e+00  0.0000e+00  0.0000e+00  0.0000e+00  0.0000e+00  0.0000e+00  0.0000e+00  0.0000e+00  0.0000e+00  0.0000e+00  0.0000e+00  0.0000e+00  0.0000e+00  0.0000e+00  0.0000e+00  0.0000e+00  0.0000e+00  0.0000e+00  0.0000e+00  0.0000e+00  0.0000e+00  0.0000e+00  0.0000e+00  0.0000e+00  0.0000e+00  0.0000e+00  0.0000e+00  0.0000e+00  0.0000e+00  0.0000e+00  0.0000e+00  0.0000e+00  0.0000e+00  0.0000e+00  0.0000e+00  0.0000e+00  0.0000e+00  0.0000e+00  0.0000e+00  0.0000e+00  0.0000e+00  0.0000e+00  0.0000e+00  0.0000e+00  0.0000e+00  0.0000e+00  0.0000e+00  0.0000e+00  0.0000e+00  0.0000e+00  0.0000e+00  0.0000e+00  0.0000e+00  0.0000e+00  0.0000e+00  0.0000e+00  0.0000e+00  0.0000e+00  0.0000e+00  0.0000e+00  0.0000e+00  0.0000e+00  0.0000e+00  0.0000e+00  0.0000e+00  0.0000e+00  0.0000e+00  0.0000e+00  0.0000e+00  0.0000e+00  0.0000e+00  0.0000e+00  0.0000e+00  0.0000e+00  0.0000e+00  0.0000e+00
  0.0000e+00  0.0000e+00  0.0000e+00  0.0000e+00  0.0000e+00  0.0000e+00  0.0000e+00  0.0000e+00  0.0000e+00  0.0000e+00  0.0000e+00  0.0000e+00  0.0000e+00  0.0000e+00  0.0000e+00  0.0000e+00  0.0000e+00  0.0000e+00  0.0000e+00  0.0000e+00  0.0000e+00  0.0000e+00  0.0000e+00  0.0000e+00  0.0000e+00  0.0000e+00  0.0000e+00  0.0000e+00  0.0000e+00  0.0000e+00  0.0000e+00  0.0000e+00  0.0000e+00  0.0000e+00  0.0000e+00  0.0000e+00  0.0000e+00  0.0000e+00  0.0000e+00  0.0000e+00  0.0000e+00  0.0000e+00  0.0000e+00  0.0000e+00  0.0000e+00  0.0000e+00  0.0000e+00  0.0000e+00  0.0000e+00  0.0000e+00  0.0000e+00  0.0000e+00  0.0000e+00  0.0000e+00  0.0000e+00  0.0000e+00  0.0000e+00  0.0000e+00  0.0000e+00  0.0000e+00  0.0000e+00  0.0000e+00  0.0000e+00  0.0000e+00  0.0000e+00  0.0000e+00  0.0000e+00  0.0000e+00  0.0000e+00  0.0000e+00  0.0000e+00  0.0000e+00  0.0000e+00  0.0000e+00  0.0000e+00  0.0000e+00  0.0000e+00  0.0000e+00  0.0000e+00
  1.3310e+01  6.6587e-02  2.1012e-02  3.8946e-03  6.6119e-02 -3.6603e-02  4.0356e-02  9.3439e-04  3.9085e-02 -9.7477e-03  1.0543e-01  3.8733e-02 -7.8891e-03  1.0367e-01  4.8987e-02 -1.0873e-02  1.0241e-01  1.1153e-01 -4.9452e-02  1.7409e-01  3.2304e-02  7.1419e-03  4.6991e-02  1.3587e-02  6.4169e-03 -2.8264e-02 -3.4070e-02  2.9249e-02  9.0355e-02  4.1725e-02 -7.2492e-03  5.3171e-02  1.5462e-02  5.0556e-03 -1.2181e-01  7.9624e-02 -4.1784e-02 -1.5476e-01  4.7575e-02 -2.3687e-02 -1.6552e-01  9.8546e-02 -6.0068e-02  1.8492e-01  1.4671e-02 -5.3005e-02  2.2414e-02  1.6739e-03 -3.2591e-02  2.8262e-01  7.5150e-03 -6.8260e-02  6.9735e-02 -1.2786e-01  1.0406e-01  3.8342e-02 -1.4890e-01  1.0502e-01  7.7772e-02 -1.4404e-01  1.2393e-01 -3.8000e-05 -3.1344e-02  2.4434e-02 -6.6304e-02 -5.2111e-02  2.7298e-02  1.2386e-02 -1.3814e-02  1.7274e-02 -3.4559e-01 -5.1869e-03 -5.4083e-02 -4.3876e-01  1.1736e-01 -2.5567e-02 -4.3780e-01 -1.6029e-01 -7.5540e-02
  1.9477e+01 -2.0557e-02  6.9742e-02  3.9851e-02 -1.9843e-02  7.1426e-02  1.8791e-02 -1.0259e-02  5.9863e-02  2.7642e-02 -4.2627e-02  8.3187e-02  4.7694e-02 -1.8161e-03  5.0283e-02  8.1654e-02 -2.4791e-03  6.6511e-02  9.0174e-02  7.4240e-03  6.1851e-02  1.1186e-01  1.0615e-02 -4.8862e-03  7.4091e-02  1.3769e-02 -2.2347e-02  3.1534e-02  1.9153e-02 -3.2037e-02  1.1883e-01  2.7354e-02 -7.1719e-02  1.1305e-01  4.6455e-03  2.3044e-02 -5.2190e-03  1.6764e-02 -3.3367e-03 -1.2987e-02  2.6625e-03  2.7696e-02 -2.8897e-02 -6.6485e-02 -7.4681e-03  4.0248e-02 -2.6312e-02 -2.3168e-02 -7.9375e-02 -1.0632e-01 -1.0251e-01  9.9950e-02 -1.8785e-02  8.8832e-02  7.4774e-03 -1.7163e-04  5.5520e-02 -3.1758e-03 -2.3677e-02  1.2009e-01 -1.1722e-02  4.3133e-02 -1.5171e-01  1.0785e-01  5.0624e-02 -1.7237e-01  6.0135e-02  5.2721e-02 -1.9012e-01  1.4116e-01  1.5860e-02  9.5238e-03 -4.2597e-01  4.2599e-02 -7.1694e-02 -4.9341e-01  3.3214e-02  4.1887e-02 -5.0127e-01
  3.5528e+01  7.4009e-02  3.2209e-02 -3.0538e-02  7.7784e-02 -6.3841e-03 -6.5016e-02  6.1668e-02  5.1337e-02 -2.4749e-03  2.8954e-02  2.0763e-02 -1.5946e-02  1.1300e-01  5.4185e-02 -3.5574e-02  1.1234e-01  9.4888e-02 -5.2591e-02  1.5294e-01  4.2555e-02 -3.0840e-02  8.7447e-02  3.9416e-02 -2.8170e-02  1.6740e-01  9.2232e-02 -4.8977e-02 -3.7345e-02 -3.4357e-02 -1.1314e-05 -9.4685e-02 -4.7195e-02  1.9638e-02  5.8096e-02  1.1073e-01  8.0398e-02  1.0463e-01  8.8631e-02  5.2814e-02 -1.1544e-02  1.3084e-01  1.1204e-01 -1.8325e-01  3.2758e-03  8.0348e-02 -1.3945e-01  4.6621e-03  6.0363e-02 -2.2686e-01 -5.7527e-03  9.3434e-02  1.2052e-01 -2.1950e-01 -1.4185e-01  9.2368e-02 -1.6089e-01 -1.2393e-01  1.0324e-01 -3.5489e-01 -1.2790e-01 -3.0039e-01 -5.1847e-02  1.0179e-01 -1.6634e-01  2.7444e-03  1.2015e-01 -4.2627e-01 -1.0839e-01  8.2686e-02 -1.7971e-02  1.4919e-02 -3.5321e-03 -3.0426e-02 -3.0318e-02 -7.9637e-02  8.6443e-03  5.7116e-02  5.8817e-02
  3.7831e+01 -1.2347e-02 -1.0141e-02 -6.8108e-03 -1.2054e-02 -2.1348e-02 -8.5822e-03 -4.4454e-03 -2.6481e-02 -3.1726e-02 -2.0076e-02  2.1400e-02 -8.9000e-04 -4.1764e-03 -2.2599e-02  1.8104e-02 -4.6207e-03 -1.5071e-02  1.6335e-02 -8.6405e-04 -1.7619e-02  3.0569e-02 -5.5285e-03 -4.2656e-02  1.7571e-02 -5.7426e-02 -7.9333e-02  2.2074e-02  4.9889e-02 -7.8133e-03  3.4752e-03  4.5273e-02  1.1712e-02  5.7587e-03  1.5673e-01 -1.5966e-01 -1.0711e-01  1.4675e-01 -1.1256e-01 -9.9921e-02  2.6126e-01 -1.9457e-01 -1.2407e-01 -7.3289e-02  1.0570e-01  4.7978e-02 -5.4407e-02  1.0663e-01  3.9520e-02 -1.2819e-01  1.0348e-01  5.9786e-02 -6.2567e-03 -1.5095e-01  7.1334e-02 -5.5495e-02 -1.8376e-01  7.3133e-02  8.7788e-03 -1.6627e-01  1.0381e-01 -1.0708e-02  2.0132e-01  2.8491e-02 -2.6014e-01  2.3952e-01  2.7898e-01  6.1323e-02  4.8165e-01 -1.4655e-01 -3.5971e-02  1.1998e-01 -8.6218e-02 -3.3439e-02  9.2163e-02 -1.1849e-01 -2.7153e-02  1.3485e-01 -9.0859e-02
  4.6077e+01  8.7607e-02  3.7363e-02 -3.1528e-02  8.5480e-02  2.1414e-02 -3.0705e-02  6.7711e-02  5.2904e-02 -9.7993e-03  5.8022e-02  8.2711e-03 -2.4119e-02  1.2203e-01  7.5694e-02 -6.3587e-02  1.2094e-01  1.4094e-01 -1.1685e-01  2.0149e-01  5.2225e-02 -5.1939e-02  4.0901e-02  4.5924e-02 -3.8473e-02 -1.2981e-01 -5.6925e-02  2.6177e-02  1.7390e-01  1.3878e-01 -8.9725e-02  9.2453e-02  8.1558e-02 -6.2360e-02 -1.6261e-02 -3.3703e-03 -1.6242e-01 -1.1550e-01 -1.9008e-02 -1.0586e-01  2.7306e-02 -6.6955e-03 -2.3634e-01 -2.5840e-01 -1.0997e-01  9.5714e-02 -1.8934e-01 -1.0906e-01  5.9277e-02 -2.8509e-01 -1.3118e-01  1.1200e-01  4.3401e-02  1.0885e-01  1.8161e-01 -3.2444e-02  3.9482e-02  1.8042e-01  1.0064e-01  2.0468e-01  2.5247e-01 -3.8585e-02 -8.7162e-02 -1.8202e-02 -2.4504e-01 -1.7290e-01 -5.1975e-02 -1.3927e-02 -7.5074e-02 -1.5033e-02  2.9509e-02 -1.0671e-01  6.8381e-02  1.2335e-02 -1.6681e-01 -3.3830e-02  7.2325e-02 -3.8825e-02  1.7649e-01
  5.1595e+01 -3.7765e-02  3.9774e-02  2.1565e-02 -3.7173e-02  3.2039e-02  3.9671e-02 -2.3744e-02  4.2449e-02  4.2241e-02 -2.1439e-02  1.3214e-02  1.3178e-02 -5.3157e-02  5.9561e-02 -1.9249e-02 -5.2501e-02  5.5155e-02 -3.0795e-02 -5.4871e-02  4.8537e-02 -4.2409e-02 -7.0662e-02  1.0207e-01 -1.2039e-02 -8.3850e-02  1.0725e-01  2.4834e-02 -6.2018e-02  1.2306e-01 -3.9101e-02 -5.7086e-02  1.0575e-01 -3.9934e-02  1.8831e-01 -4.9445e-02  5.4100e-02  1.9397e-01  4.9480e-02  5.3341e-02  2.9451e-01 -9.4793e-02  9.6103e-02  1.3281e-02  1.4845e-02 -5.0945e-03  7.7843e-03  1.3576e-02 -8.7492e-03  1.6380e-02  1.0589e-02 -3.4156e-03 -1.5467e-02 -1.6434e-01  7.4928e-02 -5.9036e-02 -1.3575e-01  8.8508e-02 -1.2387e-02 -2.4028e-01  1.0597e-01  6.4180e-02 -1.5394e-01 -9.8244e-02  2.5420e-01 -2.4594e-01 -4.1761e-01  2.6526e-02 -4.6967e-01  1.2055e-01 -7.4522e-03  1.6064e-02 -6.5266e-03 -4.9519e-03  1.7119e-02 -1.7415e-03 -1.0424e-02  1.1651e-02 -1.9682e-02
  5.9456e+01 -9.7847e-02 -4.6058e-02  1.8085e-02 -9.8450e-02 -8.1424e-02 -3.6604e-02 -1.0811e-01 -2.2851e-02  6.7519e-02 -1.1528e-01 -5.4527e-02  2.3382e-02  1.7581e-02  2.1995e-02 -9.0686e-04  1.2966e-02  1.1665e-01  2.9125e-02  8.7736e-02 -2.1091e-02 -3.7039e-02  3.0293e-02  9.4552e-03 -5.0876e-03 -1.3792e-01 -1.0378e-01  3.1178e-02  2.3245e-01  1.2981e-01 -5.2090e-02  1.4612e-01  6.3888e-02 -2.4488e-02  8.3771e-02 -4.3275e-02  1.4382e-01  1.4566e-01  1.5704e-01  1.1501e-01  2.3445e-01 -1.2065e-01  2.8083e-01  1.0036e-01  1.8449e-02 -6.0739e-02  6.1778e-02  1.7990e-02 -3.6705e-02  3.4613e-03  2.2360e-02 -4.3059e-02 -8.3320e-02  6.0220e-02 -1.6835e-01  1.0939e-01  2.2200e-02 -2.1226e-01 -1.5451e-01  1.5618e-01 -3.2879e-01 -1.3173e-01 -7.2861e-02  8.3966e-02 -4.2069e-01 -1.2723e-01  1.7026e-01 -1.0481e-01  5.4496e-02  1.2578e-03 -1.9054e-04  1.4578e-02  1.0596e-02 -5.6527e-03  3.5879e-02  3.0588e-02 -1.0960e-02 -3.3624e-03  5.3619e-03
  6.6005e+01 -8.0151e-02  1.6469e-01  2.0926e-02 -7.7158e-02  1.4150e-01  2.4733e-04 -6.7403e-02  1.4547e-01 -6.7278e-03 -8.3742e-02  1.6305e-01  1.8452e-02 -5.3529e-02  1.3923e-01  7.5146e-02 -5.5107e-02  1.4917e-01  1.0935e-01 -6.1719e-02  1.5702e-01  1.0495e-01 -8.7191e-03  7.6135e-02  5.8937e-02  6.7620e-03  5.7274e-02 -1.0388e-02  9.4931e-03  4.2829e-02  1.2288e-01  2.9689e-02  8.4227e-03  1.1147e-01  2.8922e-02 -4.3660e-02 -2.0314e-01  9.0779e-03 -1.7404e-01 -1.9625e-01  5.4921e-02 -2.6130e-02 -3.6369e-01  4.2172e-02 -1.2612e-01 -1.1080e-01  2.9678e-02 -1.3418e-01 -1.4521e-01  2.0579e-01 -1.6195e-01 -1.2253e-01 -2.4413e-02 -8.8051e-02 -1.0997e-01  1.6738e-03 -1.0965e-01 -1.1949e-01 -7.1773e-02 -1.9753e-01 -1.5865e-01  1.6146e-02  3.3126e-02  1.3724e-01 -4.9117e-02  4.9081e-02  2.1435e-01  5.6024e-02  1.2407e-01  8.7677e-02  3.6982e-02 -1.6961e-01  7.2594e-02  6.3673e-02 -1.3517e-01  1.5432e-01  2.8287e-02 -1.8229e-01  3.6512e-02
  8.3146e+01 -3.0386e-02  6.8128e-02 -8.6831e-02 -3.0019e-02  6.6030e-02 -8.4385e-02 -1.5060e-02  5.7400e-02 -9.6387e-02 -4.1463e-02  8.3551e-02 -8.4235e-02 -2.4490e-02  2.8956e-02 -2.4938e-02 -2.4649e-02  2.6901e-02 -9.9291e-03 -3.5217e-02  5.4797e-02  2.0725e-02 -3.5899e-03 -4.4831e-02 -3.4275e-02  7.3125e-03 -6.2264e-02 -8.9134e-02  1.1754e-03 -8.6051e-02  2.9094e-02  2.7960e-02 -1.1590e-01  1.5314e-02  9.3107e-02  1.6297e-01  9.2833e-02  2.2781e-01  3.1014e-01  2.0849e-02  1.4174e-01  1.1749e-01  2.5645e-01 -3.9723e-02 -2.1347e-02 -1.1698e-01 -3.1219e-02 -2.0991e-02 -1.1709e-01  3.0318e-02 -2.1153e-02 -1.3062e-01 -6.1258e-02 -1.6521e-02  1.2978e-01 -2.2316e-01 -8.3519e-02  1.4526e-01  9.1108e-03 -1.6505e-02  2.5610e-01  3.8539e-02 -3.1965e-02  2.5177e-02 -3.3175e-01 -2.7707e-02  2.8796e-01  2.4114e-01  3.2966e-01 -1.4800e-01  9.6793e-03 -3.6913e-02  2.3548e-02  2.3475e-02 -2.4304e-02  5.9045e-02  1.2507e-02 -3.1951e-02  2.3618e-02
  9.6182e+01 -1.0713e-01 -6.1147e-02 -2.5202e-03 -1.0386e-01 -9.7431e-02 -1.8928e-02 -1.2783e-01 -4.2033e-02  1.6232e-02 -1.1743e-01 -5.6135e-02  1.0165e-03 -8.0094e-03 -1.0491e-02 -7.4588e-03 -1.1692e-02  2.2154e-02  1.0128e-01 -2.4691e-02 -4.3872e-02 -8.9009e-02  1.3359e-01  5.6781e-02 -5.0337e-02  2.4377e-01  1.2156e-01 -9.3884e-02  1.1739e-01  3.6632e-02 -3.2990e-02  1.1766e-01  3.4887e-02 -3.4309e-02 -3.5023e-02 -1.4077e-01  8.2539e-03  8.4108e-03 -3.5055e-01 -2.5042e-02 -2.0064e-01 -6.1903e-02 -1.0037e-01  1.1286e-02  1.4569e-02 -4.9625e-02  2.1004e-02  1.9577e-02 -2.6209e-02  6.9793e-02  4.3234e-02 -7.6847e-02 -1.9142e-01  2.7220e-02  1.4679e-01 -4.4908e-01  7.8079e-02  2.0700e-01 -8.0861e-02 -5.2052e-02  3.7040e-01 -7.5251e-02 -2.6785e-02  4.8653e-02  1.0826e-01  1.8929e-02  1.4380e-02 -2.0405e-01 -1.3724e-01  6.8308e-02 -9.3797e-03  2.2464e-02 -6.6313e-03  2.6281e-02  3.1178e-02  5.4731e-02 -1.2036e-02  2.0496e-02 -6.5890e-02
  1.1891e+02 -8.7363e-03  1.6439e-02 -2.8034e-02 -8.9782e-03  1.8069e-02 -3.7066e-02 -9.0493e-04  7.7277e-03 -3.8663e-02 -1.8034e-02  3.0901e-02 -2.4023e-02 -1.2129e-04 -3.9983e-03  6.3998e-03 -3.3325e-04 -9.7047e-04  1.4534e-02 -3.0693e-03  8.3219e-03  3.0054e-02  3.9285e-03 -3.7856e-02  4.8920e-03 -3.2779e-02 -6.8885e-02  2.0624e-03  4.6865e-02 -2.1173e-02  3.9710e-03  2.6870e-02 -2.0888e-02  1.0267e-02  2.5903e-02  4.3978e-02 -8.3975e-03  1.7525e-02  1.2752e-01 -4.9483e-04  6.7939e-02  1.8669e-02  5.1211e-02 -1.4832e-02 -8.9475e-04 -4.3850e-02 -2.0076e-02 -1.7808e-03 -4.4112e-02 -4.1793e-02 -6.4488e-03 -3.5166e-02 -1.8419e-02 -1.4933e-03  2.2772e-02 -1.8421e-02 -8.9878e-02  3.0615e-03 -1.4566e-02  5.5230e-02  1.0662e-02 -2.4118e-02  7.3005e-02  3.7895e-02  7.2018e-01  2.2549e-01 -1.6120e-01 -4.0294e-01 -3.6611e-01  1.8348e-01  2.6870e-03 -7.6538e-03  1.9602e-03 -2.5756e-03 -4.5201e-03 -1.3778e-03  8.4108e-03  6.6588e-04  3.3406e-02
  1.3276e+02  2.5529e-02  1.3339e-02 -5.2372e-03  2.3887e-02  1.4866e-01  3.1351e-02  1.3055e-01 -5.4471e-02 -7.0681e-02  4.0031e-02  2.3083e-02 -9.7944e-03 -2.1665e-01 -1.4787e-01  6.2442e-02 -2.0898e-01 -5.0466e-01  2.1904e-01 -5.8899e-01 -4.2133e-02  7.1204e-03 -5.8468e-03 -3.6573e-03  1.7376e-04  3.2711e-02  2.1966e-02 -8.4766e-03  1.0530e-01  6.8628e-02 -3.5415e-02  1.1973e-01  7.7098e-02 -3.9989e-02 -1.2480e-02  7.2734e-02 -4.1398e-02 -8.5308e-03  1.1782e-01 -4.1142e-02  4.9080e-02  4.6861e-02 -2.6644e-02 -1.5901e-02  1.2569e-03  1.3454e-02  8.6205e-03  2.9088e-03  6.0984e-03  1.1984e-01  1.0995e-02 -1.9098e-02  8.1713e-02 -2.7589e-02  1.9363e-02  1.2151e-01 -3.2461e-02  1.0093e-02  7.1291e-02  1.4040e-02 -1.1227e-02 -2.7485e-02 -2.1409e-02  1.5871e-02 -1.2908e-01 -5.9408e-02  7.4968e-03 -6.6744e-02 -3.0206e-02  3.6118e-03 -3.2750e-03  3.7085e-03 -7.0733e-03  7.3440e-02  8.1786e-03  1.0635e-01 -9.7135e-03 -7.2628e-04 -1.5225e-01
  1.5552e+02  1.6190e-03  1.2742e-03  2.1865e-03  1.5506e-03  2.4486e-02 -6.2347e-03  2.4142e-02 -5.8154e-03  4.5614e-03 -6.9421e-03 -1.1872e-02  6.7118e-03 -2.4814e-02 -1.5053e-02  8.6100e-03 -2.4509e-02 -5.9458e-02  3.0468e-02 -6.8879e-02 -4.4852e-03 -1.7928e-03  1.2383e-03  6.1922e-03  1.9956e-03  1.5362e-02  1.6596e-02 -2.9538e-05 -8.5457e-04  6.7562e-03  1.2082e-03  4.5657e-03  9.2499e-03 -1.1205e-03 -1.2787e-02  4.2376e-03 -8.9253e-03 -1.6012e-02  2.2142e-02 -5.9416e-03  7.2743e-02 -2.2732e-02 -3.7063e-02  6.2880e-02  1.0136e-02 -4.0312e-02 -9.8281e-02 -5.8177e-03 -2.5847e-02 -6.7046e-01 -6.9196e-02  1.5037e-01  1.4499e-03 -9.3224e-03  1.3322e-02  2.2980e-02 -2.8359e-02  4.7353e-03  2.7224e-03  5.0585e-02 -3.4879e-03 -5.7909e-04 -6.2185e-03  1.1462e-02 -1.8169e-02 -6.5736e-03  2.2110e-02  4.3130e-02  2.3725e-02  9.5628e-03  4.8387e-03 -1.0179e-02 -1.1728e-04 -2.0277e-01 -1.0756e-01 -4.1857e-01  7.6544e-02  8.8938e-02  4.8612e-01
  1.8017e+02 -5.4801e-03  1.3761e-02  1.5891e-02 -1.1612e-03 -2.9999e-04 -1.2193e-02 -1.6245e-02 -8.5051e-04 -1.6573e-02 -2.9184e-02  6.5506e-02  2.6931e-02  4.2625e-02 -2.3320e-02  8.2033e-02  4.0963e-02 -5.1430e-05  1.1719e-01  4.2353e-02 -6.0943e-03  1.1855e-01  5.7112e-02 -4.3303e-02  7.4163e-02  6.2642e-02 -2.6353e-02  1.0891e-01  2.5469e-02 -3.3458e-02  3.3988e-02  4.2387e-02  2.3040e-02  4.9269e-02  3.8528e-02  1.2203e-01 -8.3698e-02  1.1233e-01  1.2333e-01 -1.2434e-01  1.5907e-01  8.5251e-02 -1.3523e-01  3.6581e-02  2.5733e-02  6.7356e-02  2.7811e-02  2.2388e-02  4.9746e-02  1.7866e-02  7.8740e-04  8.5207e-02 -1.6158e-01 -1.6576e-02 -3.3081e-02 -1.7682e-01 -4.5443e-03 -2.6277e-02 -1.7135e-01 -7.8530e-02 -3.1894e-02 -2.0234e-02  3.0932e-02 -1.9445e-01 -4.6163e-01 -1.8211e-01 -3.1539e-01 -4.4970e-01 -1.8183e-01 -2.3197e-01  4.7659e-03 -4.9430e-02 -2.5861e-03 -2.7495e-02 -4.1349e-02 -3.7316e-02 -1.1540e-03 -6.1736e-02  4.7317e-02
  1.8397e+02  4.1544e-03  3.3595e-05  9.7973e-04  4.4595e-03 -6.8279e-05 -1.3281e-02  1.0154e-02  3.0065e-03  1.2801e-02 -1.1680e-02 -1.2736e-02  7.1193e-03  1.1677e-02  5.1836e-03 -1.4404e-03  1.1412e-02  1.7173e-02 -7.5366e-03  2.0369e-02  2.4569e-03  2.9092e-04  2.6344e-03  1.0219e-03  9.4636e-04  1.1934e-03  5.9948e-05  2.0817e-03 -3.8772e-03 -3.4007e-03  2.1500e-03 -4.9709e-03 -3.4458e-03  2.8902e-03 -6.2949e-03  2.6152e-03 -4.0762e-03 -2.2092e-02  2.7391e-02  6.1533e-03  6.7013e-02 -2.1288e-02 -2.2672e-02  3.7716e-02  1.3125e-02 -1.6695e-02 -8.5592e-02  4.9541e-04 -7.8933e-03 -5.7348e-01 -5.3176e-02  1.4217e-01  7.9153e-03  7.0402e-03  2.5888e-03 -2.3508e-02  9.2165e-03  9.1477e-03 -5.8502e-04 -8.6571e-02  1.7208e-02  3.5679e-04  1.5769e-04 -4.1658e-03 -2.3975e-03 -4.0230e-04 -3.2437e-03 -4.4186e-03 -5.3960e-04 -5.7465e-03 -3.9252e-02 -1.7951e-02  1.3436e-02  3.7070e-01 -1.4101e-01  4.2903e-01  5.2083e-02  1.5901e-01 -4.9989e-01
  1.9254e+02 -1.4712e-02  3.4951e-02  1.9464e-02 -1.6834e-02  2.6019e-02 -8.8419e-03  1.7489e-03  2.9645e-02  1.3945e-02 -3.2224e-02  2.1700e-02  2.7768e-02  1.2784e-02  1.7648e-02  7.0221e-02  1.1635e-02  3.0688e-02  9.0129e-02  1.4775e-02  2.9167e-02  9.4944e-02  2.5202e-02 -1.0335e-02  6.9403e-02  2.0873e-02 -1.0191e-02  7.3248e-02  1.1640e-02 -7.1847e-03  5.6590e-02  3.3024e-02  2.4674e-02  6.3622e-02 -1.8396e-02 -7.6625e-02  6.7376e-02  2.7954e-02 -2.5030e-01  3.3406e-02 -2.8797e-01  2.5302e-02  5.1810e-02 -9.3057e-02 -8.0784e-02 -2.2969e-01 -1.0686e-01 -8.3121e-02 -2.1887e-01 -7.6896e-02 -6.2999e-02 -2.4215e-01  1.1228e-01 -4.1846e-03  2.7069e-02  1.9802e-01 -2.9413e-02  4.1147e-03  1.3345e-01  2.4508e-01 -1.3976e-02  5.5404e-03  3.0247e-02 -9.9509e-02 -3.5891e-01 -1.4975e-01 -2.0792e-01 -3.6139e-01 -1.6000e-01 -1.2605e-01 -8.0911e-03  1.1255e-01  1.9624e-03  4.6121e-02  1.1737e-01  8.4775e-02  3.7878e-02  1.8738e-01  5.4387e-02
  2.0796e+02 -6.7913e-02  9.8031e-02 -1.1489e-02 -7.3007e-02  7.9678e-02  7.4932e-03 -6.5540e-02  9.8431e-02 -2.2244e-02 -5.2003e-02  1.1428e-01 -1.9137e-02 -6.5419e-02  9.4208e-02 -5.4035e-03 -6.5703e-02  9.8124e-02  7.5734e-03 -6.0375e-02  9.9709e-02  1.2029e-02 -1.5547e-02  4.3723e-03 -3.4797e-02 -1.5438e-02 -5.0520e-02 -1.5302e-01  4.0006e-02 -3.8488e-02  5.2165e-02  9.1591e-02 -6.8562e-02  4.0823e-02 -2.4707e-02 -9.2199e-02  8.0156e-02  1.1801e-01 -2.1579e-01 -7.9665e-03 -2.9311e-01 -3.9550e-03  1.4707e-01  4.1459e-02  1.5096e-01  9.9718e-02  3.7031e-02  1.5159e-01  9.5512e-02 -2.3535e-02  1.2321e-01  1.2846e-01  1.1310e-01  3.2996e-03  3.4457e-02  1.5200e-01 -9.6712e-02  3.6196e-03  1.3372e-01  2.0040e-01  9.5933e-03  9.9236e-03  3.0380e-02 -7.5554e-02 -2.0847e-01 -4.8059e-02 -7.6521e-02 -4.8706e-01 -1.4759e-01 -1.7411e-01  9.0013e-03 -1.6234e-01  1.0239e-03 -3.0709e-02 -1.9593e-01 -9.9368e-02 -1.6251e-02 -2.0269e-01 -3.2608e-02
  2.1214e+02 -2.4312e-02 -5.8420e-03  9.3274e-03 -2.6864e-02 -1.8797e-02 -2.8155e-03 -2.8818e-02 -1.3566e-04  2.7871e-02 -3.1125e-02 -1.6100e-02  1.0277e-02  7.5109e-03  1.8198e-02 -3.5331e-03  6.6603e-03  5.0157e-02 -4.3540e-04  3.4863e-02  3.4557e-03 -1.4034e-02  1.2967e-02  1.1989e-02 -6.7016e-03  3.2095e-02  1.7637e-02 -2.5411e-02 -1.1478e-02 -1.3686e-02  1.2507e-02  3.5157e-03 -1.1859e-02  8.2823e-03 -6.7815e-02 -1.1406e-02  8.1601e-03 -1.0982e-01  2.5250e-01  4.3750e-02  7.0510e-01 -2.6923e-01 -1.5378e-01 -8.0180e-03 -1.0183e-02  5.6138e-03  3.6588e-02 -7.7209e-03 -7.1294e-03  5.9481e-02 -6.7545e-03 -9.9280e-03  7.3806e-03 -3.1170e-02  1.8352e-02  1.2945e-01 -1.3720e-01 -2.9233e-02  6.9902e-02  4.9358e-01 -3.7698e-02  2.2595e-03  6.1023e-04 -8.3442e-03 -3.1516e-02 -6.3889e-03  1.5942e-03 -4.9209e-02 -7.8529e-03 -2.5809e-02  6.1217e-03  1.0373e-02  1.3608e-03 -1.1355e-02  6.3418e-02  4.5924e-02 -3.6714e-02 -5.9020e-02 -5.8810e-02
  2.2105e+02  4.8580e-03 -1.9542e-02 -9.7378e-03  1.8734e-03 -1.7103e-02 -2.4544e-02  1.6233e-03 -1.7587e-02 -1.2022e-02 -6.6306e-03 -8.9475e-03 -4.2962e-03  1.3665e-02 -1.8009e-02 -5.2105e-03  1.3147e-02 -1.2150e-02 -4.8214e-03  1.5549e-02 -1.9833e-02 -8.4502e-03  3.9849e-03  1.2227e-03  1.1448e-03  6.6997e-03  1.9875e-02  3.1840e-02 -2.0945e-02  1.3132e-02 -2.1047e-02 -3.2261e-02  2.4104e-02 -1.9754e-02  4.8718e-02  2.6636e-02 -2.5666e-02  6.8707e-02 -1.3439e-01 -4.3859e-02 -4.0438e-01  1.7951e-01  5.8913e-02  2.7240e-03  2.3640e-02  4.0570e-03  8.5829e-03  2.4340e-02  5.5804e-03 -5.8926e-02  1.9557e-02  1.8678e-02 -5.2694e-02 -5.8038e-02  9.1544e-03  1.5606e-01 -2.5853e-01 -7.5671e-02  3.2510e-02  7.7446e-01 -1.0532e-01 -2.3017e-03 -4.8101e-03  2.2832e-02  2.7210e-02 -7.4816e-04  8.1907e-03  1.4582e-01  4.0697e-02  5.7637e-02  6.0227e-04 -2.4790e-02  8.6552e-04  3.7546e-02 -1.2215e-02  6.9187e-02 -1.1173e-02 -4.0626e-02 -8.5468e-02
  2.3364e+02 -1.0966e-02  3.3211e-02  2.6908e-02 -1.1654e-02  5.2263e-02  5.4033e-02  1.9083e-03  5.0329e-02  7.5031e-02  6.1949e-03 -3.8859e-02  1.3218e-02 -4.8297e-02  5.6437e-02 -4.1755e-02 -4.7780e-02  4.5908e-02 -5.1771e-02 -4.3603e-02  5.1720e-02 -4.8078e-02 -2.9086e-02  1.2599e-02 -5.7958e-02 -2.9266e-02 -3.2655e-02 -1.5275e-01  1.9272e-02 -2.7952e-02  2.4131e-02  6.5746e-02 -6.6517e-02  6.7596e-03  2.9742e-02  3.4591e-02 -1.0422e-02  1.3449e-01 -1.4119e-01 -7.6798e-02 -1.9011e-01  1.2143e-01 -4.7898e-02  1.0873e-01 -2.4448e-01  1.6198e-01 -5.0082e-02 -2.7276e-01  9.4063e-02  1.1581e-03 -3.4033e-01  2.3455e-01 -3.8050e-02 -1.7684e-02  5.3517e-03  2.6056e-02 -1.3056e-01 -3.1742e-02 -3.3961e-02  1.8469e-01 -5.2480e-02  3.2598e-02  1.8507e-02  1.3579e-03 -1.3361e-01 -2.5942e-02  3.0760e-02 -3.6801e-01 -1.0477e-01 -9.4534e-02 -2.6907e-02  1.9779e-01  1.0542e-02  9.2357e-02  6.4871e-02  5.9119e-03  9.9224e-02  4.0717e-01  6.4598e-02
  2.4496e+02  3.3706e-03  6.6869e-03  1.0774e-03  4.0059e-03  1.4301e-02  6.4949e-04  1.1927e-02  6.8549e-03  7.5600e-03 -5.6070e-04 -5.1341e-03  1.8431e-03 -5.4133e-03  3.3927e-03 -1.0277e-03 -5.4434e-03 -6.9732e-03  2.1634e-05 -1.4658e-02  6.8055e-03 -1.3334e-04 -2.1216e-03  8.6835e-04 -2.8536e-03 -2.8969e-03 -3.1270e-03 -1.0106e-02  2.5932e-03 -1.3742e-03  2.8110e-03  5.8570e-03 -4.2714e-03  1.7997e-03  3.4908e-03 -1.3243e-04  1.8800e-04  1.3459e-02 -2.9651e-02 -6.6750e-03 -5.8148e-02  2.1487e-02  6.7180e-03 -6.5264e-03 -1.7365e-02  1.0001e-02  2.9555e-01 -1.1435e-02 -1.3322e-01 -3.2701e-01 -1.0647e-01  1.2211e-01 -5.4189e-04  3.8967e-03  2.2467e-03 -6.7768e-03 -1.0759e-03  2.4577e-03 -1.6420e-02 -6.4142e-02 -4.6175e-03  8.0913e-04  9.0778e-04 -2.1910e-03 -8.3807e-03 -8.4613e-04  9.2922e-04 -2.2204e-02 -4.8258e-03 -8.6521e-03  4.6206e-02  1.8334e-02 -1.4436e-02 -2.4375e-01  5.3647e-01  2.5232e-01 -2.6913e-01 -5.1283e-01 -2.9576e-02
  2.5233e+02  2.7463e-02 -6.6466e-02 -1.9843e-02  2.7668e-02 -7.1924e-02 -7.0425e-03  3.7601e-03 -5.6225e-02 -1.0177e-02  3.8993e-02 -7.0003e-02 -2.3869e-02  1.6151e-02 -3.8320e-02 -5.6603e-02  1.6532e-02 -3.0279e-02 -9.5703e-02  3.6075e-02 -5.5535e-02 -7.7593e-02 -2.7827e-02  9.5001e-03 -3.0547e-02 -2.4162e-02  3.3225e-02  7.4382e-03 -4.6991e-02  1.1269e-02 -2.7233e-02  4.1170e-03  3.6859e-02 -4.9961e-02 -1.4869e-03  2.5956e-02 -2.4351e-03  1.1157e-01 -4.3226e-02 -6.8613e-02  6.5092e-02  1.3491e-02 -8.1305e-02 -1.6158e-02  2.9626e-02 -2.5145e-02  9.3401e-03  3.8744e-02  1.0925e-02 -2.2236e-02  7.0117e-02 -4.6238e-02 -1.6254e-02 -1.5284e-02 -1.1595e-02 -1.6318e-02  2.3267e-01  4.2414e-02  2.1393e-02  3.9405e-04  5.1903e-02  1.3924e-01  5.1478e-02  1.6136e-01 -4.9363e-01 -2.5251e-01 -1.4485e-02 -5.9652e-01 -3.3400e-01  1.0230e-01  2.9080e-03 -1.8921e-02  1.4880e-03 -1.8379e-02 -2.0734e-02 -3.1014e-02 -1.8792e-02 -5.3626e-02 -3.6760e-02
  2.7034e+02 -1.4071e-01 -8.4262e-02  4.1114e-02 -1.4933e-01 -1.8044e-01  2.5081e-02 -2.2063e-01 -4.8099e-02  8.1667e-02 -1.2751e-01 -7.4306e-02  3.7908e-02 -6.9345e-03  4.1177e-04  7.9858e-03 -1.0337e-02  1.3556e-01  1.3486e-02  1.0925e-01 -5.3605e-02 -2.0952e-02 -8.0233e-03 -1.1191e-02  6.2346e-03 -1.2621e-03 -8.7587e-03  8.2236e-04  9.2834e-03  7.0091e-04 -2.4641e-03 -4.5969e-03 -1.7562e-03  2.4135e-03  1.4778e-02  9.0050e-02 -2.4911e-02  4.5053e-01 -2.1277e-01 -2.8193e-01  7.8395e-02  1.0501e-01 -2.6994e-01  4.8508e-03 -1.8397e-03  3.6839e-03  2.2219e-02  2.9112e-03  2.0052e-02 -2.5172e-02  1.5658e-02  2.4386e-04  9.1310e-02 -1.5507e-02  9.8583e-04  7.7777e-02  4.8706e-01  1.1070e-01  1.9655e-01  8.6575e-02  1.6130e-01 -2.4355e-02 -6.1452e-03 -1.7092e-02  1.2242e-01  4.9934e-02 -5.5634e-03  1.2015e-01  4.5712e-02  1.1813e-02  8.7693e-04  1.3992e-03  5.2956e-04 -1.2742e-02  6.4158e-03 -1.2024e-02 -9.1561e-03 -1.5396e-02 -4.6658e-03
  2.9471e+02 -6.8833e-02 -4.1487e-02  1.8901e-03 -7.1504e-02 -1.0871e-01  5.3396e-02 -1.4695e-01 -3.4129e-02 -4.2839e-02 -2.2594e-02  1.7067e-02 -1.0528e-02  1.5898e-03 -4.5739e-03 -2.6808e-03 -7.5417e-04  7.0730e-02 -1.1410e-03  6.3919e-02 -3.4176e-02 -1.8936e-02  7.8802e-03  3.3075e-03 -3.4980e-03  2.3223e-02  1.8585e-02  1.0728e-03 -1.2193e-02 -1.2533e-03 -4.8988e-03  8.8734e-04  1.2796e-02 -8.8666e-03  1.6388e-02 -6.7032e-04 -5.4528e-02 -7.8654e-02  2.9155e-01  9.0814e-03 -7.6011e-02 -2.0456e-02  2.7815e-01 -3.9877e-05  1.4295e-02  1.8248e-02 -2.5521e-02 -5.9567e-03 -7.3420e-02  6.5132e-02 -6.2873e-02  4.6599e-02  3.6850e-02  2.5570e-02  3.6509e-02  1.8867e-01 -1.3435e-01 -2.6417e-02 -9.1687e-02 -1.0449e-01 -1.5483e-01  1.1133e-02  3.2514e-03  1.3027e-02 -6.7806e-02 -3.3125e-02 -6.2647e-03 -3.9914e-02 -2.4927e-02  1.0070e-02 -2.1470e-02 -3.8351e-02 -7.2351e-02  1.4326e-01  2.0292e-01  4.7372e-01  1.4785e-01  2.1958e-01  5.1813e-01
  2.9709e+02  7.3373e-02  5.2625e-02 -2.7639e-02  7.6021e-02  1.1492e-01 -6.7621e-02  1.4655e-01  4.0379e-02  3.3006e-03  2.5773e-02  3.1196e-02 -1.4550e-02  4.6162e-06 -2.6014e-03 -6.0977e-04  2.6944e-03 -7.6305e-02 -7.4569e-03 -6.1110e-02  3.1752e-02  2.5366e-02 -9.7190e-03 -1.1603e-02  1.7438e-03 -2.3023e-02 -1.8432e-02  7.9411e-03  7.0160e-03  5.8227e-03 -1.1310e-02 -1.4961e-02  3.5634e-03 -4.1119e-03 -3.4049e-02 -3.9295e-03  8.0662e-02  1.9231e-01 -3.9410e-01 -6.0976e-02  1.5392e-01 -7.8006e-04 -3.6933e-01  2.2853e-03  2.0426e-02  1.0739e-02 -2.1422e-02  5.8758e-03 -5.0812e-02  5.7701e-02 -2.8291e-02  2.5688e-02 -3.6981e-02 -2.5621e-02 -3.5365e-02 -1.7883e-01  1.2093e-01  2.2802e-02  8.7480e-02  1.1505e-01  1.4478e-01 -7.4891e-03  1.5657e-03  1.5695e-03  5.0322e-02  1.1885e-02 -1.7977e-02  7.5223e-02  1.1224e-02  3.2921e-02 -1.8049e-02 -3.6635e-02 -6.2688e-02  1.2963e-01  1.7003e-01  4.1437e-01  1.2526e-01  1.8211e-01  4.2825e-01
  3.1213e+02  5.0215e-03 -2.9789e-02  3.8776e-02  8.0409e-03 -1.9357e-02  9.5441e-02 -3.5687e-03 -1.0101e-02  8.8318e-02  3.7823e-02 -7.0971e-02  2.7715e-02 -5.5826e-04 -2.8097e-03 -9.6949e-03 -3.5369e-04  5.9163e-03 -1.7804e-02  1.9065e-02 -1.7774e-02 -2.5590e-02 -5.4586e-04  1.6147e-03 -1.1204e-02  1.8929e-03 -2.8971e-03 -2.3944e-02 -4.5681e-03 -2.9977e-03 -8.9962e-03 -2.9108e-03  4.6857e-03 -1.0350e-02 -1.7757e-03  4.1096e-02  3.1310e-02  1.9847e-01 -3.1363e-01 -9.3788e-02  1.1501e-01  6.1162e-02 -3.6235e-01 -1.7379e-02  1.2764e-02 -2.3411e-02 -7.4426e-04  2.6323e-02  4.2856e-02  2.0202e-04  8.7057e-02 -6.7590e-02 -3.1109e-03  5.0252e-02  5.7112e-02  2.5549e-01 -5.3224e-01 -1.1614e-01 -2.9064e-01 -2.5145e-01 -3.6873e-01 -1.3914e-03  3.3787e-03  3.2717e-03 -1.2380e-02 -1.1871e-02 -2.0869e-02  2.9546e-02 -3.2101e-03  2.2480e-02  1.5032e-03 -6.0151e-03  1.3586e-03 -6.4787e-03 -2.1069e-02 -2.9283e-02 -9.1437e-03 -2.2277e-02 -3.6719e-02
  3.3213e+02  5.6148e-02  4.1272e-02 -1.7806e-02  5.6132e-02 -2.4983e-02  1.5932e-01 -6.6584e-02  2.6471e-02 -1.6000e-01  1.7945e-01  1.2337e-01 -5.2221e-02  6.4986e-03  4.8252e-03  3.6143e-04  8.3300e-03 -3.0768e-02 -1.6097e-02 -1.7949e-02  2.6479e-02  2.7244e-02 -2.0198e-04 -3.8920e-03  2.0212e-03  1.3167e-02  4.3680e-03 -1.8369e-03  3.4990e-03  1.0961e-03 -3.5241e-03 -1.2275e-02  1.1646e-03  1.7566e-03 -5.9372e-02 -4.0582e-02  1.1142e-03  4.9421e-01  1.0589e-01 -3.0963e-01  2.2832e-02 -1.1807e-01  2.8525e-01 -7.6763e-03 -5.4934e-03 -7.1638e-04 -3.3500e-02 -1.5307e-02 -4.1875e-02 -8.7443e-03 -5.3273e-02  2.5478e-02 -5.2078e-02 -2.7989e-02  3.5518e-02  3.7808e-01  3.8002e-01  4.3307e-02 -2.1533e-01 -1.6539e-02 -2.6186e-01 -9.4299e-03  1.8917e-03 -1.6577e-03  5.0112e-02  1.0777e-02 -2.5105e-02  6.8439e-02  6.4272e-03  3.1328e-02  1.1306e-03  4.8586e-03  8.1061e-03  4.5483e-03 -2.2041e-02 -2.2108e-02 -5.0299e-03 -2.5643e-03 -5.3025e-02
  3.5408e+02  6.2868e-02 -4.4611e-02  9.7202e-02  6.3436e-02 -2.4536e-02  1.7953e-01  5.7628e-02 -1.9284e-02  1.5596e-01  1.1936e-01 -1.1705e-01  8.0056e-02 -6.1446e-03  3.2793e-03 -1.1274e-02 -4.7983e-03 -2.6935e-02 -5.4423e-02 -2.4867e-03 -1.8615e-02 -5.6164e-02 -2.5371e-02  3.4677e-02 -8.8142e-03 -2.4806e-02  1.5172e-02 -5.5979e-02  2.1937e-02  4.7289e-03  5.8260e-02  6.4544e-02 -1.0450e-01  3.8853e-02  4.2085e-02  2.4459e-02 -1.3686e-02 -3.1037e-01 -1.4288e-02  1.8618e-01 -4.4074e-02  7.4528e-02 -1.2034e-01 -2.5774e-02  2.5797e-02 -4.2855e-02 -6.9677e-03  3.5836e-02  1.2813e-02 -2.2357e-02  9.7789e-02 -8.3263e-02 -4.8085e-02 -3.7815e-02  1.1941e-02  2.2786e-01  4.0406e-01  5.5852e-02 -1.0689e-01  6.1787e-02 -1.2419e-01  8.9433e-03 -4.8218e-02 -4.1811e-02  1.6970e-01  1.9793e-01  3.5096e-01 -2.9638e-01  1.3894e-01 -3.2402e-01 -2.6987e-03 -1.9205e-02 -1.4234e-02  2.3664e-02  2.3188e-02  7.8270e-02  2.0572e-02  1.5805e-02  7.3661e-02
  3.8018e+02 -4.5741e-03 -8.1628e-03 -3.5405e-02 -4.0058e-03 -1.4461e-02 -7.3993e-02 -1.9755e-02 -2.0340e-02 -7.5992e-02 -2.1462e-02  2.6713e-02 -2.9680e-02  9.8965e-03 -1.7387e-02 -3.4333e-03  1.0034e-02 -1.8097e-02 -2.9902e-03  5.3235e-03 -1.6532e-02 -4.7956e-03 -7.4446e-03  1.5915e-02  8.6199e-03 -1.0105e-02  4.2316e-02  6.8994e-02 -1.5118e-02  2.8672e-02 -6.0630e-03  9.3153e-03 -5.8093e-02 -2.0547e-02 -3.5557e-02 -1.2950e-02 -1.8887e-03  3.3972e-01  1.3166e-02 -2.1425e-01  1.2135e-02 -5.0513e-02  1.1548e-01  4.8732e-03 -4.7505e-03  8.5301e-03 -2.1576e-04 -8.2387e-03 -1.0876e-02  9.3564e-03 -2.8088e-02  2.0399e-02  2.1906e-02  2.4620e-02 -1.7649e-02 -1.9181e-01 -3.2441e-01 -5.2548e-02  7.7017e-02 -7.6834e-03  9.0634e-02  3.4211e-02 -6.5111e-02 -1.5547e-02  1.9136e-01  2.2742e-01  4.7242e-01 -3.8491e-01  1.5312e-01 -3.7568e-01  3.9163e-04  3.6200e-03  2.3039e-03 -4.6244e-03 -2.5906e-03 -1.3013e-02 -2.6785e-03 -9.6745e-04 -8.2600e-03
  4.1383e+02  8.6374e-02 -7.1323e-02  1.3641e-01  8.8664e-02 -3.9129e-02  1.2068e-01  4.8875e-02 -6.2938e-02  1.2938e-01  1.2402e-01 -1.3248e-01  1.2565e-01  4.7424e-03 -5.4263e-03  6.2846e-03  8.7049e-03 -4.9973e-02 -5.5596e-02  1.5389e-02 -4.3000e-02 -6.1518e-02 -2.9637e-02  5.2365e-02  1.5431e-02 -2.6861e-02 -5.1298e-03 -9.9983e-02  1.6667e-02  1.3934e-02  8.4883e-02  3.0000e-02  1.0216e-02  8.4211e-02 -2.8283e-02 -7.1251e-04 -4.2188e-02  3.7943e-01  2.1086e-01 -2.6641e-01 -2.1874e-02 -6.1064e-02  3.0653e-01 -2.2042e-02  1.4990e-02 -4.1072e-02  1.0941e-03  2.7458e-02  2.4796e-02 -2.3626e-02  9.8903e-02 -8.6854e-02 -5.4216e-03  1.3851e-02 -4.8379e-02 -4.0280e-01 -3.0717e-01 -4.2273e-02  1.6866e-01  6.6874e-02  2.4685e-01 -2.2999e-02  2.5634e-02 -1.3738e-02 -5.0250e-02 -7.5338e-02 -1.9924e-01  1.4379e-01 -5.6375e-02  1.2736e-01 -1.3842e-03 -1.0914e-02 -9.6615e-03  9.4621e-03  1.9337e-02  4.4956e-02  1.0269e-02  6.1338e-03  4.7876e-02
  4.9705e+02 -8.9477e-03  2.5013e-02 -2.2550e-02 -8.6337e-03  5.3518e-02 -6.6260e-02  4.8272e-02  2.5216e-02  2.2348e-02 -5.1718e-02 -8.1032e-02 -1.7931e-02 -6.0395e-03  1.5685e-02 -4.7013e-03 -7.7069e-03  6.8360e-03  2.7042e-02 -2.2593e-02  3.3449e-02  1.7116e-02  9.9176e-03 -2.4330e-03  9.5524e-05  2.9741e-03  5.5976e-04  1.7073e-02 -2.6828e-04 -5.3319e-03 -1.1961e-03 -4.8114e-03 -6.7710e-03  8.3530e-04 -6.5199e-03 -7.2042e-03 -5.7362e-03  3.5855e-02  4.4137e-02 -2.8168e-02 -1.3103e-02 -1.6705e-02  6.8447e-02  1.2629e-02 -6.5269e-02  3.3127e-03  1.1457e-01  6.2229e-02  6.4586e-01 -1.9236e-01  6.0515e-01 -3.2060e-01  2.1526e-04 -3.8654e-03  4.4615e-03  3.0325e-02  4.0016e-02  7.8593e-03 -8.2756e-03  1.3707e-03 -1.2480e-02  5.0131e-04  8.3427e-05  9.5213e-04  1.3913e-03  7.3984e-04  1.8051e-03  1.2696e-03  9.4852e-04  6.7176e-04  2.2969e-04 -2.8836e-03 -2.6908e-02  6.3604e-03  7.5326e-02  8.5109e-02 -5.6220e-03 -1.8035e-02  6.4117e-02
  5.3913e+02 -6.1008e-04 -1.2735e-01 -2.7121e-01 -4.9926e-03 -1.3688e-01 -3.0280e-01  4.9455e-03 -1.2804e-01 -2.7902e-01 -8.3946e-02 -1.2425e-02 -2.4235e-01  2.8893e-02 -8.7230e-02 -1.2273e-01  3.2143e-02 -1.6201e-01 -1.5885e-01 -5.5000e-02 -1.2099e-01 -2.5140e-01 -3.4411e-02  1.3305e-01  3.0431e-02 -7.8041e-02  1.0642e-01  2.1830e-02  8.5231e-02  4.9584e-03  3.3257e-01  1.9863e-01 -2.1072e-01  2.8415e-01  2.8495e-03  3.7617e-03  1.9885e-02 -4.0238e-02 -1.1111e-01  3.9408e-02  1.7561e-02  2.1884e-02 -1.2758e-01  1.4307e-02 -1.0750e-02  2.7803e-02  8.4803e-03 -1.0066e-02  2.2717e-02  1.6002e-02 -2.9222e-02  3.7019e-02  3.1971e-03  4.1778e-03  2.1229e-02  1.3595e-01  1.1972e-02 -3.0921e-03 -7.5797e-02 -4.4221e-02 -1.0716e-01 -4.2161e-02  2.6870e-02 -4.1185e-02 -7.9542e-03 -4.6381e-02 -2.0960e-01  1.6435e-01 -1.8561e-02  9.3205e-02  1.1386e-04  4.8242e-03  2.4194e-03 -2.1836e-03 -5.0746e-03 -1.3978e-02 -3.6031e-03 -2.9368e-04 -1.6477e-02
  5.7415e+02  2.1363e-02  1.1629e-02 -2.0661e-02  1.8182e-02 -7.8422e-02  2.3468e-01 -1.4896e-01 -1.0723e-02 -2.1564e-01  2.5306e-01  1.4760e-01 -8.6900e-02 -5.6488e-02 -3.1023e-02  6.6723e-04 -5.1380e-02  3.1564e-01 -4.5348e-01  4.2798e-01 -5.2301e-02  3.0204e-01 -2.2862e-01 -1.4076e-01  6.5669e-02  7.7868e-02  6.1463e-02 -1.1615e-02  7.7733e-02  3.7176e-02 -3.0000e-03  1.8203e-01  7.6145e-02 -3.8877e-02  9.9098e-03  4.0661e-03  9.8401e-03 -9.3117e-02 -3.1120e-02  6.6450e-02  2.2382e-02  1.1114e-02 -6.5133e-02 -4.4121e-04 -1.1883e-02  2.1022e-04  1.4498e-02  3.0977e-03  6.8564e-02 -5.6821e-02  6.0119e-02 -2.7856e-02  4.5072e-03  4.6697e-03 -1.3130e-02 -7.9137e-02 -8.8860e-02 -1.6949e-02  4.0761e-02  3.2568e-02  4.4499e-02 -7.3570e-03 -1.5184e-03 -1.1110e-03 -1.2509e-02 -8.0767e-03 -1.2476e-02  6.7337e-03 -1.6860e-03  4.9859e-03  4.8919e-04  1.2643e-03 -1.0895e-05 -4.2610e-03  3.2580e-03 -3.7142e-03 -3.8510e-03 -6.0588e-03 -4.3285e-03
  6.4306e+02  1.4489e-03 -5.9180e-03 -2.7219e-03  9.3915e-03  3.2252e-01 -4.4030e-01  4.4408e-01 -3.7564e-02  2.8486e-01 -4.3249e-01 -2.4738e-01  1.2143e-01  5.7807e-03 -1.0624e-02  8.5664e-03  6.7182e-03  1.0047e-01 -1.1251e-01  1.4677e-01 -2.8523e-02  7.3417e-02 -6.0829e-02 -3.4560e-02  2.2831e-02  2.3175e-02  1.2477e-02 -1.7619e-02  9.2775e-03  1.7743e-02 -1.6263e-03  3.5675e-02  3.7527e-02 -1.0073e-02 -1.5637e-02 -3.6680e-03 -1.6179e-02  9.3108e-02  6.3748e-02 -7.3307e-02 -2.2412e-02 -2.1857e-02  1.0899e-01 -3.9752e-04  1.1753e-02  8.0065e-04  1.0700e-01  5.2266e-03 -9.2290e-02  5.7335e-02 -6.1653e-02  2.9280e-02 -3.0226e-03 -7.6446e-03  2.2977e-02  1.2231e-01  7.4841e-02  1.4953e-02 -7.2697e-02 -4.2565e-02 -9.1227e-02 -1.0087e-03 -1.4224e-03 -2.1440e-04  1.8585e-03  1.5990e-03  3.4612e-03 -2.5355e-03  9.9118e-04 -2.8336e-03 -4.9261e-03 -6.7441e-04  3.3193e-03  9.3829e-03 -3.0926e-02 -1.6301e-02  1.3437e-02  3.0422e-02  1.9906e-03
  6.5902e+02 -8.7876e-04 -3.5451e-02 -9.8784e-02 -4.1650e-03 -1.4783e-01 -1.7134e-01 -7.0657e-02 -9.3078e-02 -2.9974e-01 -8.7518e-02  2.6681e-01 -5.2642e-02  1.4464e-01 -1.3290e-01  2.1425e-01  1.4543e-01 -8.5524e-02  2.1511e-01  1.3503e-01 -1.1292e-01  2.5322e-01  5.5029e-03  4.3014e-02  1.5693e-01  1.3375e-02 -1.2284e-01 -2.2879e-01 -1.3720e-01  2.2646e-01  9.1771e-03 -2.2492e-01  3.8827e-01  5.7244e-02  9.7497e-03  7.2442e-03  1.2845e-02 -8.2204e-02 -4.5310e-02  6.1764e-02  1.5427e-02  1.9390e-02 -8.0772e-02  1.2801e-02 -1.6553e-02  3.3072e-03 -2.0468e-01 -1.2918e-02  1.4141e-01 -1.7334e-02  6.4112e-02 -3.2940e-02 -3.8685e-03  4.2685e-04  9.8855e-03  5.0281e-02  4.3668e-02  8.1827e-03 -2.9752e-02 -1.6798e-02 -3.3294e-02  1.3102e-02 -1.8856e-02 -1.8909e-03  3.1358e-02  3.7756e-02  9.8703e-02 -8.8522e-02  1.6255e-02 -7.3010e-02  1.0506e-02  2.7171e-03 -2.3599e-03 -2.2230e-02  5.2971e-02  1.7652e-02 -2.7012e-02 -5.9483e-02 -1.6989e-02
  6.8329e+02 -2.4525e-03 -1.9494e-03  8.7611e-03 -1.4337e-03  5.2972e-02 -4.9646e-02  5.8313e-02 -5.3903e-03  4.9938e-02 -4.8168e-02 -2.5670e-02  2.4488e-02 -7.7064e-03  5.1363e-03 -1.1584e-02 -8.3750e-03  1.7892e-02 -2.2949e-02  1.7840e-02 -4.1426e-03 -1.2111e-02 -8.9500e-03 -6.5109e-03 -7.7861e-03  1.0046e-03  9.8344e-03  1.0047e-02  9.4543e-03 -1.2079e-02 -1.0375e-03  2.2083e-02 -1.8774e-02 -6.2201e-03 -1.6111e-03 -3.7461e-04 -2.3906e-03  1.0991e-02  6.8260e-03 -8.8401e-03 -5.2072e-03 -1.7332e-03  1.3696e-02  2.8357e-02  9.2225e-03 -4.9445e-03 -9.1327e-01 -6.0442e-02  1.6879e-01  6.5125e-02 -3.9583e-02  1.5493e-02  4.9532e-04 -5.6447e-04  1.4632e-03  3.8633e-03  6.4133e-03  1.9503e-03 -3.9320e-03 -8.1776e-03 -3.6878e-03 -8.0867e-04  9.3401e-04  1.7206e-04 -2.6729e-03 -2.3610e-03 -5.1815e-03  3.7468e-03 -1.0063e-03  3.5225e-03  3.8889e-02  1.9737e-03 -9.5872e-03 -7.8784e-02  1.9709e-01  8.0511e-02 -9.0405e-02 -2.1245e-01 -4.1222e-02
  8.9590e+02 -1.7955e-02  5.1689e-02  4.3438e-02 -1.0657e-02 -4.0131e-02 -1.2965e-01 -4.8259e-02 -2.5808e-02 -1.4707e-01 -1.9399e-01  3.5261e-01  1.1943e-01  1.7009e-01 -1.5217e-01  2.3517e-01  1.7002e-01 -7.0853e-02  3.4752e-01  1.4632e-01 -8.8703e-02  3.6079e-01 -8.9865e-02  6.1191e-02 -1.7033e-01 -1.4204e-01  1.9457e-01 -5.5974e-02  7.9286e-02 -1.5897e-01 -6.3148e-02  2.3764e-01 -3.5658e-01 -1.3921e-01  3.4095e-04 -5.4947e-04  4.4552e-03 -2.4769e-03 -1.9887e-02  5.0264e-03 -1.2921e-03  3.4780e-03 -1.7328e-02  2.1400e-04 -9.1129e-03 -4.5417e-03  3.2929e-02  3.9739e-03  4.0591e-02 -1.8997e-02  4.4136e-02 -2.8254e-02  1.9265e-03  9.8328e-04  3.3783e-03  1.8275e-02 -7.2893e-03 -1.6034e-03 -7.6741e-03 -4.6160e-04 -1.3979e-02 -4.9765e-03  1.0567e-02  4.8637e-03 -2.0144e-02 -2.0597e-02 -4.4623e-02  3.5296e-02 -1.7142e-02  4.1195e-02 -5.6740e-04  4.5194e-04 -7.1012e-04 -4.5231e-05  1.4039e-03  2.8042e-04  1.8630e-03  4.9700e-03  3.7358e-03
  9.6188e+02 -2.5642e-03 -2.6888e-03 -5.7829e-04 -3.3700e-03  3.6693e-01  1.4220e-01  2.6808e-01 -1.9181e-01 -2.1496e-01  1.5654e-01  9.5229e-02 -4.5763e-02 -1.2054e-01 -7.9134e-02  3.4857e-02 -1.2958e-01  5.0899e-01 -1.2310e-01  4.6143e-01 -2.7613e-01  4.2128e-02  1.3662e-01  8.7544e-02 -4.1515e-02 -3.2681e-02 -1.9917e-02  9.3152e-03 -2.8183e-02 -1.7388e-02  9.4591e-03  1.0736e-01  7.2309e-02 -3.4919e-02 -1.9619e-03  4.3618e-03  2.8381e-03  8.5364e-03 -2.1385e-02 -3.6044e-03  2.3019e-03  2.1692e-03 -6.6016e-03 -1.2193e-03 -2.2201e-03  5.4494e-04  9.6344e-03 -4.2395e-04  3.9765e-03 -1.1179e-02  9.5860e-03 -4.5462e-03  2.0919e-03 -4.3753e-03 -3.1176e-03 -1.5827e-02  1.7708e-02  4.7058e-03  6.5515e-03  4.0943e-03  6.3769e-03 -2.6453e-03 -1.9411e-03  7.1511e-04  7.9078e-03  3.8525e-03  4.0481e-03  3.5532e-03  3.0014e-03 -6.7384e-04 -1.2974e-04  1.5302e-05  6.1708e-04 -7.7934e-04 -8.6564e-04 -9.6223e-04  3.7902e-04  2.0499e-03 -4.3251e-03
  9.8570e+02  4.0862e-03  2.5935e-03 -2.0855e-03  2.9278e-03 -5.5526e-02 -1.6849e-02 -4.1657e-02  3.4665e-02  3.6945e-02 -1.6208e-02 -1.5440e-02  3.4283e-03  1.9334e-02  1.4358e-02 -9.1979e-03  1.9397e-02 -5.9371e-02  3.5646e-02 -6.2441e-02  3.3313e-02 -2.8241e-02  2.0003e-03  1.7161e-03  2.0628e-03 -8.0080e-03 -8.1028e-03  4.2803e-03 -4.3981e-02 -2.6763e-02  1.3642e-02  7.9298e-01  5.2699e-01 -2.6152e-01 -1.2456e-04 -8.2497e-04  2.9196e-04  8.0334e-03 -8.7661e-04 -4.4028e-03 -1.4551e-03  3.4021e-04 -6.9516e-04 -2.3845e-05  3.2111e-04  7.3145e-05  1.3091e-03  1.2787e-04 -8.1951e-04  1.9493e-03 -7.2511e-04  3.1513e-04 -8.3890e-04  9.5880e-05 -1.8055e-04  2.9667e-03  8.8562e-03  1.0066e-03  1.0281e-04 -1.0406e-03  9.7892e-04 -1.3720e-02 -1.0450e-02  3.1498e-03  2.9161e-02  1.5609e-02  1.7191e-02  1.1223e-02  1.2863e-02 -6.6533e-03 -1.6007e-04 -9.1210e-05 -1.0441e-04  1.5338e-03 -8.8137e-04  1.3322e-03  4.3687e-04  7.7679e-04  5.6979e-04
  1.0891e+03 -9.4754e-02  2.0309e-01  1.3479e-01 -9.8529e-02  1.0426e-01  1.7533e-02 -8.5484e-02  1.4577e-01 -3.5506e-03 -1.7730e-01  3.3485e-01  1.7215e-01  9.9671e-02 -2.3346e-01 -1.7491e-01  1.1596e-01 -3.1484e-01 -4.5448e-01  8.7890e-02 -3.4336e-01 -3.9883e-01  8.4757e-03 -5.5076e-04  1.5343e-03  2.2835e-02 -3.2899e-02  1.0446e-02 -1.2853e-02  3.9133e-02  4.2888e-02  4.7786e-04  1.2900e-02  4.2248e-02  4.6144e-05 -2.1725e-03  2.1271e-03 -4.7197e-03 -1.8065e-03  4.2964e-03 -1.2045e-03 -2.8691e-04 -1.8351e-03 -2.9519e-04 -5.7065e-03 -4.0940e-03  1.6400e-02  3.1386e-03  2.3522e-02 -1.3448e-02  3.2955e-02 -2.1659e-02  2.5453e-03 -2.1426e-04  1.0448e-03  3.9650e-03  3.5676e-03  1.2576e-03  1.1859e-03  1.0478e-03 -5.6004e-04 -6.4977e-04 -3.4472e-04 -3.4828e-05  4.7414e-03 -2.9951e-05 -5.3495e-03  3.4649e-04  6.3644e-03 -5.1934e-03 -3.5077e-04  8.5283e-04 -4.3096e-04  2.4283e-04  1.9055e-04 -6.3423e-04 -6.5165e-04  1.1888e-03 -1.8535e-03
  1.1518e+03  4.3727e-02  1.6730e-02 -7.8257e-03  3.8819e-02 -3.8128e-01 -1.6602e-01 -2.6621e-01  1.9879e-01  1.7027e-01 -2.2351e-01 -9.3378e-02  7.2164e-02 -6.9016e-02 -2.9032e-02  2.3004e-02 -4.6594e-02 -1.3937e-01 -5.5289e-01  7.3702e-02  1.5388e-01  4.9565e-01  8.0807e-02  5.1934e-02 -2.1277e-02 -1.3742e-02 -8.0360e-03  3.8546e-03 -7.6708e-03 -8.6963e-03  2.2876e-04 -2.4610e-02 -3.0852e-03  6.1512e-03  1.3891e-03 -2.9249e-03 -4.2587e-04  4.5337e-03  1.4168e-02 -2.8022e-03 -2.6730e-03  2.2891e-03 -4.9507e-03  1.6910e-03  1.8882e-03 -1.3124e-03 -9.5375e-03  1.4102e-03  1.9222e-03  1.0346e-02 -1.1677e-02  5.6014e-03 -2.3742e-03  2.6232e-03  1.6173e-03  1.9252e-02  3.8829e-04 -1.8604e-03 -1.4873e-03 -4.4104e-03 -3.8088e-04 -2.5433e-05 -2.6658e-04 -1.9421e-05  2.0666e-03  1.1457e-03  1.7799e-03  2.1449e-04  1.9467e-04 -7.3089e-05  5.2720e-04  1.9351e-04  1.6595e-05 -6.6455e-04  1.2890e-03 -6.9206e-04 -9.2307e-04 -3.9577e-03  1.4523e-03
  1.1867e+03  4.2498e-02 -4.5800e-02  4.9518e-02  4.1927e-02 -8.9552e-02 -3.7444e-01 -4.3445e-02 -2.0029e-01 -3.9914e-01 -2.3338e-01  4.6761e-01  1.7577e-01 -4.4072e-02  9.3327e-02  3.8536e-02 -3.2406e-02 -8.2538e-02 -3.0334e-01 -4.1244e-02 -1.2298e-01 -4.1375e-01 -3.8476e-03  2.3230e-02  6.5959e-02 -3.3119e-03  5.6107e-03 -3.7929e-03  2.2535e-02 -5.3378e-02 -4.0464e-02 -7.1330e-02  1.2135e-01  2.1568e-03  3.1166e-03  3.1835e-03  4.9852e-03 -1.6896e-02 -1.5797e-02  1.5507e-02  1.6739e-03  1.0831e-02 -3.7855e-02  1.0504e-03 -8.4699e-03 -3.0975e-03  2.3872e-02  2.9683e-03  3.5369e-02 -1.4176e-02  3.1666e-02 -1.9645e-02 -1.6482e-03 -4.0871e-04  5.8412e-03  2.1080e-02  1.1824e-02  3.9782e-03 -2.3038e-02 -6.3321e-03 -2.9641e-02  2.0421e-03 -3.1183e-03  1.5410e-04  3.4884e-03  2.7809e-03  1.0575e-02 -1.0682e-02  6.4034e-03 -1.3635e-02 -1.4324e-04 -1.9341e-04 -5.1432e-04 -2.6302e-03  6.0316e-03  1.3505e-03  2.0698e-03  5.6230e-03 -6.0170e-05
  1.2765e+03 -4.9268e-02  3.6369e-02 -7.3959e-02 -6.4127e-02  5.8306e-02  3.3037e-01  1.0677e-01  1.5235e-01  2.9805e-01  1.9740e-01 -3.6524e-01 -1.7156e-01  2.9262e-02 -3.1049e-02  3.0649e-02  4.7379e-02 -1.0733e-01 -2.5731e-01 -1.5741e-02 -1.3131e-01 -1.9093e-01 -2.1656e-03  1.1082e-01  2.2318e-01 -4.7582e-02  5.3645e-02 -4.4320e-02  6.7077e-02 -1.4457e-01 -8.6417e-02 -2.8726e-01  4.6243e-01  7.6472e-02 -1.0475e-03 -1.1720e-03 -3.9524e-03  9.4671e-03  1.0781e-02 -1.0310e-02 -8.5506e-03 -1.0512e-03  1.9956e-02  1.8902e-04  4.4506e-03  3.4267e-03 -1.5720e-02 -3.0858e-03 -1.8698e-02  7.6086e-03 -1.6602e-02  1.1632e-02 -2.8989e-06 -8.1347e-04 -4.0087e-03 -1.6119e-02 -5.0651e-03 -2.7540e-03  1.0635e-02  1.2850e-02  1.3292e-02  7.4543e-03 -7.8963e-03 -2.4394e-04  2.3388e-04  1.7949e-02  6.1747e-02 -2.6456e-02 -3.5750e-03 -1.1414e-02  5.9191e-05  4.8070e-04  2.4338e-04  4.7723e-03 -7.0038e-03  5.4160e-04 -3.3391e-03 -7.9310e-03  3.0701e-03
  1.3667e+03 -8.1905e-02 -5.6188e-02  2.5420e-02 -8.5855e-02  3.9237e-01  1.3161e-01  2.5056e-01 -2.7670e-01 -2.0132e-01  1.7607e-01  1.2702e-01 -4.5293e-02  6.0724e-02  4.2443e-02 -1.5334e-02  9.2358e-02 -3.6524e-01 -3.8591e-01 -1.4548e-01  3.2501e-01  3.9534e-01  1.7906e-02  9.3415e-03 -8.7208e-03 -2.3501e-03 -1.6316e-03  1.1828e-03 -3.0620e-03  5.1282e-05  1.4786e-03  1.8517e-02  5.3688e-03 -6.4365e-03 -1.0450e-03  3.4149e-03  8.4107e-04 -1.2577e-03 -2.0199e-02  1.9712e-03  4.7120e-03 -2.3935e-03  2.9159e-03 -7.6430e-04 -1.6339e-03  5.0937e-04  2.5322e-03 -1.3348e-03 -8.9686e-04 -7.1688e-03  9.0830e-03 -4.8429e-03  2.3778e-03 -2.6982e-03 -9.5442e-04 -1.8542e-02  7.7822e-03  3.5904e-03 -1.9785e-03  4.5489e-03 -4.5954e-03 -4.3538e-04 -1.8452e-04  5.0496e-05  1.0484e-03  4.6810e-04  3.4847e-04  1.6835e-03  5.7636e-04  3.0170e-04 -1.4588e-04 -6.1863e-04 -2.0295e-04 -1.8478e-03  3.1853e-03  1.9811e-03  2.5288e-03  6.9278e-03 -1.6578e-03
  1.4050e+03 -1.8487e-02  9.9268e-03 -4.2257e-02 -2.5617e-02 -4.6011e-02  1.6834e-01  1.1067e-01  4.5840e-02  1.3529e-01  6.5632e-02 -1.2933e-01 -7.1713e-02  2.1500e-02  2.4680e-02  1.3155e-01  3.9581e-02  1.7024e-02 -4.4590e-01 -1.9094e-01 -1.4878e-01 -3.7759e-01 -9.7091e-03  1.8528e-02 -6.9612e-04  2.3713e-02 -3.3404e-02  9.6358e-03 -3.2236e-02  3.7949e-02 -2.1137e-02  3.2822e-01 -5.8264e-01 -1.7432e-01 -1.1266e-03  7.9852e-04 -2.8033e-03  4.1332e-03 -4.4313e-03 -4.9241e-03  3.2971e-03 -5.3915e-03  2.1003e-02  5.3722e-04  1.5224e-04  1.7258e-03 -8.7763e-03 -3.4293e-03 -1.3235e-02 -1.0575e-03  9.4554e-03 -5.2892e-03 -1.3268e-03  5.8236e-04 -2.6955e-03  6.8791e-04 -6.5396e-03 -3.7096e-03  1.1054e-02  4.5566e-04  1.8321e-02 -4.2219e-03  8.6740e-03  1.7296e-03 -1.3863e-02 -1.4751e-02 -3.2659e-02  2.4800e-02 -1.6462e-02  3.1045e-02  1.5027e-04 -3.8771e-06 -1.7649e-05 -4.1727e-04  1.6571e-05 -5.1136e-04 -6.3696e-04 -1.4845e-03  2.2039e-04
  1.4740e+03  8.5327e-03 -3.4947e-03  2.3204e-02  7.4557e-03  4.0956e-02 -1.2914e-01 -8.5343e-02 -2.2332e-02 -1.0490e-01 -1.6243e-02  3.4967e-02  2.6958e-02 -3.0514e-02 -7.8030e-03 -1.2231e-01 -4.1416e-02 -1.3709e-01  3.4570e-01  2.6026e-01  7.8453e-02  2.6358e-01 -8.4555e-03  1.0486e-01  1.9276e-01  6.6565e-03 -2.0414e-02 -2.0878e-02 -1.3418e-02 -1.3888e-02 -7.0250e-02  3.5487e-01 -6.5517e-01 -2.1581e-01  1.4042e-03 -8.8212e-04  2.2751e-03 -5.4761e-03  9.3821e-03  4.5829e-03 -5.3546e-03  6.9173e-03 -2.1632e-02 -4.5908e-04  5.8768e-04 -8.1634e-04  6.3354e-03  3.3710e-03  9.5443e-03  2.8322e-03 -1.2733e-02  7.3327e-03  1.0730e-03 -1.0622e-03  2.3086e-03 -4.2343e-03  1.0749e-02  4.0640e-03 -1.1828e-02  1.8890e-03 -1.9236e-02 -3.1434e-03  7.9383e-03  4.1941e-03 -1.1427e-02 -1.7720e-02 -3.5020e-02  2.0547e-02 -7.5099e-03  2.1080e-02 -6.6975e-05 -5.3917e-04  1.2785e-04 -1.5827e-03  2.6790e-03  1.2281e-03  2.2808e-03  4.6711e-03 -1.6957e-03
  1.5101e+03  1.8545e-02 -2.2218e-02  9.1255e-03  2.6208e-02  5.5978e-02  2.4800e-02 -5.2617e-02  2.0323e-03  2.8373e-02 -1.1472e-01  1.8216e-01  6.3284e-02  3.7700e-02 -7.3011e-02 -3.9519e-02  5.2708e-03  6.7398e-01 -9.6773e-02 -6.2838e-01  2.4245e-01  1.0143e-01 -6.2406e-03  3.0208e-02  4.1974e-02  2.5608e-03 -5.7687e-03 -3.3160e-03  4.7668e-03 -1.2987e-02 -1.2207e-02  8.3849e-03 -2.4125e-02 -1.5584e-02 -1.6971e-04 -1.3485e-03  1.1526e-03  3.7082e-03  1.1425e-02 -1.5109e-03 -5.3264e-03  4.2352e-03 -1.2379e-02  1.2377e-04 -1.2704e-03 -1.3578e-03  3.1011e-04 -1.1077e-03  7.4646e-03 -2.9208e-03  7.1996e-03 -5.0045e-03  1.6451e-03 -1.2284e-04  4.5110e-04 -1.1300e-02  1.0999e-03  2.4949e-03 -5.4637e-03  3.2694e-03 -1.0794e-02  5.7752e-05 -7.5783e-05  5.0400e-04  8.0757e-04 -1.4352e-03 -2.2831e-03 -7.0738e-04  3.5808e-03 -3.8745e-03  2.0010e-04 -5.9527e-05 -1.5845e-04 -1.7768e-03  1.7696e-03 -1.3832e-03  4.9565e-04 -8.2551e-04  2.6796e-03
  1.5825e+03  3.3835e-02 -6.9122e-02 -5.8091e-02  3.5826e-02  4.0168e-01  4.0213e-01 -2.3313e-01  2.1261e-01  3.8909e-01 -3.4849e-01  4.7166e-01  9.8460e-02 -8.9565e-03  1.6378e-02  1.3750e-03 -4.6169e-03 -1.4155e-01  3.0725e-02  1.3296e-01 -4.4032e-02 -2.1691e-02 -1.1033e-02  1.1965e-02 -1.0016e-02  9.5479e-03 -1.1556e-02  7.6751e-03 -2.9090e-04  4.6652e-04 -6.0933e-04 -4.4044e-03  2.5011e-03  1.4395e-03 -1.5447e-04 -4.4595e-03 -6.8112e-04  1.0361e-02  3.0619e-02 -7.7321e-03 -9.8908e-03  1.4139e-03 -5.1605e-03  5.2698e-04 -3.8693e-03 -3.7658e-03  1.3835e-02  3.1091e-03  3.0435e-02 -7.6023e-03  8.5336e-03 -7.7809e-03  3.3034e-03 -1.6811e-03 -2.7865e-03 -2.8406e-02 -1.3504e-03  2.1109e-03  6.2686e-03  7.3490e-03  1.5691e-03  6.0951e-04  2.3049e-03 -8.4920e-03 -2.5102e-02  2.7025e-02  7.7516e-02  1.6261e-02 -6.2901e-02  5.8383e-02  3.1238e-04 -1.9163e-03  8.2229e-04 -1.5543e-02  1.6959e-02 -3.0666e-03  9.6810e-03  1.7989e-02 -1.2010e-02
  1.6443e+03  2.5526e-03  2.4992e-03 -4.0966e-04 -2.4716e-04 -5.1212e-02  1.0570e-01  6.8868e-02 -3.5566e-02 -3.7955e-02 -9.4630e-02  3.5147e-03  1.2844e-02  5.8637e-04  2.3759e-03 -4.1956e-03 -3.6894e-04 -7.2173e-04  5.0787e-03 -1.7115e-03  8.2987e-03  2.0647e-03  1.6650e-03 -2.2976e-03  2.1264e-03 -1.2175e-03  1.2460e-03 -8.5303e-04 -2.7880e-04  3.9946e-04 -1.0959e-04  2.9444e-03 -4.5071e-03 -1.7920e-03 -1.5968e-03  1.4219e-02 -1.0075e-02 -3.6206e-02 -1.6460e-01  1.6310e-02  6.7583e-02 -4.7912e-02  1.4197e-01 -1.3599e-02  1.8491e-02 -4.9571e-02  1.2258e-01  1.2303e-01  5.5339e-01  8.6225e-02 -4.4890e-01  2.2560e-01 -1.5549e-02  5.0245e-03 -7.5241e-03  1.6290e-01 -3.9684e-02 -3.8359e-02  7.6417e-02 -4.1301e-02  1.5006e-01 -6.5018e-05 -1.0419e-04  4.5490e-04  1.4059e-03 -1.3978e-03 -4.2046e-03 -8.5352e-04  3.5294e-03 -3.0751e-03 -6.4593e-03  3.4883e-02 -1.4848e-02  2.5346e-01 -2.4300e-01  4.0564e-02 -1.5541e-01 -2.7218e-01  1.7188e-01
  1.6491e+03 -1.0539e-03 -6.4446e-03 -3.5471e-03  6.6959e-03 -2.7267e-02 -7.8642e-03  2.9319e-04  4.1934e-02  7.4155e-02  1.5973e-02  7.6955e-02 -3.4633e-03 -3.7601e-03 -7.0894e-04 -1.8055e-03 -3.3173e-03 -2.5444e-03  7.7046e-03  8.1443e-03 -2.1717e-03  2.9071e-03  1.8570e-03 -3.5790e-04  2.9382e-03 -2.1496e-03  3.0920e-04 -7.0710e-04  1.4448e-04 -5.7523e-04 -1.5211e-03 -1.8225e-03  5.2511e-04  3.6623e-03 -5.4096e-03  4.8094e-02 -3.6265e-02 -1.2778e-01 -5.7404e-01  5.6091e-02  2.3849e-01 -1.7101e-01  5.0764e-01  1.1966e-03 -2.4761e-03  4.7512e-03 -1.0503e-02 -1.2625e-02 -5.3275e-02 -9.8353e-03  4.8189e-02 -2.4677e-02  2.5478e-02 -7.5978e-03  1.1075e-02 -2.6933e-01  5.9998e-02  6.2062e-02 -1.2141e-01  6.9590e-02 -2.4165e-01 -6.9624e-04 -6.2613e-03  2.4434e-02  6.8340e-02 -7.8992e-02 -2.1611e-01 -5.1326e-02  1.7788e-01 -1.6140e-01  8.9484e-04 -5.0129e-03  2.0621e-03 -3.6854e-02  3.5534e-02 -5.7836e-03  2.2728e-02  4.0030e-02 -2.4970e-02
  1.6496e+03 -4.6947e-03  6.3932e-03  7.4412e-03 -5.6826e-04 -7.0905e-02 -5.9567e-02  3.5682e-02 -1.5456e-02 -2.3837e-02  4.8067e-02 -1.6937e-02 -7.9139e-03 -8.1512e-04 -2.5289e-03 -2.8960e-03 -2.1904e-03  1.8851e-02  3.5507e-03 -1.3015e-02  6.7370e-03  6.3507e-03 -3.5952e-06  2.2598e-05 -6.6752e-04  9.7714e-05 -7.9920e-04  9.3938e-04  3.6153e-04  8.8912e-04  2.7079e-03  6.0590e-03 -2.7928e-03 -1.1898e-02 -1.6449e-03  1.5004e-02 -1.0905e-02 -3.9879e-02 -1.7718e-01  1.8208e-02  7.2714e-02 -5.1557e-02  1.5357e-01 -2.9791e-04  2.9685e-04 -2.4149e-04  7.2169e-04  1.1261e-03  3.8910e-03  1.2765e-03 -4.9056e-03  2.6457e-03  1.7048e-02 -5.0031e-03  7.8817e-03 -1.8030e-01  4.1324e-02  4.2490e-02 -8.3998e-02  4.6880e-02 -1.6574e-01  1.9163e-03  1.6653e-02 -6.5373e-02 -1.8335e-01  2.1135e-01  5.7823e-01  1.3645e-01 -4.7510e-01  4.3066e-01 -2.3249e-04  1.2773e-03 -4.8462e-04  9.4442e-03 -9.5760e-03  1.2694e-03 -5.8865e-03 -1.0276e-02  6.2664e-03
  1.6520e+03  2.1232e-05  5.1785e-04 -2.3216e-03 -1.3618e-02 -7.9051e-02  5.0232e-02  9.9094e-02 -2.3623e-02  8.5052e-03 -4.8171e-02  6.5773e-02  2.3715e-02 -2.9036e-03  6.5932e-04 -1.1424e-02 -4.2318e-03  7.8418e-03  2.2142e-02  1.6905e-03  1.4869e-02  2.1688e-02  4.0908e-03 -2.9697e-03  8.3411e-03 -2.2934e-03  3.5140e-03 -2.3795e-03  2.6725e-04 -8.9586e-04 -7.4890e-04  1.3577e-03 -2.2277e-03 -3.7031e-03 -2.9099e-03  2.3262e-02 -1.7153e-02 -5.9636e-02 -2.7529e-01  2.6380e-02  1.1277e-01 -8.0749e-02  2.4015e-01  5.1797e-03 -7.1881e-03  1.7491e-02 -4.4188e-02 -4.4905e-02 -1.9935e-01 -3.2396e-02  1.6602e-01 -8.3161e-02 -5.2788e-02  1.6343e-02 -2.2940e-02  5.5759e-01 -1.2715e-01 -1.2896e-01  2.5024e-01 -1.4329e-01  4.9773e-01  2.0343e-04  2.3159e-03 -9.6451e-03 -2.6217e-02  3.1490e-02  8.5003e-02  2.0064e-02 -6.8634e-02  6.2159e-02  2.5351e-03 -1.3434e-02  5.6989e-03 -9.8613e-02  9.4629e-02 -1.5884e-02  6.0284e-02  1.0504e-01 -6.6688e-02
  1.6763e+03  6.5712e-04  3.2422e-03  3.6225e-03 -5.4307e-04  1.7227e-02 -5.2951e-03 -2.4950e-02 -2.2450e-04 -3.3590e-02  6.4509e-03 -5.5610e-02 -1.5071e-02  2.4760e-03 -1.1277e-03  3.2415e-03  2.2142e-03  6.4655e-03 -9.7093e-03 -1.2111e-02 -3.5309e-03 -1.0278e-02  1.0316e-03 -2.0770e-03 -4.6073e-04 -8.8878e-04  1.1054e-03 -5.5608e-04 -8.4853e-05  2.7495e-04  4.4537e-04 -2.5293e-04  1.6178e-03 -1.0367e-04  2.7019e-04 -2.3415e-04  4.8331e-04 -9.5530e-05  3.6863e-03  5.2071e-04 -1.3502e-03  1.7629e-03 -5.5916e-03 -9.7679e-03  1.5092e-02 -3.4298e-02  9.1503e-02  7.9119e-02  4.0149e-01  6.0017e-02 -3.1020e-01  1.5837e-01 -5.9698e-05 -4.1806e-05 -2.9677e-05  9.3870e-04  2.4891e-04  1.2476e-06  3.4261e-04 -7.1082e-04  1.0341e-03  1.7697e-06  2.3381e-04 -1.0597e-03 -2.7661e-03  3.4149e-03  9.0831e-03  2.2478e-03 -7.3871e-03  6.5608e-03  9.4533e-03 -5.4796e-02  1.8396e-02 -4.1405e-01  4.1329e-01 -4.9643e-02  2.5859e-01  4.5284e-01 -2.6747e-01
  1.7073e+03 -2.2870e-02 -2.9431e-02  1.1167e-02 -2.5986e-02  1.0336e-01 -5.1319e-01 -8.2347e-02  1.6419e-01  4.2798e-01  5.7912e-01  3.3593e-01 -1.6153e-01 -8.1143e-03 -9.8509e-03  1.0421e-02 -1.2752e-02  1.7448e-02 -2.7607e-02  2.1284e-03 -2.9143e-02 -1.1827e-02  3.4090e-03 -1.3502e-03 -8.4730e-04 -3.7847e-05  2.0224e-03 -1.1193e-03 -4.1705e-04  3.7249e-04  9.3790e-05  3.3712e-05 -5.0124e-03  3.7030e-05 -1.1555e-03 -3.3500e-03 -1.3056e-03  9.1928e-03  1.7636e-02 -5.3436e-03 -5.6074e-03 -1.0073e-03  3.4538e-03 -4.2154e-03  5.9168e-05 -6.4815e-03  2.5836e-02  1.7728e-02  8.6725e-02  3.2460e-03 -5.7188e-02  2.7621e-02 -8.9219e-03  1.3613e-03  5.5526e-04  9.5424e-02 -8.6411e-03 -1.7703e-02  2.4513e-02 -2.6220e-02  5.9151e-02  8.3566e-06  1.1333e-04 -4.4609e-04 -1.2588e-03  1.0260e-03  3.0476e-03  8.9635e-04 -2.6448e-03  2.1415e-03 -9.8616e-04  3.4899e-03 -1.6334e-03  2.6666e-02 -2.5679e-02  5.0999e-03 -1.5743e-02 -2.4058e-02  1.6831e-02
  1.7290e+03 -2.4877e-02  8.9952e-03 -1.7904e-02 -2.1363e-02 -5.4902e-01  1.7325e-01  6.0888e-01 -1.1328e-01  2.5685e-01 -2.2857e-02  4.0508e-01  8.6463e-04 -1.5575e-02  6.3742e-03 -2.5116e-02 -1.9526e-02 -6.4975e-03  7.5664e-02  4.3901e-02  2.8933e-02  6.5206e-02 -1.2726e-02  1.9609e-02 -2.9357e-03  9.1749e-03 -1.0890e-02  6.1606e-03  1.5455e-03 -2.9136e-03 -1.0620e-03 -9.9864e-03  1.3788e-02  3.1703e-03 -2.3155e-03 -7.8405e-03  3.5497e-03  3.5687e-02  1.0360e-01 -2.0201e-02 -4.4804e-02  2.4987e-02 -6.9888e-02 -6.0073e-04 -2.4603e-03 -2.4006e-03  7.1190e-03  2.9898e-03  1.9315e-02 -5.7126e-03  3.9161e-03 -2.5792e-03  6.0669e-03 -4.5527e-05  1.6295e-03 -8.2003e-02  8.9083e-03  1.5003e-02 -2.9448e-02  2.3253e-02 -6.3020e-02  2.1334e-04 -6.3283e-04  2.6210e-03  6.0042e-03 -7.5677e-03 -1.9536e-02 -5.7512e-03  1.7456e-02 -1.4709e-02  7.0049e-04 -3.8094e-03  1.3773e-03 -3.0983e-02  2.9871e-02 -4.7372e-03  1.8819e-02  3.3003e-02 -2.0354e-02
  1.8086e+03 -3.0695e-03  7.4403e-03  3.4452e-03  3.4929e-03  5.0374e-02 -1.8360e-01 -1.1759e-01 -3.2922e-02 -1.7503e-01  1.0821e-01 -2.2222e-01 -3.9618e-02  2.3266e-02 -1.6194e-02  4.3532e-02  1.9675e-02 -4.3467e-02  1.1694e-01  8.0230e-02  1.4590e-03  1.1070e-01 -3.8535e-01  4.9990e-01 -2.2071e-01  2.3120e-01 -2.9471e-01  1.4478e-01  4.4667e-02 -7.7137e-02 -1.8268e-02 -2.0592e-01  3.4398e-01  1.0019e-01  1.2798e-03  5.9452e-03 -2.7162e-03 -3.1681e-02 -9.5415e-02  2.2754e-02  2.5488e-02 -1.3523e-02  5.1616e-02 -3.1861e-04  1.8356e-03 -2.7311e-04 -9.8989e-04  1.8240e-03  9.4090e-03  3.9565e-03 -1.4393e-02  7.1795e-03 -6.4471e-03  6.3195e-04 -7.9415e-04  1.0115e-01 -7.1853e-03 -1.3396e-02  2.2729e-02 -1.3440e-02  5.3336e-02  4.4177e-03 -4.4552e-03  3.7697e-03  4.5684e-03  1.8379e-05  1.9674e-02 -2.0672e-02  2.2007e-02 -2.4712e-02 -1.9335e-04  2.6234e-04 -8.2957e-04  5.1226e-03 -1.7767e-03  3.9815e-03 -2.0628e-03 -3.6043e-03  7.9316e-03
  3.0140e+03  1.1413e-02 -3.1618e-02 -3.0059e-02 -5.2089e-01 -1.7630e-03 -1.4598e-03  1.7213e-01  4.6843e-01 -1.9746e-01  1.9597e-01 -3.0899e-02  6.2193e-01 -2.9936e-03  3.0008e-03 -3.3405e-03  4.9147e-02  9.1492e-03  1.0771e-02 -1.8409e-02 -3.7517e-02  3.0262e-02 -3.9127e-04 -4.7576e-04 -2.1809e-03  1.3626e-04  6.0125e-05  5.7416e-04 -1.8415e-03  6.7063e-04 -4.1943e-03  2.6829e-02 -4.1718e-03  7.3843e-02  3.8694e-04 -2.2025e-04  6.8384e-04 -2.5070e-03  6.0888e-03 -1.0837e-02  1.6254e-03  3.2626e-03 -6.0659e-03 -3.3472e-04  7.9733e-04 -8.6380e-04  5.9417e-03 -1.2192e-02  1.2800e-02  3.9346e-03 -6.4898e-03  5.3436e-03  3.1649e-04 -2.5000e-04  6.9276e-04 -8.2298e-03  1.8768e-03 -9.3040e-03 -5.3771e-03 -1.5144e-03 -3.7357e-03  2.3439e-04 -3.7960e-05  2.6589e-04  1.5017e-03 -3.6398e-03  3.5504e-04 -2.2805e-03  4.1825e-03  3.0349e-03 -8.3393e-05 -3.2541e-05 -1.3645e-04  1.5940e-03 -3.1582e-04  1.2238e-04 -4.2736e-04 -9.1609e-04  1.0622e-03
  3.1313e+03 -1.8734e-03  3.3502e-04 -6.0561e-03 -2.2451e-02  5.4586e-04  2.5028e-03  7.5823e-03  2.0049e-02 -5.9171e-03  3.0038e-02 -9.6207e-03  8.5007e-02  4.2304e-02 -4.8108e-02  2.6544e-02 -7.0487e-01 -3.1153e-02 -1.9275e-02  2.1659e-01  5.8437e-01 -2.8718e-01  1.4480e-04 -7.7856e-05  2.6491e-04 -4.1604e-04  4.1024e-04 -5.1276e-04  2.8844e-03 -4.6417e-04  7.7650e-03 -4.4110e-02  6.1294e-03 -1.2133e-01 -7.2819e-05 -6.4079e-05  8.8298e-05  4.1148e-04  5.3124e-04 -1.2741e-03  5.3341e-04  2.7916e-04  2.0110e-04 -7.5063e-05  4.2347e-04 -4.9399e-05  9.9544e-04 -5.9959e-03  4.4838e-04  1.0589e-03 -2.9106e-05  2.3928e-03  1.1792e-04  5.7388e-05  3.4962e-05 -1.0899e-03 -4.8736e-04 -8.2449e-04 -2.9157e-04 -2.9383e-04  3.9782e-04 -1.2117e-04  4.3738e-05 -1.3673e-05 -7.8609e-04  9.4588e-04 -3.1053e-03  5.5727e-04 -1.6033e-03 -3.6836e-03 -2.9749e-05  3.0943e-06  3.1554e-05 -1.5479e-03 -8.8050e-04  7.7171e-04  1.6759e-03 -2.0709e-04 -7.5013e-04
  3.1502e+03  2.3212e-02  5.5614e-02 -5.8037e-02 -2.0808e-01  3.0856e-03 -3.6625e-03 -2.5785e-01 -7.2144e-01  3.0421e-01  1.5258e-01 -3.4617e-02  4.8222e-01 -8.7751e-03 -2.4276e-03  5.1504e-04  9.3430e-02  2.1606e-03  6.2976e-03  1.3308e-02  2.9813e-02 -2.0757e-02 -5.0505e-05 -4.2113e-04  1.3885e-03  2.1110e-04  3.8389e-04 -3.6551e-04  8.2421e-04  1.1064e-04  2.3073e-03 -1.3991e-02  2.7499e-04 -3.8578e-02 -7.3466e-04  3.2141e-04 -6.2962e-04  4.4358e-03 -8.8696e-03  1.5948e-02 -3.6696e-03 -1.1264e-02  9.2656e-03 -1.2288e-04  6.9204e-04 -5.8437e-04  4.2048e-03 -1.4726e-02  1.0264e-02  3.2623e-03 -2.2088e-03  8.7993e-03 -1.1291e-04 -2.3986e-04  5.2709e-04 -4.3567e-03  1.4177e-03 -5.4399e-03 -1.0246e-03 -6.3777e-04 -2.9832e-03  4.2754e-05 -3.6604e-05  2.7398e-05 -3.9726e-04  5.1926e-05 -1.6531e-03 -8.5024e-04  9.5402e-04 -2.0433e-04 -1.1634e-04 -8.0574e-05 -2.7142e-05 -2.7754e-03 -2.7570e-04  1.0045e-03  4.4757e-03 -7.8716e-04 -9.3422e-04
  3.1563e+03  7.5598e-02  5.3909e-03  3.5170e-02 -8.1718e-01  3.5115e-03 -3.8559e-03 -3.5991e-02 -1.0737e-01  4.6900e-02 -1.7083e-01  3.1965e-02 -5.1601e-01 -4.2631e-03 -6.9411e-03  3.7515e-03  3.0887e-02  4.5876e-03  4.4576e-03  2.6313e-02  8.0227e-02 -4.1726e-02 -8.9381e-04 -2.0868e-04 -1.2801e-03  5.0616e-04  9.4722e-05  1.6818e-04 -8.2546e-04  5.5058e-06 -2.8727e-03  1.5505e-02 -1.3593e-03  4.7542e-02 -3.7872e-04 -1.6457e-04 -3.0294e-04  1.4842e-03 -2.2662e-03  4.3814e-03  7.4496e-04  1.3220e-03  2.3063e-03  6.1041e-05 -1.0678e-03  5.7909e-04 -5.4057e-03  1.8951e-02 -1.2042e-02 -3.4994e-03  3.2354e-03 -7.4877e-03  3.1065e-04 -6.0807e-04  7.3206e-04 -1.1936e-02  3.3306e-03 -1.4101e-02 -1.4571e-02 -5.7688e-04 -3.7180e-03  2.8080e-05  4.0741e-05 -2.9967e-05 -8.9596e-05  3.1103e-05  1.6317e-03  4.4845e-04 -1.0867e-03  5.6175e-04 -1.1432e-04  4.6779e-05  1.6171e-04  2.8531e-03  2.0832e-03 -2.2021e-03 -1.1673e-03 -1.2820e-04  1.0019e-04
  3.2200e+03 -8.3169e-03 -5.5222e-03  2.1206e-03  9.1103e-02 -5.0433e-03 -4.1452e-03  2.6068e-02  8.4127e-02 -2.8698e-02  3.4680e-03  1.0476e-03  1.4563e-03 -7.5593e-02 -5.2402e-02  2.2823e-02  6.8947e-01  2.3277e-02  2.6218e-02  2.1182e-01  6.0174e-01 -2.9887e-01 -3.4401e-04 -2.6311e-04  3.2122e-04 -1.8945e-04 -1.1085e-04  1.9428e-06  6.7552e-04 -9.2051e-05  1.9386e-03 -1.0813e-02  1.2713e-03 -3.0570e-02  9.1784e-05 -1.2532e-04  5.7231e-05  9.0016e-05  2.1615e-03 -5.4679e-04 -8.9353e-04 -6.4136e-04 -1.6597e-03  5.4338e-05  2.5745e-04 -2.9313e-05  2.0200e-05 -2.4931e-03  9.2322e-04 -4.6232e-04 -9.3614e-04 -2.2008e-04 -9.6746e-05  1.1952e-04 -5.7040e-05  2.0381e-03 -7.0710e-04 -7.4276e-06 -1.8280e-04 -7.2659e-05  1.9150e-03  2.0376e-06  2.6015e-05  1.2338e-05 -7.3070e-04  5.6536e-04 -6.0414e-04  1.0713e-04 -9.6481e-04 -1.1519e-03  6.7338e-05 -2.7227e-05  1.5915e-05 -1.0567e-03 -2.2410e-04  3.7614e-04  9.0250e-05 -6.2855e-05 -2.3054e-04
  3.2253e+03  3.9782e-03 -3.9763e-03  2.5847e-03 -7.4953e-02  1.9914e-03  4.2114e-04  1.9645e-02  5.8323e-02 -2.3512e-02 -2.1761e-03  1.2189e-03 -4.8783e-03 -3.2815e-03  8.0506e-03 -4.2397e-03  7.3175e-02  1.4926e-03  3.3208e-03 -3.3316e-02 -9.8079e-02  4.8304e-02 -3.7690e-05  1.6834e-03  3.1891e-03  9.8784e-04 -1.5810e-03 -6.1635e-05  2.0927e-02 -2.5461e-03  5.8491e-02 -3.2950e-01  3.8354e-02 -9.2476e-01  5.6951e-06 -9.5959e-05  1.2218e-05 -3.5626e-05  1.3279e-03 -7.1414e-04  4.7905e-05  1.3331e-05 -6.7746e-04 -5.0400e-06 -4.4920e-05 -6.9377e-05 -1.8740e-04  4.4164e-04  2.1928e-04 -3.2319e-04  1.1263e-04 -7.6144e-04  9.7920e-05 -5.1709e-05 -8.2757e-06 -1.5816e-03  4.1852e-04 -4.1655e-04 -3.6842e-04 -2.1575e-04 -6.6854e-04 -9.5460e-04  3.7088e-04  5.3579e-04 -8.8111e-03  1.5408e-02 -1.8683e-02  8.4962e-03 -1.9131e-02 -3.5084e-02 -2.9004e-05 -3.7212e-05 -3.7232e-05  1.4796e-03  7.9902e-04 -4.6844e-04 -1.1090e-03  1.3348e-04  7.6344e-04
  3.6810e+03  8.7608e-04 -1.8057e-04  1.8840e-03 -5.9012e-03 -1.0650e-03 -1.0548e-03  6.8260e-04  2.2557e-03 -2.2718e-03 -9.2924e-03  4.5116e-03 -2.8905e-02 -5.7428e-05  2.9960e-04 -1.8043e-04  1.2781e-03 -1.1649e-03 -2.7102e-04 -2.5846e-04 -4.0505e-03  1.5243e-03 -6.6404e-06 -7.6128e-05 -8.6841e-05  1.1639e-05  5.5176e-06  8.8294e-06 -3.7372e-05  6.5265e-05 -3.4918e-05  3.6247e-04 -4.1229e-04  7.4961e-04 -4.8382e-05 -2.8210e-04  1.0976e-04 -9.6345e-04 -4.4388e-05 -1.8893e-03  1.6304e-03  4.3736e-03  4.4168e-04 -7.6987e-03  5.4177e-02 -1.7698e-02  9.7130e-02 -9.6332e-01  1.4813e-01  2.7750e-02  1.0384e-01  1.4196e-01  3.9385e-04 -6.6943e-05  7.5409e-05 -6.1779e-04  6.1518e-04 -4.0461e-03 -5.3982e-03  6.3782e-04  2.9957e-03  1.4107e-05 -1.6154e-05 -2.4003e-06 -1.1429e-04  2.2546e-04 -1.6849e-04 -8.7583e-05  6.2096e-05  2.9696e-04 -6.6873e-04  3.6134e-03 -1.3986e-03 -2.8691e-02 -3.1753e-02  2.0878e-02  3.8580e-02 -2.7367e-02 -7.7441e-04
  3.7752e+03  8.7256e-05  7.8392e-05  5.1139e-04  5.2905e-05 -1.2980e-04 -1.2398e-03 -3.8562e-04 -5.2513e-04 -1.0538e-03 -1.0254e-03 -1.4713e-05 -3.8102e-03 -8.6655e-05  5.8015e-06 -1.9029e-04  9.8363e-04  3.5468e-04  1.5605e-04 -4.6691e-04 -4.5892e-04  3.5519e-04  2.1258e-04 -4.1855e-04 -1.7006e-04 -3.3036e-05  9.1624e-05 -1.0139e-05  5.8669e-04  9.1362e-05  2.0725e-03 -1.0675e-02  2.1520e-03 -4.3492e-02 -1.6946e-05 -1.0634e-04  2.4659e-05 -4.6570e-04 -2.5963e-04 -7.5647e-04  7.9421e-04  1.9821e-03  4.0960e-04  2.8233e-06 -2.2571e-05 -1.5261e-06 -6.2296e-05  2.5705e-04 -1.2390e-04  2.0158e-05  1.3796e-04  1.9214e-04 -3.6899e-06  2.8636e-05 -1.3351e-04  4.8808e-04 -5.5512e-04  1.9786e-03 -4.0646e-04  5.1678e-05  1.7037e-04  8.8245e-03 -3.1242e-03 -4.8434e-02  1.6778e-01 -4.6199e-01  1.7645e-01 -3.0790e-01  5.1109e-01  6.0563e-01 -1.5001e-05  3.3018e-05 -6.7360e-06 -3.0998e-04 -2.2875e-04  1.7074e-04  5.4687e-04 -2.9476e-04 -4.6618e-05
  3.8038e+03  9.3337e-04  2.2280e-06  1.1378e-04 -1.9574e-02  2.8755e-03 -7.1972e-04  3.5245e-05 -2.0004e-03  6.7407e-04  3.4089e-04  3.7344e-04 -2.1276e-03 -1.3411e-04 -1.6208e-04  4.1104e-05  1.2018e-03  2.1217e-04  5.5319e-05  4.7695e-04  2.0242e-03 -1.0003e-03 -1.3906e-04  2.4068e-05  1.7123e-04 -6.6380e-05  1.1002e-05 -3.0780e-05  2.3360e-05 -3.9954e-05 -8.7600e-05  2.8715e-04 -9.5593e-05  7.7862e-04  1.6196e-04 -4.2335e-03  2.2686e-03 -3.0283e-02 -2.0796e-03 -5.1391e-02  2.7934e-02  7.0152e-02  1.5013e-02 -1.3040e-05  5.5428e-04  3.3738e-05  7.2435e-04 -8.1581e-03  1.2678e-03 -4.0148e-04 -7.0337e-04 -1.5970e-03 -4.4304e-02  1.4178e-02 -1.4707e-02  7.7130e-02 -1.2331e-01  6.2986e-01  6.3386e-01 -1.0388e-01 -3.9602e-01 -2.3814e-05  1.1422e-05  6.0961e-05 -3.3965e-05  4.8456e-04 -3.2731e-04  3.9109e-04 -6.2765e-04 -7.6498e-04  9.5129e-05 -8.5114e-04  3.6424e-04  9.6002e-03  7.8282e-03 -6.4460e-03 -1.1073e-02  5.6866e-03  6.4624e-04
  3.8051e+03  4.9672e-05  7.7132e-04 -4.6683e-04  1.9273e-03  1.4624e-04  3.7488e-05 -3.3317e-03 -1.7514e-02  6.6619e-03  1.2133e-03  5.2885e-04  2.2268e-03 -1.7186e-04 -3.8990e-05  5.1990e-05  2.1052e-03 -1.9975e-04  1.7267e-04  4.6029e-04  5.9595e-04 -3.8694e-04 -5.4567e-05 -1.9106e-04 -1.3539e-04  1.5397e-05 -5.7205e-05  4.9481e-05 -1.2277e-06  7.4356e-05  8.9476e-05 -3.2349e-04  7.9483e-05 -7.4352e-04  2.4948e-03 -4.2123e-02  2.4634e-02 -3.1928e-01 -2.2214e-02 -5.4424e-01  2.8004e-01  6.9834e-01  1.5077e-01 -5.3680e-05 -6.1558e-04 -3.9613e-04 -6.5688e-04  6.0267e-03 -1.0279e-03  1.3973e-03  3.7645e-03  7.0563e-03  4.2822e-03 -1.3777e-03  1.6267e-03 -7.8629e-03  1.2424e-02 -6.3903e-02 -6.0646e-02  9.7976e-03  3.8063e-02 -6.2225e-05  1.1797e-04  1.0729e-04  8.2390e-05 -2.3268e-04  4.0147e-04  9.5567e-04 -1.6144e-03 -1.9963e-03  8.9654e-05 -4.7727e-04  1.8824e-04  5.1485e-03  4.2098e-03 -3.3844e-03 -6.5797e-03  3.4795e-03  3.9553e-04
  3.8131e+03  1.3152e-04 -3.7301e-04  2.8661e-04 -2.1675e-03  1.0204e-03 -5.4789e-04  6.0932e-04  2.6003e-03 -1.1700e-03 -6.6747e-04  1.4668e-03 -1.5395e-03 -3.3719e-05  2.4082e-04 -7.8762e-05  9.7473e-04 -3.9811e-04 -3.6168e-05 -5.3381e-04 -1.5876e-03  6.5343e-04 -4.3104e-05  3.9425e-05 -7.9492e-05  1.9429e-05 -3.0280e-05  1.4554e-05  1.6180e-05  4.7012e-06  7.4290e-05 -2.3815e-04 -1.7751e-04 -1.1061e-03  3.9746e-05 -5.1795e-04  3.2231e-04 -4.0510e-03 -2.1014e-04 -6.9532e-03  3.4194e-03  8.4800e-03  1.8163e-03  7.6469e-04 -2.4670e-03  2.5109e-03 -6.0899e-03  6.0064e-02 -9.0951e-03 -6.2826e-03 -1.8686e-02 -3.1358e-02 -8.0396e-04  2.5060e-04 -2.2550e-04  1.2488e-03 -2.1135e-03  1.0965e-02  1.1769e-02 -1.9566e-03 -7.3462e-03 -6.1529e-06  5.3650e-06  4.6678e-05 -1.4315e-04  3.6397e-04 -1.7857e-04  2.5582e-04 -4.3810e-04 -5.2495e-04 -8.6030e-03  4.5134e-02 -1.7852e-02 -4.8718e-01 -3.9302e-01  3.2061e-01  6.2422e-01 -3.2615e-01 -3.6503e-02
  3.8915e+03 -1.4552e-05 -3.8200e-04  1.3584e-04 -7.6491e-04  1.4719e-03  2.2114e-04  6.9221e-04  3.3959e-03 -1.5965e-04  9.3414e-04 -1.8062e-03 -3.1656e-03 -5.3336e-05 -1.9788e-05  2.8797e-05  1.3029e-03  3.9683e-04 -2.9001e-04 -2.9606e-04 -5.4686e-05 -3.6177e-04 -5.8274e-05  6.1422e-05 -1.0416e-04  2.2502e-05 -3.0341e-05  1.8216e-05  1.2471e-07  1.7939e-06  2.0506e-05  4.4753e-05 -9.7230e-05 -1.3338e-04  5.1908e-04  8.7130e-04  4.7949e-04 -2.7482e-03  5.8213e-04 -5.0149e-03 -5.4864e-03 -1.4482e-02 -2.6168e-03 -9.1707e-03 -4.0030e-02 -4.9381e-02 -2.1875e-02  1.5177e-01 -5.5608e-02  1.6629e-01  4.8438e-01  8.4012e-01  8.3158e-05  9.1215e-05 -7.2737e-04  1.6084e-03 -2.1444e-03  1.0533e-02 -2.8413e-03  6.6606e-04  1.1154e-03 -1.7665e-04  4.0938e-04  3.6905e-05  1.5711e-03 -4.6040e-03  2.1886e-03  1.2540e-03 -1.9205e-03 -2.7441e-03 -5.3307e-04  1.1918e-03 -2.8838e-04 -1.0932e-02 -7.8821e-03  7.0591e-03  1.9665e-02 -9.7871e-03 -1.1035e-03
  3.8983e+03 -7.4439e-05  1.5661e-04 -2.1471e-05  1.4915e-03 -2.1052e-04  4.3383e-04 -3.4631e-04 -1.6948e-03  1.1457e-03 -9.6958e-06 -2.2901e-04 -4.1244e-04 -4.8060e-06 -2.1090e-05 -7.6620e-06  5.0302e-05 -1.7681e-04 -4.1103e-05  1.4911e-04 -2.5555e-05 -1.8155e-04  1.0956e-04 -2.7055e-04 -1.6230e-04 -2.8944e-05  1.1189e-04  5.5433e-05 -5.3548e-05  1.0097e-04  5.9372e-05 -8.3280e-04  5.0608e-03  1.7927e-03  4.8273e-03  4.7137e-03  6.1024e-03 -4.8816e-02  2.4277e-03 -8.5068e-02 -2.7808e-02 -7.7039e-02 -1.2099e-02  5.6030e-05  3.1983e-04  3.3030e-04  2.3285e-04 -1.7461e-03  4.7012e-04 -1.1204e-03 -3.3387e-03 -5.7283e-03 -3.3872e-03 -4.2341e-04  8.1057e-03 -1.6571e-02  1.9520e-02 -9.0669e-02  7.0086e-02 -1.2828e-02 -3.8264e-02 -2.6775e-02  6.2595e-02  2.6035e-03  2.4758e-01 -7.2623e-01  3.4441e-01  1.7821e-01 -2.7217e-01 -3.8734e-01  3.0454e-04  1.2026e-05 -9.0422e-05 -1.9448e-03 -1.8571e-03  1.3756e-03 -2.8923e-03  1.6819e-03  4.7940e-05
  3.8995e+03 -6.5607e-04 -2.8326e-04  4.3717e-04  9.3875e-03  8.5725e-04  2.3600e-03  9.3122e-04  3.1575e-03 -4.0213e-03 -1.3602e-04  7.0095e-05 -2.6852e-03  3.6781e-09  2.5631e-06  1.7896e-05 -4.9260e-05  2.7123e-04 -1.5949e-04 -1.6479e-04  3.0066e-05 -2.3329e-04 -1.3002e-04  2.1405e-04 -9.0741e-05  1.1835e-04 -8.6434e-05  1.0979e-04  4.4883e-05 -8.2842e-05 -3.3705e-05 -1.9635e-04 -3.2011e-04 -2.1845e-04 -1.1841e-02 -1.1186e-02 -1.5165e-02  1.2187e-01 -6.3898e-03  2.1329e-01  6.6180e-02  1.8348e-01  2.8667e-02 -1.4785e-04 -5.7710e-04 -7.4690e-04 -2.3656e-04  1.9004e-03 -7.9776e-04  2.5877e-03  7.3150e-03  1.2659e-02 -2.5491e-02 -3.3255e-03  6.1562e-02 -1.2670e-01  1.4945e-01 -6.9091e-01  5.2949e-01 -9.6621e-02 -2.8912e-01  2.1717e-03 -5.0031e-03 -2.9797e-04 -1.9801e-02  5.7174e-02 -2.6922e-02 -1.4735e-02  2.2538e-02  3.1886e-02  1.0811e-03  6.9327e-05 -3.4533e-04 -7.3687e-03 -6.9066e-03  5.2665e-03 -9.7741e-03  5.8107e-03  2.4655e-04
  3.9022e+03  2.8953e-04  5.0044e-04  4.0578e-04  1.2643e-03 -5.3742e-06 -1.3257e-03 -2.7630e-03 -7.0088e-03  4.3249e-03 -1.3964e-03 -4.6115e-04 -4.8236e-03  6.6498e-06  7.3039e-06  3.8389e-05 -1.5814e-04  2.7830e-04 -4.4080e-04 -4.2698e-04  1.7056e-04 -2.8284e-04 -3.0299e-04  3.8890e-04 -1.4640e-04  1.8073e-04 -2.0879e-04  2.2596e-04  8.2102e-05 -1.6320e-04 -7.7880e-05 -6.2931e-06 -5.1409e-04 -3.5672e-04  3.5235e-02  3.3709e-02  4.4911e-02 -3.6083e-01  1.7843e-02 -6.2969e-01 -1.9913e-01 -5.5203e-01 -8.6478e-02  7.4532e-05  4.6751e-04  4.4149e-04  3.3661e-04 -2.8077e-03  7.3862e-04 -1.5426e-03 -4.5991e-03 -7.7343e-03 -8.2612e-03 -1.0167e-03  1.9545e-02 -3.9538e-02  4.7326e-02 -2.1803e-01  1.7031e-01 -3.1093e-02 -9.3075e-02  4.4096e-03 -1.0293e-02 -5.1153e-04 -4.0403e-02  1.1888e-01 -5.5748e-02 -2.9651e-02  4.5332e-02  6.4375e-02  1.2006e-04 -1.8321e-05 -2.0077e-05 -4.6091e-04 -4.8695e-04  3.0291e-04 -1.4421e-03  7.9296e-04  1.5588e-05
  3.9071e+03  3.8980e-04  7.6693e-05 -9.0338e-05 -2.5157e-03 -4.6329e-04  5.7637e-04 -9.4479e-04 -6.1226e-04  4.0183e-04 -1.4184e-03 -1.6162e-04  3.0549e-04 -3.1528e-05  3.9769e-06 -8.0470e-06 -1.0600e-04  3.3599e-04  5.5945e-05 -4.7034e-04 -2.2675e-04  1.9642e-04 -2.1904e-05  1.8965e-05 -4.7509e-06  9.7757e-06 -6.2203e-06  2.8668e-06  1.4898e-05 -9.5073e-06  8.5658e-06 -1.5838e-04 -1.7625e-05 -2.5188e-04  1.1609e-04  1.0105e-04  1.4396e-04 -1.2132e-03  4.9110e-05 -2.0522e-03 -6.2646e-04 -1.6521e-03 -2.4133e-04 -3.0606e-05 -2.0281e-04 -2.2759e-04  9.9472e-04  1.0748e-03 -6.6053e-04  6.9641e-04  2.2163e-03  3.8800e-03  3.9654e-04  7.9321e-05 -1.0844e-03  2.2338e-03 -2.7457e-03  1.2643e-02 -8.4368e-03  1.4628e-03  4.6269e-03  8.2761e-05 -1.8298e-04 -1.1858e-05 -7.2564e-04  2.0699e-03 -9.8997e-04 -5.8827e-04  8.5015e-04  1.1792e-03  6.7022e-02  4.1683e-03 -2.1605e-02 -4.5921e-01 -4.2554e-01  3.2697e-01 -6.0533e-01  3.5938e-01  1.6194e-02
