-7.3398615565e+00
-7.2570221425e+00
-6.8495579281e+00
-5.9696295575e+00
-4.6816201507e+00
-3.1679033640e+00
-1.6896356212e+00
-4.8911121088e-01
2.7399675234e-01
5.5780862611e-01
4.0575098446e-01
-6.8916227770e-02
-7.0997015504e-01
-1.3676317060e+00
-1.9317327516e+00
-2.3234268368e+00
-2.5195260712e+00
-2.5428477615e+00
-2.5194382848e+00
-2.5415112878e+00
-2.5192645970e+00
-2.3255842083e+00
-1.9292261989e+00
-1.3709510781e+00
-7.1232307302e-01
-6.7791674207e-02
4.0551959108e-01
5.5748129549e-01
2.7439556562e-01
-4.8981736251e-01
-1.6886653102e+00
-3.1680582823e+00
-4.6811983647e+00
-5.9713501266e+00
-6.8533998611e+00
-7.2603578479e+00
