6.6856774525e-02
1.6013823696e-01
5.6869666116e-01
1.4176092056e+00
2.6640143354e+00
4.1470438995e+00
5.6266938038e+00
6.8646303059e+00
7.6932857186e+00
8.0538052959e+00
7.9741059220e+00
7.5510431830e+00
6.9327692185e+00
6.2769089781e+00
5.6975652216e+00
5.2788854976e+00
5.0422827797e+00
4.9739024038e+00
4.9754790675e+00
4.9745473626e+00
5.0424939835e+00
5.2780799566e+00
5.7026615258e+00
6.2754581367e+00
6.9332212082e+00
7.5567119976e+00
7.9740012006e+00
8.0532926647e+00
7.6932385132e+00
6.8635280772e+00
5.6262297816e+00
4.1472733410e+00
2.6644715584e+00
1.4168848481e+00
5.6782579054e-01
1.6026974321e-01
