0.00000  	-0.33007  
10.00000  	-0.32992  
20.00000  	-0.32931  
30.00000  	-0.32801  
40.00000	-0.32609
50.00000  	-0.32377  
60.00000  	-0.32142  
70.00000  	-0.31944  
80.00000  	-0.31812  
90.00000	-0.31758
100.00000 	-0.31774  
110.00000 	-0.31840  
120.00000 	-0.31931  
130.00000 	-0.32028  
140.00000	-0.32113
150.00000 	-0.32178  
160.00000 	-0.32217  
170.00000 	-0.32236  
180.00000 	-0.32241  
190.00000	-0.32236
200.00000 	-0.32217  
210.00000 	-0.32178  
220.00000 	-0.32113  
230.00000 	-0.32028  
240.00000	-0.31931
250.00000 	-0.31839  
260.00000 	-0.31774  
270.00000 	-0.31758  
280.00000 	-0.31812  
290.00000	-0.31944
300.00000 	-0.32142  
310.00000 	-0.32377  
320.00000 	-0.32609  
330.00000 	-0.32801  
340.00000	-0.32931
350.00000	-0.32992
