5.837614088435022	0.5374841806657147
19.180732004857926	0.8735497196135716
32.523849921280835	3.587631768122633
45.866967837703754	12.35279677905239
59.210085754126645	98.61900802346399
72.55320367054956	12.805185517888066
85.89632158697246	3.5070094600240713
99.23943950339539	5.215203235176807
112.58255741981829	6.1688496268539215
125.9256753362412	558.5908599484093
139.2687932526641	186.26645073413425
152.611911169087	3.264233994709483
165.95502908550992	3.465816845284209
179.2981470019328	4.460890433589893
192.6412649183557	3.8625830100738234
205.98438283477867	14.91775963350932
219.3275007512016	3.2969489243471513
232.67061866762447	11.051770209509485
246.01373658404736	1635.9639486494575
259.35685450047026	53.329757541609524
272.6999724168932	53.88419570528763
286.04309033331606	172.2711533670472
299.386208249739	125.58805073331257
312.7293261661619	207.93432018383973
326.0724440825848	185.9030653857623
339.4155619990077	1917.772722946895
352.7586799154306	27.350614002990675
366.1017978318535	25.545416632849424
379.4449157482764	19.37027826461643
392.78803366469936	21.63911191888329
406.13115158112225	37.618093602213946
419.47426949754504	37.965539235264785
432.8173874139681	150.8718302484584
446.16050533039106	5753.411511959349
459.5036232468139	366.04950242579605
472.84674116323686	186.16747459875347
486.1898590796597	10774.577264899706
499.53297699608265	16245.55370567252
512.8760949125056	965.1082008950507
526.2192128289283	3288.4549464666684
539.5623307453513	204610.79099760723
552.9054486617744	44112.17945734301
566.2485665781971	870.6806144920259
579.59168449462	973.2076250579972
592.9348024110432	1374.2476642446925
606.2779203274657	211.6222982998931
619.6210382438888	2680.825364360344
632.9641561603116	71253.53045556392
646.3072740767345	6498.524460272549
659.6503919931577	160314.64764244625
672.9935099095804	500223.4762146609
686.3366278260033	1356.5816397155031
699.6797457424262	705.7838555801154
713.0228636588489	774.2643094459918
726.365981575272	180.7173290801989
739.7090994916949	65.28689588824173
753.0522174081179	66.81317145856204
766.3953353245406	174.474208598838
779.7384532409635	391.517671667306
793.0815711573865	268.0223175199734
806.4246890738094	547.6745201764442
819.7678069902324	433.1220767362217
833.1109249066553	2047.5755297924334
846.4540428230781	368634.3883285002
859.7971607395011	2513.9871274998172
873.140278655924	400.3523789431328
886.483396572347	349.4612533680753
899.8265144887699	99.27532794810486
913.1696324051926	77.47296971704223
926.5127503216157	26.711080057028816
939.8558682380384	547.5716920944676
953.1989861544616	42.94146939614442
966.5421040708845	127.99690097495306
979.8852219873072	108.9091612392345
993.2283399037299	42.66391219593383
1006.5714578201532	27.28289038297512
1019.914575736576	95.72434527858613
1033.257693652999	8838.197386365873
1046.6008115694217	149.68104770426044
1059.9439294858446	157.21931904794283
1073.2870474022675	2150.4942494701468
1086.6301653186904	158056.27655421424
1099.9732832351135	2879.3659735278334
1113.3164011515366	1112.8727453470483
1126.6595190679593	4198.233801529536
1140.002636984382	1060.0329997217552
1153.345754900805	532316.2134049971
1166.688872817228	1161632.2143259468
1180.031990733651	5877.575035124318
1193.375108650074	1309.410233204565
1206.7182265664965	2563.2524053242937
1220.0613444829196	686.4585098724566
1233.4044623993427	95.47166841293047
1246.7475803157656	129.75122389116672
1260.0906982321883	473.7294010977977
1273.433816148611	389.8681661015697
1286.776934065034	1477.3009340792592
1300.1200519814572	1491.6962968285359
1313.46316989788	45145.823740880485
1326.806287814303	874067.318806167
1340.1494057307257	74953.37732500906
1353.4925236471488	1392.857587262622
1366.8356415635717	1010.1230364893066
1380.1787594799946	321.38421081280654
1393.5218773964175	338.88886648261825
1406.8649953128404	545.7704481038329
1420.2081132292633	744.2918659913555
1433.551231145686	58176.193640760415
1446.8943490621093	198434.5664587169
1460.237466978532	559.8532899987995
1473.5805848949549	1364.7313530323154
1486.9237028113778	1477.4827168944962
1500.2668207278005	122.89950840476959
1513.6099386442238	228.33957620445454
1526.9530565606467	102.1270355823489
1540.2961744770698	16.043769705905586
1553.6392923934925	13.28904507016498
1566.9824103099147	144.73294132577922
1580.3255282263383	90.89048641027182
1593.668646142761	20.324503830195546
1607.011764059184	128.0347073553007
1620.354881975607	20.435075098708978
1633.6979998920292	65.32419366444671
1647.0411178084526	120.49928719530526
1660.3842357248757	217.38508774002145
1673.7273536412986	22.603551021752395
1687.0704715577217	254.71201666211869
1700.4135894741444	50.54215128550493
1713.7567073905673	35.22755488492411
1727.09982530699	6.542044748714794
1740.4429432234133	6.8390214041031525
1753.7860611398362	36.80738550714168
1767.1291790562586	48.70556971300779
1780.4722969726818	103.06878664357623
1793.8154148891044	247.55205338071437
1807.158532805528	32343.456788145228
1820.5016507219505	81816.94062561227
1833.844768638373	310.18761324899174
1847.1878865547965	84.80703392213057
1860.5310044712187	70.70919638018775
1873.874122387642	84.19326258604784
1887.2172403040647	19.398739718091488
1900.560358220488	6.587417731631723
1913.9034761369112	5.797819554359845
1927.2465940533327	44.25893191236179
1940.5897119697568	54.838153927105466
1953.9328298861797	115.82639555690157
1967.2759478026023	12.994559326921026
1980.6190657190252	31.83123450139512
1993.962183635448	89.50406597110782
2007.3053015518717	887.3596925481958
2020.6484194682937	69.05135856278353
2033.9915373847173	1.8096065597101483
2047.33465530114	-0.01971398434224083
2060.6777732175638	7.979026534064692
2074.020891133986	16.665557383293283
2087.364009050408	-0.12640427345793573
2100.707126966832	7.630967301831895
2114.0502448832544	24.602350895891636
2127.3933627996776	10.215522995713501
2140.7364807161	6.292475871713188
2154.079598632523	3.7939844780623337
2167.4227165489465	296.6934337414592
2180.7658344653687	97.56635964658628
2194.108952381792	8.741169783529102
2207.452070298215	0.18465788951199755
2220.7951882146376	-0.26703162934073243
2234.1383061310607	20.197430353115443
2247.4814240474834	881.4274095468394
2260.8245419639065	31.265932946264705
2274.1676598803288	6.621041593302341
2287.510777796752	126.85555887452892
2300.853895713175	8.993896620894576
2314.1970136295977	776.0953475145787
2327.5401315460213	1675.3151035497408
2340.883249462444	288.0703536012287
2354.2263673788666	12.775663750520756
2367.56948529529	6.304772128916171
2380.9126032117124	-1.6225253556627415
2394.255721128136	-2.229384126229943
2407.598839044558	725.8682203573478
2420.941956960981	412.52603075294275
2434.2850748774044	-2.037590164421732
2447.6281927938267	27.24212072312805
2460.9713107102502	1.0282466347345534
2474.314428626673	117.88482624523488
2487.657546543096	1761.3706503421636
2501.000664459519	164.21071802516792
2514.3437823759414	12.76967262195694
2527.6869002923645	41.2689063574929
2541.030018208787	-0.09112832134374402
2554.3731361252103	-5.419719394977529
2567.7162540416334	-5.251452116724168
2581.0593719580565	-5.771564269070517
2594.40248987448	46.40192679298979
2607.7456077909014	224.75368697186508
2621.088725707325	-6.6154494374846085
2634.431843623748	-2.5360605715171056
2647.774961540171	182.67401450091097
2661.1180794565935	122.0849407140355
2674.461197373016	-3.739753263582248
2687.8043152894397	-4.432249610698266
2701.147433205863	-6.282709981656869
2714.490551122286	6.083796100005302
2727.8336690387086	457.1661360316372
2741.1767869551304	10.252890958945775
2754.519904871553	177.8862735443829
2767.8630227879767	293.0061486685714
2781.2061407044	53.59807232174453
2794.5492586208225	0.9826051013527362
2807.8923765372456	11.963306004357223
2821.2354944536687	-4.498909130329352
2834.578612370092	-10.822036816495643
2847.9217302865154	-6.364952568680164
2861.2648482029367	-10.876794517087612
2874.60796611936	-12.151978620701096
2887.9510840357834	-9.069841570804396
2901.294201952206	2218.528916008477
2914.6373198686288	1284.484765729268
2927.980437785052	13.317125891321911
2941.3235557014746	77.7535932790958
2954.666673617898	-2.4777184508273935
2968.0097915343204	163.24304447369175
2981.3529094507435	647.6039811715334
2994.6960273671666	-12.558776466382369
3008.039145283589	-1.399091214983685
3021.3822632000124	131.81943729359705
3034.725381116435	2240.622640242237
3048.068499032858	1920.8493994624557
3061.411616949281	-11.758148493694188
3074.754734865703	107.20547649574607
3088.0978527821267	149.923967762911
3101.44097069855	5.697958014811928
3114.7840886149725	-15.848639871639586
3128.127206531395	109.798973470237
3141.470324447818	248.22953392161997
3154.813442364241	3.8016568751571795
3168.1565602806645	-30.142090040654004
3181.499678197087	-32.847840966884625
3194.8427961135094	-34.59215268848073
3208.1859140299325	-35.1831056272531
3221.529031946356	-36.98906665183615
3234.872149862779	40.76749236120266
3248.2152677792014	-13.755039860585338
3261.558385695624	136.1820377668304
3274.9015036120472	-23.94323683593159
3288.244621528471	95.7649273851235
3301.5877394448935	5587.228287635446
3314.930857361316	-49.86294146332875
3328.273975277739	100.37369224225324
3341.617093194161	-106.88230397944999
3354.9602111105846	-149.39277817219286
3368.303329027008	-175.43260757252773
3381.646446943431	7534.548672748366
3394.989564859853	-203.9820413524542
3408.332682776276	-262.8760384941289
3421.6758006927	-320.33954965007445
3435.0189186091225	-295.89546124020524
3448.3620365255447	18.25462515583252
3461.705154441968	-591.3641978573568
3475.0482723583914	-745.4501250882211
3488.391390274814	-985.4100824093057
3501.7345081912367	-1362.949434025446
3515.07762610766	-1405.2973208178469
3528.420744024082	-3154.149045286514
3541.7638619405047	-5621.129707314105
3555.1069798569283	-19016.646134151197
3568.4500977733514	8538699.076835543
3581.793215689774	7180616.62780939
3595.136333606197	-21297.463499607573
3608.479451522621	-5249.8517046176885
3621.822569439044	-2285.966995588633
3635.1656873554657	166.50230844437095
3648.508805271888	-1234.1072643148577
3661.851923188311	-990.8609490625444
3675.195041104734	-754.7729248534245
3688.5381590211578	-590.896148301864
3701.881276937581	61.841910865918884
3715.224394854003	-344.216863739223
3728.5675127704258	-323.8705119559036
3741.91063068685	-273.248250191601
3755.253748603273	-234.95291885109282
3768.596866519695	-203.58752938205924
3781.939984436117	-174.23071080172002
3795.283102352541	-157.4516184879197
3808.626220268964	-134.3617847582775
3821.969338185387	75.68626284112875
3835.3124561018094	-107.58511591891143
3848.655574018232	-85.6469410692503
3861.998691934655	-76.8558122302165
3875.3418098510792	-67.07151107522058
3888.684927767501	-63.72919392746098
3902.028045683924	-62.38901086811342
3915.3711636003463	4.910756525023052
3928.7142815167695	-54.839735157379195
3942.0573994331935	-55.426482759722845
3955.400517349616	-51.79751038355628
3968.7436352660393	-46.759731228880035
3982.0867531824606	-44.843974345785206
3995.4298710988846	-42.333531340886864
4008.772989015308	-37.35533416583064
4022.1161069317295	68.94975541522398
4035.4592248481526	-32.74204318949829
4048.802342764576	-27.043904129656482
4062.1454606809984	110.58499926342078
4075.4885785974234	71.14175182270387
4088.8316965138447	-18.82308021778595
4102.174814430267	-3.449917848086662
4115.51793234669	2055.7399400067857
4128.861050263114	29.374049498392175
4142.204168179537	-21.30070189679231
4155.547286095959	-11.965847913028654
4168.890404012382	-15.891089674699455
4182.233521928804	-19.173335344702384
4195.576639845228	-2.069216227486442
4208.919757761652	58.16053577148724
4222.262875678073	14.064181711361618
4235.605993594497	1332.3417086573095
4248.9491115109195	1924.0640843271644
4262.292229427344	-15.840196398498241
4275.635347343766	-14.277446833031451
4288.978465260188	-13.07484462089538
4302.321583176611	-13.861752802292319
4315.664701093034	-14.107330461942007
4329.007819009456	-13.415324096597084
4342.350936925881	-12.634286493367828
4355.694054842304	-11.816559873880001
4369.037172758724	-10.043142946216076
4382.380290675148	-10.927997878979603
4395.7234085915725	-9.641509943421026
4409.066526507995	-7.63058168046094
4422.409644424418	498.04900334113336
4435.7527623408405	-2.5661475654271255
4449.095880257263	-8.581664226870586
4462.438998173688	-8.194804813534404
4475.7821160901085	-8.792100404882836
4489.125234006532	-8.584612049896519
4502.468351922955	-8.434800541683595
4515.811469839377	-8.077999176502015
4529.154587755801	-6.579285801709493
4542.497705672224	-5.445522756843215
4555.840823588646	-7.197044753372497
4569.183941505069	-6.856558969808243
4582.527059421492	-6.922921637588908
4595.870177337916	-4.821517968541363
4609.213295254338	5.068756066489888
4622.556413170761	-5.106319344447298
4635.899531087183	-5.994164400629005
4649.242649003607	-4.725565612540206
4662.58576692003	120.30191977133506
4675.928884836453	-4.471441593284039
4689.272002752876	-5.038848283805604
4702.6151206692975	-3.0218378136626924
4715.95823858572	-5.535940399887753
4729.301356502145	310.1850570592814
4742.644474418568	334.0489208374033
4755.98759233499	-5.190962751680327
4769.330710251413	-5.141525815597853
4782.673828167837	-4.334702294029616
4796.016946084259	-4.579361162927841
4809.3600640006825	-4.7068133959550575
4822.703181917104	-3.528277298891763
4836.046299833527	-4.2818132699682
4849.38941774995	-4.35319577351464
4862.732535666373	-3.5752147326370363
4876.075653582797	-4.29020549225549
4889.418771499219	9.359928939736463
4902.761889415643	121.93154382584453
4916.105007332066	5.481074875696075
4929.448125248488	-3.612532070150931
4942.791243164911	-3.5910608043397945
4956.134361081333	-3.539599397351323
4969.477478997756	-3.453758356429308
4982.820596914179	-3.317463200809116
4996.163714830604	-3.1429297595237236
5009.506832747024	1.6400538982351514
5022.849950663447	3.0025682334106456
5036.1930685798725	-3.1505928723425662
5049.536186496295	-2.893536655786093
5062.879304412718	3.4810120971373784
5076.22242232914	-2.5739029096468484
5089.565540245563	-2.7175428575760265
5102.908658161985	-2.559522128968023
5116.251776078409	-2.6518871765876124
5129.594893994832	-2.7465288572318145
5142.938011911254	-2.685784696587321
5156.2811298276765	-2.624946412884225
5169.624247744102	-2.5867780720067466
5182.967365660524	-2.511889397463888
5196.310483576945	-2.429064667347018
5209.653601493369	-1.9701215644885035
5222.996719409792	-2.403226719331846
5236.3398373262135	-2.360360645833911
5249.682955242638	-2.3162455874973884
5263.0260731590615	-1.522845296478914
5276.369191075483	-2.144319542140199
5289.712308991906	-2.1618093236304223
5303.0554269083295	-2.1249713241322703
5316.398544824752	-2.0796449192080155
5329.741662741176	-2.0392094369787137
5343.084780657598	-2.0008014817206035
5356.427898574021	-1.958295970509304
5369.771016490442	-1.9087878102118094
5383.1141344068665	5.092568880073539
5396.45725232329	7.321339707326939
5409.800370239713	-1.8440816750979105
5423.143488156136	-1.805610794020117
5436.486606072559	-1.7734817666790552
5449.829723988982	-1.7344104285297028
5463.172841905404	-1.691577497423032
5476.515959821825	-1.6590499522562105
5489.85907773825	-1.6015608655302214
5503.202195654672	-1.5722442583255813
5516.545313571097	-1.4429597376334755
5529.8884314875195	-1.460338580028297
5543.231549403942	-1.5188305351410463
5556.574667320366	-1.4790717581342898
5569.917785236788	-1.4491294306857305
5583.260903153209	-1.427202000965874
5596.604021069633	-1.4147388376981944
5609.947138986056	-1.3695438252060037
5623.290256902478	-1.3696427912390419
5636.633374818902	-1.3407103515400465
5649.976492735324	-1.3269953094341886
5663.319610651748	-1.2985033427945276
5676.662728568171	-1.274323018314012
5690.005846484595	-1.246839013476896
5703.348964401017	-1.237305122382311
5716.6920823174405	-1.201926580634789
5730.035200233862	-1.184449298623084
5743.378318150285	-1.1652329653424842
5756.721436066708	-1.131805866397564
5770.064553983131	-1.0606604770700159
5783.407671899555	-1.062272497910073
5796.750789815977	-0.9617416186996721
5810.0939077324	-0.4880879048797155
5823.437025648824	-0.7703934012351639
5836.780143565245	-1.026180955011732
5850.123261481669	-0.9253063939446449
5863.466379398091	-0.9118438828325722
5876.8094973145135	-0.9760167168786922
5890.152615230936	-0.9464826617642246
5903.495733147361	-0.868322188270524
5916.838851063783	-0.8953139171046047
5930.181968980207	-0.9002786968206905
5943.52508689663	-0.9056629443332312
5956.868204813053	-0.8792598811183823
5970.211322729474	-0.8658294974888705
5983.554440645898	-0.8056032217017176
5996.89755856232	-0.8248238636852591
6010.240676478743	-0.8326720455294023
6023.583794395165	-0.8060880089458167
6036.926912311589	-0.7831942821607314
6050.270030228012	-0.773169136914818
6063.613148144435	-0.32046477286562836
6076.95626606086	-0.5494100171180278
6090.299383977282	-0.5551730608178247
6103.642501893704	-0.6980767680366526
6116.985619810127	-0.685681426859496
6130.32873772655	-0.6864483335608894
6143.671855642971	-0.5775739770167945
6157.014973559395	-0.6433927018997636
6170.35809147582	-0.6509161995742972
6183.701209392241	-0.6353417855170818
6197.044327308664	-0.6323482812069272
6210.387445225088	-0.610255103350353
6223.73056314151	2.1803782466175408
6237.073681057934	-0.6297001393116488
6250.416798974356	-0.5995228201273022
6263.759916890779	-0.5928817863537234
6277.103034807201	-0.5695248521315421
6290.446152723624	-0.4749558541936779
6303.789270640046	-0.19541945088116464
6317.132388556472	-0.4400922655640841
6330.475506472894	1.4815826700486459
6343.818624389317	1.5730363708684265
6357.16174230574	0.01000162692759048
6370.504860222161	-0.41203784923528486
6383.847978138584	-0.2621589851449543
6397.191096055008	-0.45850235531966765
6410.5342139714285	-0.48062309227652167
6423.877331887853	-0.356951398311422
6437.2204498042765	-0.42414056540122613
6450.5635677207	-0.4409781071955578
6463.906685637123	-0.4513681515498611
6477.2498035535455	-0.21493773459884125
6490.592921469968	-0.26908846049479246
6503.936039386391	-0.40275655118782294
6517.2791573028135	-0.38359854333852467
6530.622275219236	-0.39795552087085895
6543.965393135659	-0.34990632356639606
6557.3085110520815	-0.3389889791587294
6570.651628968506	-0.3829655358628557
6583.994746884929	-0.23996968518316847
6597.337864801353	-0.27367823128580754
6610.680982717775	1.5769125306159366
6624.024100634197	11.503495351416966
6637.36721855062	-0.3532225841664989
6650.710336467042	-0.31114766393523113
6664.053454383466	-0.32293092751865876
6677.396572299888	-0.2465870691199882
6690.739690216313	-0.2197561600550116
6704.082808132735	-0.3006133902763231
6717.425926049159	-0.24710285573976093
6730.769043965582	-0.2983261289788423
6744.112161882003	-0.29679338271197153
6757.455279798427	-0.29414504786015455
6770.798397714849	-0.28115695611617825
6784.141515631272	-0.2830761920888754
6797.484633547694	-0.27048549319652937
6810.827751464117	-0.23977799311888007
6824.170869380539	-0.26524828843790116
6837.513987296965	-0.18871182169468526
6850.857105213388	-0.25137697412129895
6864.200223129809	-0.0525681637171985
6877.543341046233	8.136246558705112
6890.886458962656	-0.02706472723492227
6904.229576879078	-0.13597791377124935
6917.572694795501	-0.14241136733685025
6930.915812711923	-0.20761503765801873
6944.258930628345	-0.19987396911205407
6957.60204854477	1.237362655167408
6970.945166461193	-0.2216435215182969
6984.288284377616	-0.21887369078327268
6997.63140229404	-0.20456744815340425
7010.9745202104605	-0.1423666969624861
7024.317638126885	-0.17414514479848647
7037.660756043307	-0.21420938827361624
7051.003873959729	-0.2117203786952338
7064.346991876152	-0.19739066883991185
7077.690109792576	-0.19061001417184328
7091.033227708999	-0.04167085295909206
7104.376345625422	-0.03259835117591976
7117.719463541846	0.35110330484015434
7131.062581458268	1.8089564321439418
7144.405699374691	1494.0096880091369
7157.7488172911135	439.1713872360372
7171.091935207536	2.239615569493627
7184.435053123959	1.2823332534867025
7197.7781710403815	0.7497365270848555
7211.121288956806	0.7671710880324983
7224.464406873227	0.2993931620967508
7237.807524789651	0.18891100993786408
7251.150642706075	0.14151488363638975
7264.493760622498	0.11283166811417081
7277.83687853892	0.1665303907842855
7291.179996455342	0.09354129212471987
7304.523114371765	0.0736162158321136
7317.866232288187	0.06530167932717067
7331.209350204611	0.05909525272005384
7344.552468121032	0.056186837549997294
7357.895586037457	0.05275474533486779
7371.238703953882	0.04973309311855299
7384.581821870304	0.047395274777518315
7397.924939786726	0.0796437426363209
7411.268057703149	0.05351021488354206
7424.611175619571	0.05595754561791359
7437.954293535993	0.05397410321109599
7451.297411452416	0.05692281765995018
7464.6405293688385	0.04190441997844052
7477.983647285264	0.050880597372473704
7491.326765201687	0.07184273325206333
7504.66988311811	0.05501177026604933
7518.013001034533	0.055267504498645106
7531.356118950954	0.055312735788763924
7544.699236867377	0.06560486055286033
7558.0423547838	0.06357087185760688
7571.385472700223	0.0640039460561244
7584.728590616644	0.0670428197688178
7598.071708533069	0.08553664775765983
7611.41482644949	0.07235857093681128
7624.757944365917	0.0757777924229483
7638.10106228234	0.07888825738822473
7651.444180198761	0.09603236999532641
7664.787298115184	0.08651716851096544
7678.130416031607	0.09518885121652294
7691.4735339480285	0.3512869951703852
7704.816651864451	0.03646232479996737
7718.159769780874	0.07417430658888652
7731.502887697299	0.08668692698250244
7744.846005613723	0.08447542865088128
7758.1891235301455	0.09006382956261626
7771.532241446568	0.09223269864027299
7784.875359362992	0.1266533556258572
7798.218477279411	0.1333030305940351
7811.561595195837	0.4243854905470979
7824.904713112259	0.19332676663704013
7838.24783102868	0.08024088507095929
7851.590948945104	0.09096630549930611
7864.934066861527	0.09695679932877466
7878.27718477795	0.09966133392683571
7891.620302694374	0.10410684048417451
7904.963420610797	0.10698180779609796
7918.306538527219	0.11036514974664424
7931.649656443642	0.11424053605584188
7944.992774360064	0.11421379869092063
7958.335892276486	0.11791471017913006
7971.67901019291	0.12001093151813876
7985.022128109331	0.11947553452904795
7998.365246025757	0.25007293105339573
8011.708363942179	0.12976696220344994
8025.051481858603	0.13191691209424122
8038.394599775025	0.13405378427603373
8051.73771769145	0.1359132065520075
8065.0808356078705	0.1378902943894978
8078.423953524293	0.14017328925874853
8091.767071440717	0.1421740405901783
8105.110189357138	0.14755802521727227
8118.453307273561	0.14692659533569294
8131.796425189984	0.14897632513613424
8145.139543106409	0.15024162934786373
8158.482661022834	0.15325319323384043
8171.825778939255	0.15182520640590427
8185.168896855676	0.16276759375338604
8198.5120147721	0.16008633180941556
8211.85513268852	0.1602235788566659
8225.198250604946	0.1655980228430573
8238.541368521368	0.1797918765343972
8251.884486437793	0.1688379888801343
8265.227604354217	0.17042555616172894
8278.570722270639	0.17060742866697645
8291.913840187062	0.1729175428863609
8305.256958103484	0.23586632345312525
8318.600076019908	0.21654416941478855
8331.94319393633	0.17590765081641296
8345.286311852753	0.17822898816199828
8358.629429769175	0.1810725446402154
8371.972547685598	0.18308956585621594
8385.31566560202	0.18519762102981774
8398.658783518444	0.18615708700405698
8412.001901434867	0.18833133648234704
8425.345019351289	0.19005452516432522
8438.688137267713	0.1924256600142355
8452.031255184134	0.19354755524815714
8465.374373100558	0.20627576264623917
8478.717491016982	0.2259443625952903
8492.060608933403	0.20119846400411162
8505.403726849827	0.20168486688396242
8518.74684476625	0.20342602132584808
8532.089962682674	0.20503993866393708
8545.433080599094	0.2058983333870125
8558.776198515518	0.20776792195050692
8572.119316431941	0.21038196788693125
8585.462434348365	0.21162822374206547
8598.805552264786	0.21552833285023826
8612.14867018121	0.21433577391377473
8625.491788097632	0.21622571086805414
8638.834906014054	0.21815273990922424
8652.178023930477	0.2190999807017536
8665.521141846903	0.22116494784713003
8678.864259763326	0.22230462788789493
8692.20737767975	0.22363919285100523
8705.550495596171	0.22502601617942367
8718.893613512593	0.22653983633483366
8732.236731429015	0.22814760612601037
8745.579849345439	0.229823575246209
8758.922967261859	0.2312247369908448
8772.266085178284	0.2326912007543481
8785.609203094711	0.23390110958965082
8798.952321011135	0.2354710207473892
8812.295438927553	0.23695477893743894
8825.638556843978	0.23840530085937797
8838.9816747604	0.24096690567637413
8852.32479267682	0.24150203879747295
8865.667910593245	0.24302254954191999
8879.011028509667	0.24432667011479198
8892.354146426089	0.2454661969486062
8905.697264342512	0.24681774271251095
8919.040382258938	0.2483046327033372
8932.383500175361	0.24999441074404025
8945.726618091785	0.25117241850400074
8959.069736008207	0.2508412126332119
8972.412853924627	0.25541305469955444
8985.755971841052	0.25460148609693817
8999.099089757476	0.2562530947068238
9012.442207673896	0.2571706179909782
9025.78532559032	0.2588375883132792
9039.128443506745	0.2600204956176765
9052.471561423168	0.26102921487608177
9065.814679339588	0.26244099750387306
9079.157797256014	0.2644135280385108
9092.500915172435	0.2651354179306931
9105.844033088859	0.2664973895790562
9119.18715100528	0.2677749907401271
9132.530268921704	0.26875193643669515
9145.873386838126	0.27003150610777094
9159.216504754548	0.27117765034657737
9172.559622670973	0.27261573729482175
9185.902740587395	0.273662012517302
9199.24585850382	0.27490902871150336
9212.588976420242	0.2760598976128166
9225.932094336666	0.277313139038392
9239.275212253087	0.27824085108233243
9252.618330169507	0.27942238473376546
9265.961448085933	0.28039187042708924
9279.304566002354	0.2837791014553531
9292.647683918782	0.28327520078604235
9305.990801835203	0.2844054847426223
9319.333919751623	0.2853086556235874
9332.677037668049	0.2865899624110852
9346.02015558447	0.28761283181442393
9359.363273500892	0.2885656485501948
9372.706391417316	0.290295957185939
9386.049509333741	0.2912413765224172
9399.392627250163	0.29207441727675826
9412.735745166585	0.2932489270839138
9426.078863083007	0.29436664363180143
9439.421980999427	0.2951576895356478
9452.765098915852	0.29606649196988133
9466.108216832276	0.29731270025575224
9479.451334748703	0.2983642793439562
9492.79445266512	0.29949869648797306
9506.137570581544	0.30058082944007797
9519.480688497966	0.30169677760615515
9532.823806414392	0.3023210086134615
9546.166924330815	0.30350670187024187
9559.510042247239	0.30473596749289755
9572.85316016366	0.30539981343576006
9586.196278080084	0.30648523526206906
9599.539395996506	0.30753866696574117
9612.882513912928	0.3083297308524221
9626.225631829351	0.30954161339128716
9639.568749745775	0.3105900287166182
9652.911867662198	0.3116910658906362
9666.25498557862	0.31254595674706104
9679.598103495042	0.3135949018684447
9692.941221411464	0.31445389945805785
9706.284339327885	0.3151706745649907
9719.627457244313	0.31622982805308625
9732.970575160734	0.3171726793136915
9746.313693077158	0.3181318244143495
9759.656810993582	0.31910994007563936
9772.999928910003	0.32001259919495206
9786.343046826427	0.32090402639474125
9799.686164742849	0.3212953499316787
9813.029282659278	0.32268081334217114
9826.372400575696	0.32361618409354015
9839.71551849212	0.3247273318466039
9853.058636408541	0.32540261145092664
9866.401754324963	0.3262173714606117
9879.744872241386	0.3275411760968962
9893.08799015781	0.3278920620790767
9906.431108074234	0.32880479323117323
9919.774225990655	0.3287141628958129
9933.117343907075	0.33059157438271314
9946.460461823499	0.33168201909563794
9959.803579739922	0.33248165794278906
9973.14669765635	0.33305970974062193
9986.489815572768	0.3341947995085016
9999.832933489197	0.33499692267004766
10013.176051405617	0.3357331944576849
10026.51916932204	0.3364974925907883
10039.86228723846	0.3374704155731957
10053.205405154884	0.3381245412543895
10066.548523071307	0.33910015339520216
10079.891640987733	0.3398470496782223
10093.234758904156	0.34063755956576214
10106.577876820576	0.3413284823956049
10119.920994736998	0.3420061641799788
10133.264112653424	0.34273758694740497
10146.607230569844	0.3435484741526265
10159.950348486267	0.34401230557095763
10173.293466402693	0.3447763449128495
10186.636584319112	0.3430139846955382
10199.979702235536	0.3496824101999839
10213.322820151958	0.3490389087646557
10226.66593806838	0.34944447580878857
10240.009055984803	0.3498143219016255
10253.352173901229	0.35053180488898333
10266.695291817652	0.3515595646837582
10280.038409734074	0.35222968368001856
10293.381527650496	0.3527779620530168
10306.72464556692	0.35343366653370956
10320.067763483345	0.3541990839906582
10333.410881399768	0.35475841882817
10346.75399931619	0.35555516337030807
10360.097117232612	0.3563525326435519
10373.440235149035	0.3571205378153179
10386.783353065455	0.35777551392708223
10400.12647098188	0.35827237121432526
10413.469588898302	0.3586451115240964
10426.812706814724	0.36004190180640017
10440.15582473115	0.36071333961947866
10453.498942647571	0.36263804237740394
10466.842060563991	0.3626243249819806
10480.185178480417	0.36295394373651124
10493.528296396842	0.3632988196866938
10506.871414313264	0.36399791675777327
10520.214532229687	0.36445396998946544
10533.557650146107	0.36639514767927306
10546.900768062533	0.36623838810081677
10560.243885978954	0.36684383855234926
10573.587003895378	0.367579513694975
10586.930121811802	0.36824063675922664
10600.273239728229	0.3687683034946749
10613.616357644649	0.3693055935352964
10626.959475561072	0.3700158860461496
10640.302593477492	0.37047826737742434
10653.645711393916	0.3708463219280487
10666.988829310338	0.3719168776710299
10680.33194722676	0.37132417551412883
10693.675065143185	0.37207948262262586
10707.018183059608	0.37081308333877877
10720.361300976028	0.5472430267339693
10733.70441889245	0.3966611070580909
10747.047536808874	0.37944765263405084
10760.3906547253	0.37895930264861644
10773.73377264172	0.37910217638834653
10787.076890558144	0.3795269605479171
10800.420008474568	0.380038814715153
10813.763126390992	0.3803283416864133
10827.106244307412	0.3807790533285161
10840.449362223835	0.38140660477880906
10853.792480140262	0.3817079763764248
10867.135598056684	0.38275485626512584
10880.478715973106	0.3832735714583258
10893.821833889528	0.3837962887712729
10907.164951805948	0.3844034601121572
10920.508069722377	0.38503978423419055
10933.851187638797	0.3856428384655651
10947.194305555218	0.3861503979741567
10960.537423471642	0.38677540869525395
10973.880541388064	0.38740918735770613
10987.223659304487	0.387997615157578
11000.566777220907	0.38849466707269154
11013.909895137333	0.3891351701333926
11027.253013053756	0.38964300701250637
11040.596130970182	0.39025670505085763
11053.939248886603	0.39096430357121326
11067.282366803023	0.39140428658471166
11080.625484719449	0.39194602121301825
11093.96860263587	0.39257296867583147
11107.311720552296	0.39326430219434627
11120.65483846872	0.3937268142973
11133.99795638514	0.39424838196408524
11147.341074301565	0.39490087143206515
11160.684192217986	0.39542077965886885
11174.027310134408	0.3959325458261938
11187.370428050832	0.3965957813239154
11200.713545967254	0.3971639785841614
11214.05666388368	0.39760459168154527
11227.3997818001	0.39837574878556536
11240.742899716524	0.3987697109510265
11254.086017632944	0.3994630701834382
11267.429135549366	0.3999357232167311
11280.772253465791	0.40043356571435423
11294.115371382217	0.4010594926626071
11307.45848929864	0.40161588683875904
11320.80160721506	0.4020951938981831
11334.144725131486	0.4026562824952121
11347.487843047908	0.40314176889289105
11360.830960964327	0.40378401225690386
11374.174078880756	0.40427348485502057
11387.517196797176	0.40564053155108526
11400.8603147136	0.40525068889901095
11414.203432630022	0.40584517674106824
11427.546550546444	0.4063623234091388
11440.889668462867	0.40690466677250237
11454.232786379289	0.4075104760597824
11467.575904295712	0.40794072526116987
11480.919022212136	0.4085624524779492
11494.262140128558	0.40902802939863137
11507.60525804498	0.40958592824740164
11520.9483759614	0.40998435794638366
11534.291493877829	0.410600164207583
11547.63461179425	0.41102231102017195
11560.977729710674	0.4115610932472979
11574.320847627096	0.41223611993090825
11587.66396554352	0.4126364310607718
11601.007083459945	0.41316811220653965
11614.350201376365	0.4135824072672872
11627.693319292788	0.4141998911615561
11641.036437209214	0.41470720380142084
11654.379555125635	0.41524499439631785
11667.722673042055	0.41569759402988976
11681.06579095848	0.4161539894120205
11694.4089088749	0.41661151964557935
11707.752026791326	0.4171696784456829
11721.095144707748	0.4176080873323665
11734.438262624171	0.41807418375403316
11747.781380540591	0.4186754659418083
11761.124498457017	0.41908976084423133
11774.467616373438	0.4195361023010591
11787.81073428986	0.42017734386610145
11801.153852206286	0.4205696648382025
11814.496970122707	0.421104417246041
11827.840088039133	0.42149489681483965
11841.183205955556	0.4220207966022846
11854.526323871978	0.42250009204324285
11867.8694417884	0.42296664041469983
11881.212559704822	0.42345299167603156
11894.555677621249	0.4238763039250565
11907.898795537672	0.424394404442978
11921.241913454092	0.4249188836181611
11934.585031370514	0.4253267453988764
11947.928149286938	0.42568345169171967
11961.27126720336	0.42625302988068386
11974.614385119785	0.426706200320954
11987.957503036205	0.42723487320412357
12001.300620952628	0.42766340420279947
12014.643738869052	0.42817233289391654
12027.986856785474	0.428620456289028
12041.329974701895	0.4291345136337036
12054.67309261832	0.4294475170712714
12068.016210534744	0.4299829913016865
12081.359328451168	0.4303923413033564
12094.70244636759	0.4308451864395275
12108.045564284012	0.43126172590692285
12121.388682200435	0.4317521070390642
12134.73180011686	0.43229924039695045
12148.07491803328	0.4327005942631141
12161.418035949706	0.43308045274602647
12174.761153866128	0.43356628204445435
12188.104271782551	0.4339745185161544
12201.447389698971	0.4344412534162153
12214.790507615397	0.4348752266867285
12228.133625531818	0.4353701039379995
12241.47674344824	0.43571457328429003
12254.819861364664	0.4361763034744809
12268.162979281087	0.43666180759346834
12281.506097197507	0.43707854587420725
12294.849215113933	0.43747991391035035
12308.192333030353	0.4379153203171226
12321.53545094678	0.4384305866505377
12334.878568863202	0.4387058850850137
12348.221686779623	0.4392266015243103
12361.564804696049	0.43967414545722383
12374.907922612472	0.4401157900777456
12388.251040528894	0.44049017460802514
12401.594158445316	0.4409629890061619
12414.93727636174	0.44135808117592124
12428.280394278165	0.4418479164783518
12441.623512194588	0.44227863272921814
12454.966630111008	0.44268343296612445
12468.30974802743	0.44304738094108453
12481.652865943854	0.44343764220978016
12494.995983860275	0.4439443523218337
12508.3391017767	0.4442695316649692
12521.682219693124	0.4447351707563648
12535.025337609544	0.44515693150155433
12548.368455525966	0.4456032601850186
12561.71157344239	0.4459768916267091
12575.054691358811	0.44639408498855426
12588.397809275237	0.4468835697308677
12601.740927191657	0.4471816445586839
12615.084045108084	0.4475279591843108
12628.427163024506	0.4479897756923389
12641.770280940927	0.44854653184831755
12655.113398857353	0.4488916634378466
12668.456516773776	0.44926773354704286
12681.7996346902	0.4496655187460174
12695.142752606622	0.4500041353028902
12708.485870523044	0.45053967264376305
12721.828988439464	0.45091257957886793
12735.172106355893	0.4512819738451778
12748.515224272312	0.4516486785157163
12761.858342188734	0.4520985202483171
12775.201460105158	0.45243693698994425
12788.54457802158	0.4529627542078124
12801.887695938003	0.4532234062335899
12815.230813854423	0.45368528414697595
12828.573931770849	0.45405268558390793
12841.91704968727	0.45444005150054456
12855.260167603692	0.45486223235779166
12868.60328552012	0.45523810329264264
12881.94640343654	0.4556644434294796
12895.289521352965	0.45605753734902876
12908.63263926939	0.4563934598169073
12921.975757185812	0.4567863630467645
12935.318875102235	0.4571801823843199
12948.661993018655	0.4575730091404978
12962.00511093508	0.4580079267640521
12975.348228851502	0.4583593295458986
12988.691346767924	0.45872652168818356
13002.034464684348	0.45909188884097674
13015.37758260077	0.4594759914711354
13028.720700517191	0.45988567143024994
13042.063818433617	0.4603323326946544
13055.406936350038	0.46069831460620103
13068.75005426646	0.46093646399423527
13082.093172182882	0.46134865984692863
13095.436290099306	0.46179603637373673
13108.779408015727	0.4621826891511578
13122.122525932153	0.4626243744437172
13135.465643848576	0.4629845331691719
13148.808761764998	0.46324558558346246
13162.151879681423	0.4636009072164171
13175.494997597849	0.46406102225643303
13188.838115514269	0.46446014653301193
13202.181233430692	0.4648083799660899
13215.524351347116	0.4651181286665306
13228.867469263538	0.4656104956199883
13242.21058717996	0.46596616693784443
13255.553705096385	0.4662860411990447
13268.896823012805	0.4666776877083194
13282.239940929228	0.4670658591017947
13295.583058845652	0.4674256707470629
13308.926176762074	0.46767644709782025
13322.269294678495	0.46815837709000474
13335.612412594915	0.46839817388963745
13348.95553051134	0.46883886954406223
13362.298648427764	0.4691849574502925
13375.641766344186	0.4695873784468308
13388.984884260612	0.4699778599537197
13402.328002177035	0.4704269919353955
13415.67112009346	0.4706238276137924
13429.014238009882	0.47106105679853594
13442.357355926304	0.4714149625971441
13455.700473842728	0.47175391574129827
13469.043591759151	0.4721208926684618
13482.386709675571	0.47249743918535253
13495.729827591997	0.4729254369180893
13509.072945508417	0.47321658141845724
13522.416063424842	0.47361963754840986
13535.759181341264	0.4739421512622492
13549.102299257684	0.47420579344045566
13562.445417174107	0.4746236643158248
13575.788535090533	0.4749946381984902
13589.131653006954	0.4753099597973822
13602.474770923376	0.47558566423334836
13615.8178888398	0.47609084507446936
13629.16100675622	0.4764866903046986
13642.504124672643	0.47671116944020964
13655.84724258907	0.4771238988365901
13669.190360505492	0.4774396231846957
13682.533478421916	0.47772871805690115
13695.87659633834	0.47807055459918113
13709.219714254765	0.47845664770382823
13722.562832171188	0.47878092879623074
13735.905950087608	0.47917857152175286
13749.24906800403	0.4795169241735067
13762.592185920454	0.47980404079392436
13775.935303836875	0.4802803120974108
13789.2784217533	0.48056106621208805
13802.62153966972	0.48091180239139464
13815.964657586144	0.48129910960533095
13829.307775502568	0.48164903235987566
13842.65089341899	0.48191290920742774
13855.994011335411	0.48217934945019963
13869.337129251831	0.482733239127203
13882.680247168257	0.48300605811376657
13896.02336508468	0.4833270122677469
13909.366483001106	0.48358484089476794
13922.709600917527	0.48399542258819606
13936.052718833953	0.48431729770106563
13949.395836750376	0.4847375117474453
13962.738954666798	0.4849981157616064
13976.082072583222	0.4853542304125732
13989.425190499644	0.4856652493299876
14002.768308416067	0.4860165133262234
14016.111426332487	0.48638326309498225
14029.454544248912	0.4866684475797495
14042.797662165334	0.4870938770586594
14056.140780081756	0.4874108387536239
14069.48389799818	0.4876797968013893
14082.827015914603	0.4880615191246836
14096.170133831023	0.48825616125844107
14109.513251747449	0.4886848159528235
14122.856369663868	0.4889981465479565
14136.199487580294	0.48930978844335404
14149.542605496716	0.48966306610862914
14162.885723413136	0.49002729892300645
14176.228841329565	0.49037184355623964
14189.571959245986	0.4906840191586891
14202.91507716241	0.49100080261827905
14216.258195078834	0.49133008802620565
14229.601312995255	0.49177980397736115
14242.94443091168	0.49208245270527406
14256.287548828102	0.49240098442409563
14269.630666744524	0.49274786028136075
14282.973784660946	0.49316513440165577
14296.31690257737	0.4934571042431905
14309.660020493791	0.4935494861560574
14323.003138410217	0.4939054184956927
14336.346256326638	0.4942893536422375
14349.68937424306	0.4944896186837404
14363.032492159482	0.4949294473136735
14376.375610075906	0.49523757683948694
14389.718727992327	0.49561731883592514
14403.061845908753	0.49590331749186695
14416.404963825173	0.49612779186114403
14429.7480817416	0.496619535755363
14443.091199658022	0.4968893918116059
14456.434317574443	0.4970865100469585
14469.777435490869	0.4974343235639715
14483.120553407292	0.49783611038984504
14496.463671323716	0.4981544883873653
14509.806789240138	0.4985575977316941
14523.14990715656	0.4988111392876359
14536.49302507298	0.49911349528209714
14549.836142989405	0.49941175578045466
14563.179260905828	0.49978251405203056
14576.52237882225	0.5001393386603631
14589.865496738672	0.5004298529780481
14603.208614655096	0.5007892430782548
14616.55173257152	0.5009812465005747
14629.89485048794	0.5013471955652239
14643.237968404364	0.5017393196436611
14656.581086320786	0.5020078798367983
14669.924204237208	0.5023280639369105
14683.267322153632	0.5026333395784437
14696.610440070055	0.502855767065914
14709.95355798648	0.5032082377870178
14723.296675902902	0.5035429022922852
14736.639793819328	0.503918573658271
14749.982911735748	0.5041437831540868
14763.326029652171	0.5046238818516642
14776.669147568597	0.5047650680157897
14790.012265485018	0.5051042549230115
14803.35538340144	0.5054375178209469
14816.698501317864	0.5057301036466907
14830.041619234284	0.5060646578627562
14843.384737150707	0.5063001678058356
14856.727855067133	0.5065535190870701
14870.070972983554	0.506935677356422
14883.414090899976	0.5072105426528122
14896.757208816398	0.5075583238738354
14910.10032673282	0.5078891746289909
14923.443444649243	0.5082324547265333
14936.786562565669	0.5086422318190618
14950.129680482092	0.5088484246277861
14963.472798398514	0.5091194761932112
14976.81591631494	0.5094059541523712
14990.159034231365	0.5097380448654988
15003.502152147785	0.5099933529720339
15016.845270064208	0.5103088539101431
15030.188387980632	0.5107048575845298
15043.531505897054	0.5110422904690995
15056.874623813475	0.5112250423337468
15070.217741729895	0.5115835773781644
15083.56085964632	0.5118837918409629
15096.903977562744	0.5122904655000624
15110.247095479166	0.512509444573152
15123.59021339559	0.5128340109717321
15136.933331312011	0.5131238015984743
15150.276449228431	0.5134478947618923
15163.619567144857	0.5138243820730853
15176.96268506128	0.5139573940143422
15190.305802977702	0.5143535596576928
15203.648920894124	0.514623252625708
15216.992038810546	0.5148866427947439
15230.335156726967	0.5152371462909112
15243.678274643398	0.5154885138497619
15257.02139255982	0.5158114114830685
15270.364510476244	0.5160795777036011
15283.707628392667	0.5165202696584335
15297.050746309087	0.5168033816337598
15310.393864225513	0.5169946154373555
15323.736982141932	0.5173491486305093
15337.080100058354	0.5177024858683008
15350.42321797478	0.5179915653078894
15363.7663358912	0.5182534193424786
15377.109453807623	0.5185577638939314
15390.452571724049	0.5188473620359811
15403.79568964047	0.51908286436638
15417.138807556892	0.5195269190894258
15430.481925473314	0.5198052237703041
15443.825043389736	0.5199602457746672
15457.16816130616	0.5202997407516637
15470.511279222586	0.5205792834329881
15483.854397139012	0.5208762511661273
15497.197515055434	0.52117220376077
15510.540632971855	0.5215881832853121
15523.88375088828	0.5217144123810119
15537.226868804702	0.5220060825955013
15550.569986721124	0.522445217048843
15563.913104637546	0.522561051524638
15577.25622255397	0.523075456608538
15590.599340470391	0.5232343230703173
15603.942458386817	0.5234134574050557
15617.285576303237	0.5237757687303347
15630.628694219658	0.5241541960775017
15643.971812136084	0.5244658421590156
15657.314930052506	0.5247529939364906
15670.658047968927	0.5250017591960947
15684.001165885347	0.5252553053623995
15697.344283801773	0.5255490171713937
15710.687401718196	0.5258934446803221
15724.030519634618	0.5262359257781238
15737.37363755104	0.5263839182081795
15750.716755467462	0.5267879371559612
15764.059873383892	0.5270548937571544
15777.402991300314	0.5273137275681602
15790.746109216736	0.5277533405648974
15804.08922713316	0.5278199637689305
15817.432345049583	0.5282040784325652
15830.775462966005	0.5284936531379276
15844.118580882428	0.5287541449081147
15857.461698798848	0.5290376884464354
15870.804816715272	0.5293840020737963
15884.147934631696	0.5296086522120351
15897.491052548115	0.5298656981707722
15910.83417046454	0.5302586292814236
15924.177288380964	0.5304608147491627
15937.520406297384	0.5307664639525168
15950.863524213806	0.5310144537567709
15964.206642130232	0.5312869105868007
15977.549760046651	0.5316200783083541
15990.89287796308	0.5317818289229944
16004.235995879506	0.5320763639398965
16017.579113795928	0.5325368609479518
16030.922231712348	0.5328421785974186
16044.265349628771	0.532962457616204
16057.608467545197	0.5332688693769135
16070.951585461618	0.5336085506804171
16084.29470337804	0.5337832495055462
16097.637821294462	0.5341903536583935
16110.980939210884	0.5344229325489518
16124.324057127307	0.5347393446755715
16137.667175043733	0.5350584191682483
16151.010292960153	0.5352859634243462
16164.353410876576	0.5355974381046913
16177.696528792998	0.5358194679546451
16191.039646709422	0.5361577817320231
16204.382764625843	0.5363630623933462
16217.725882542263	0.5366194449691782
16231.069000458689	0.5369345306313056
16244.41211837511	0.5372208317533061
16257.755236291532	0.5374840240062946
16271.098354207956	0.5376559925218013
16284.441472124385	0.5380947123602479
16297.784590040808	0.5385074056827781
16311.12770795723	0.5386726358651537
16324.470825873654	0.5388927666220346
16337.813943790075	0.5391972027451896
16351.157061706495	0.5394700284347179
16364.50017962292	0.5396773181340329
16377.843297539344	0.5401136352649691
16391.186415455766	0.5403194038831893
16404.529533372188	0.5406172711918156
16417.87265128861	0.5407893302707301
16431.215769205035	0.541196989880618
16444.558887121457	0.5414311160980192
16457.90200503788	0.5417617021747722
16471.2451229543	0.5418724806481648
16484.588240870726	0.5422742011160271
16497.931358787147	0.5424108373337326
16511.274476703573	0.542824729805452
16524.61759462	0.5430662487229345
16537.96071253642	0.5433060359322932
16551.30383045284	0.5435754911327415
16564.646948369264	0.5438216182493484
16577.99006628569	0.5440987790084643
16591.33318420211	0.5445769121156158
16604.676302118532	0.5447550643016636
16618.019420034954	0.5449713857378459
16631.362537951376	0.5452190666476291
16644.7056558678	0.5454429112587761
16658.048773784223	0.5457388861704822
16671.391891700645	0.5460810588371773
16684.73500961707	0.5462942414687417
16698.078127533492	0.5465796432094899
16711.421245449914	0.5468478694056053
16724.764363366336	0.5471945985487257
16738.107481282757	0.547305729768752
16751.450599199183	0.5476344966733124
16764.793717115605	0.5478480814030311
16778.136835032026	0.5482376998467435
16791.479952948448	0.5484731196790203
16804.823070864877	0.548829136461449
16818.166188781302	0.5490199043933627
16831.509306697724	0.5493836655993778
16844.852424614146	0.5495721572534658
16858.195542530568	0.5497807705564393
16871.53866044699	0.5499962140245834
16884.881778363415	0.5504101714652799
16898.224896279837	0.5505915834629693
16911.56801419626	0.5506554842485704
16924.91113211268	0.5511254400386614
16938.254250029102	0.551529153412266
16951.597367945527	0.5516117175881744
16964.94048586195	0.5519918107814972
16978.28360377837	0.5521887758762553
16991.626721694793	0.5524902111359669
17004.969839611218	0.5528927524143196
17018.31295752764	0.552965841872604
17031.656075444065	0.5533108925890111
17044.999193360494	0.5534823288132124
17058.342311276916	0.5538035018643594
17071.685429193338	0.5541632130883374
17085.02854710976	0.5542814911903575
17098.37166502618	0.5544888762164787
17111.714782942603	0.5545895685147055
17125.05790085903	0.5550950175703646
17138.40101877545	0.5553672435763926
17151.744136691872	0.5555343060866216
17165.087254608294	0.5557758559862487
17178.430372524715	0.5561971728270013
17191.77349044114	0.5562571124568778
17205.116608357563	0.5567195944869804
17218.459726273984	0.5568463306818009
17231.802844190406	0.5572732039339252
17245.145962106828	0.5573732592024422
17258.489080023253	0.5576007095476314
17271.832197939675	0.5579522358974129
17285.175315856097	0.5582809353926933
17298.51843377252	0.5584766672972424
17311.86155168894	0.5588133569603544
17325.204669605373	0.5590439650307675
17338.547787521795	0.5592254480713104
17351.890905438217	0.5596683101201508
17365.234023354642	0.559676000470777
17378.577141271064	0.5600657479447534
17391.920259187485	0.5602923723353823
17405.263377103907	0.560506639410657
17418.60649502033	0.5607655487656489
17431.949612936754	0.5612411046683494
17445.292730853176	0.5613221428889826
17458.635848769598	0.5615234385251797
17471.97896668602	0.5617921137808807
17485.32208460244	0.5621040995019939
17498.665202518867	0.5622549688459533
17512.00832043529	0.5626096535569122
17525.35143835171	0.5629548868458902
17538.694556268132	0.5629534097398967
17552.03767418456	0.563344578603813
17565.380792100987	0.5635033537375393
17578.72391001741	0.5638811995333558
17592.06702793383	0.5640846045226404
17605.410145850252	0.5643697520604738
17618.753263766677	0.5645932934348439
17632.0963816831	0.5648354130594224
17645.43949959952	0.5649849038208083
17658.782617515943	0.5652998133380803
17672.125735432364	0.5656257983038104
17685.46885334879	0.5657351895922984
17698.81197126521	0.5660721814152858
17712.155089181633	0.5662695844866281
17725.498207098055	0.566534296060303
17738.84132501448	0.5666184478321343
17752.184442930902	0.5670615326440807
17765.527560847324	0.5672394888357649
17778.870678763746	0.5675225148722308
17792.213796680167	0.5677849730462983
17805.556914596593	0.5681671147063382
17818.900032513015	0.5682555819847848
17832.243150429436	0.5685537273688924
17845.586268345865	0.5689102373327841
17858.929386262287	0.5690877130461478
17872.27250417871	0.5693379269374443
17885.615622095134	0.5696154842094125
17898.958740011556	0.5695557692078461
17912.301857927978	0.5700323522223038
17925.6449758444	0.5702931951228024
17938.98809376082	0.5705444606949021
17952.331211677247	0.5707465511365546
17965.67432959367	0.5709368490846713
17979.01744751009	0.5712354327718921
17992.360565426516	0.5714720725390225
18005.703683342937	0.5716281680908931
18019.04680125936	0.5718494716138194
18032.38991917578	0.5722103370051743
18045.733037092206	0.5724615555494925
18059.076155008628	0.572707612901689
18072.419272925054	0.5728282184065231
18085.76239084148	0.5730622976468128
18099.1055087579	0.5733734798458217
18112.44862667432	0.5736604497287466
18125.791744590744	0.5738571034883664
18139.13486250717	0.5740993205737335
18152.47798042359	0.5743117073454178
18165.821098340013	0.5745366170779406
18179.164216256435	0.5749493528795862
18192.507334172857	0.5750800723057056
18205.85045208928	0.5750146254780841
18219.193570005704	0.5755147111934444
18232.53668792213	0.5757876577788323
18245.87980583855	0.5759625092005042
18259.222923754973	0.5761789851063737
18272.566041671394	0.5762399769306326
18285.909159587816	0.5766289274709843
18299.25227750424	0.5768812152276418
18312.595395420663	0.5772268752235036
18325.938513337085	0.5773225265691503
18339.281631253507	0.5775863904868975
18352.62474916993	0.5779348313810015
18365.96786708636	0.5780644913066737
18379.310985002776	0.5783510869428492
18392.654102919205	0.5784175391390143
18405.997220835627	0.578753123122751
18419.34033875205	0.5789943402917956
18432.683456668474	0.5792419123789122
18446.02657458489	0.5792726890051887
18459.369692501317	0.5796105485159015
18472.712810417735	0.5797197323049998
18486.05592833416	0.5799896328940806
18499.399046250583	0.5804158532738921
18512.742164167008	0.5807106005798405
18526.085282083433	0.5807877717962379
18539.428399999848	0.5811073836292227
18552.771517916277	0.5811788385580124
18566.114635832695	0.5813903675099888
18579.45775374912	0.5816824732610945
18592.800871665542	0.5820209684412424
18606.143989581968	0.5820545564788647
18619.487107498397	0.5823338539674999
18632.830225414815	0.582558708161877
18646.17334333124	0.5829576001461874
18659.516461247666	0.5829068990565957
18672.859579164084	0.5832402229732596
18686.202697080505	0.5834886095760213
18699.545814996927	0.5837386794542901
18712.888932913356	0.5838812453182204
18726.23205082977	0.5842132757180737
18739.5751687462	0.5842587058918565
18752.918286662614	0.584545363017053
18766.261404579043	0.5846913522009543
18779.60452249547	0.5847502733101566
18792.947640411887	0.5850909648392901
18806.290758328312	0.5854186922455422
18819.63387624473	0.5855847366717157
18832.97699416116	0.5858646950752093
18846.320112077578	0.5859094550999636
18859.663229994	0.5862987777760691
18873.00634791042	0.5863921298421382
18886.349465826843	0.5864547546702574
18899.692583743272	0.5869107482713888
18913.035701659697	0.5869713024925922
18926.37881957612	0.5872271022121585
18939.72193749254	0.5876509960601266
18953.065055408963	0.5879137857599435
18966.408173325388	0.5880565464243007
18979.75129124181	0.5881097765264389
18993.09440915823	0.5884450826574404
19006.437527074657	0.5885872626901583
19019.78064499108	0.5888732723208034
19033.1237629075	0.5889624306094561
19046.46688082393	0.5891795402367277
19059.809998740348	0.5892929060308866
19073.15311665677	0.5894528204019025
19086.49623457319	0.5898127090751609
19099.839352489624	0.5898873098797793
19113.182470406045	0.5902083613280518
19126.525588322467	0.5902481483557029
19139.86870623889	0.5906042948279389
19153.21182415531	0.5908017228384569
19166.554942071733	0.5911669766586521
19179.898059988154	0.5911203286190788
19193.241177904576	0.5914385110727818
19206.584295821	0.5913560578351978
19219.92741373742	0.5918126338852892
19233.270531653845	0.5920238293925884
19246.61364957027	0.5921125914403655
19259.95676748669	0.5925578837251244
19273.299885403118	0.5925800281473655
19286.643003319536	0.5928622959023542
19299.98612123596	0.5929261295653673
19313.329239152383	0.5931311213938532
19326.672357068805	0.5933990835563955
19340.015474985223	0.5934796773370378
19353.358592901648	0.5939171338762208
19366.701710818073	0.593912971672111
19380.044828734488	0.5941185306713194
19393.38794665092	0.5945084883144032
19406.731064567335	0.5946351754949075
19420.074182483764	0.5946951858751509
19433.417300400193	0.5948015304571245
19446.760418316608	0.5949516259951635
19460.103536233037	0.5952103686666911
19473.44665414945	0.5953564279118206
19486.789772065884	0.5956243451027479
19500.132889982306	0.5957919224694177
19513.476007898727	0.5959706695808443
19526.81912581515	0.5962230631029841
19540.162243731567	0.5963460591551593
19553.505361647996	0.5966003044720932
19566.848479564414	0.5968816481544542
19580.19159748084	0.5968947268787482
19593.534715397265	0.5971475516765823
19606.877833313683	0.597358141548564
19620.22095123012	0.5974024006941088
19633.564069146538	0.5976031562793864
19646.90718706296	0.5978822394232601
19660.25030497938	0.5978725012495985
19673.593422895803	0.5981788254443259
19686.936540812225	0.5983018748911533
19700.279658728647	0.5984663080632033
19713.62277664507	0.5987444761730121
19726.965894561486	0.59881817362613
19740.30901247792	0.599083082978034
19753.65213039434	0.599299257203014
19766.995248310763	0.5993057353970048
19780.338366227184	0.599329548905018
19793.681484143606	0.5997358942857189
19807.024602060028	0.5998322701605641
19820.367719976453	0.600162767287831
19833.710837892875	0.6002893062266625
19847.053955809297	0.6003970040451221
19860.39707372572	0.6006028926124122
19873.740191642144	0.6006007835337936
19887.08330955857	0.6008258086105267
19900.426427474988	0.6009325283446951
19913.76954539141	0.6009552459251429
19927.11266330783	0.6012870561754172
19940.455781224256	0.6015412781105853
19953.79889914068	0.6016240342798544
19967.142017057104	0.6018412275680953
19980.48513497353	0.6019875663874309
19993.82825288995	0.602263055656511
20007.171370806376	0.6023469298362646
20020.5144887228	0.602434796680298
20033.85760663922	0.6025199880708028
20047.20072455564	0.602815464194171
20060.543842472063	0.602835846552823
20073.886960388485	0.6031872594117805
20087.23007830491	0.6032576438377981
20100.573196221336	0.6034346250632686
20113.91631413776	0.6035123175365691
20127.259432054176	0.6037888229070036
20140.60254997061	0.6037643248427103
20153.945667887034	0.6040515520312011
20167.28878580345	0.6042492707734796
20180.631903719877	0.6042408846701238
20193.97502163629	0.6044211036276199
20207.31813955272	0.6044416728171358
20220.661257469143	0.6048875203620017
20234.004375385564	0.6047970921981624
20247.347493301982	0.6048450672665691
20260.690611218408	0.6051078736181728
20274.033729134837	0.6052492513332902
20287.37684705125	0.605310276299104
20300.71996496768	0.6056074832813815
20314.063082884095	0.6057339554516525
20327.40620080052	0.6058584267097162
20340.74931871695	0.6060825891655437
20354.092436633367	0.6061894076333523
20367.435554549797	0.6062495642474909
20380.77867246621	0.6062036590044979
20394.12179038264	0.6064382949198514
20407.464908299055	0.6064846248602679
20420.80802621548	0.6066689327936601
20434.151144131905	0.6068982252944466
20447.494262048323	0.6069991759050064
20460.83737996475	0.607004126935845
20474.180497881174	0.6075279746384759
20487.5236157976	0.6073896991536201
20500.86673371402	0.6074458893696645
20514.209851630443	0.6076833027430305
20527.55296954687	0.6076234442919698
20540.896087463287	0.6078791592336659
20554.239205379712	0.607944572851482
20567.58232329613	0.6078374942081962
20580.92544121256	0.608104870544566
20594.26855912898	0.6083452584457585
20607.611677045406	0.6082353107704024
20620.954794961828	0.6084936962749279
20634.297912878246	0.6086792424566363
20647.64103079467	0.6086833205033526
20660.9841487111	0.6089386133069661
20674.32726662752	0.6092489678104037
20687.670384543948	0.6092608805685906
20701.01350246037	0.6090587808955774
20714.35662037679	0.6091717673810073
20727.699738293213	0.6094080022690251
20741.042856209635	0.6093520434100435
20754.385974126057	0.6096386521710802
20767.72909204248	0.6097756106866168
20781.0722099589	0.6095906915127844
20794.41532787533	0.6098098783566653
20807.758445791747	0.6099446842639745
20821.101563708173	0.6101790835516164
20834.444681624595	0.6101455622943488
