  0.0000e+00  0.0000e+00  0.0000e+00  0.0000e+00  0.0000e+00  0.0000e+00  0.0000e+00  0.0000e+00  0.0000e+00  0.0000e+00  0.0000e+00  0.0000e+00  0.0000e+00  0.0000e+00  0.0000e+00  0.0000e+00  0.0000e+00  0.0000e+00  0.0000e+00  0.0000e+00  0.0000e+00  0.0000e+00  0.0000e+00  0.0000e+00  0.0000e+00  0.0000e+00  0.0000e+00  0.0000e+00  0.0000e+00  0.0000e+00  0.0000e+00  0.0000e+00  0.0000e+00  0.0000e+00  0.0000e+00  0.0000e+00  0.0000e+00  0.0000e+00  0.0000e+00  0.0000e+00  0.0000e+00  0.0000e+00  0.0000e+00  0.0000e+00  0.0000e+00  0.0000e+00  0.0000e+00  0.0000e+00  0.0000e+00  0.0000e+00  0.0000e+00  0.0000e+00  0.0000e+00  0.0000e+00  0.0000e+00  0.0000e+00  0.0000e+00  0.0000e+00  0.0000e+00  0.0000e+00  0.0000e+00  0.0000e+00  0.0000e+00  0.0000e+00  0.0000e+00  0.0000e+00  0.0000e+00  0.0000e+00  0.0000e+00  0.0000e+00
  0.0000e+00  0.0000e+00  0.0000e+00  0.0000e+00  0.0000e+00  0.0000e+00  0.0000e+00  0.0000e+00  0.0000e+00  0.0000e+00  0.0000e+00  0.0000e+00  0.0000e+00  0.0000e+00  0.0000e+00  0.0000e+00  0.0000e+00  0.0000e+00  0.0000e+00  0.0000e+00  0.0000e+00  0.0000e+00  0.0000e+00  0.0000e+00  0.0000e+00  0.0000e+00  0.0000e+00  0.0000e+00  0.0000e+00  0.0000e+00  0.0000e+00  0.0000e+00  0.0000e+00  0.0000e+00  0.0000e+00  0.0000e+00  0.0000e+00  0.0000e+00  0.0000e+00  0.0000e+00  0.0000e+00  0.0000e+00  0.0000e+00  0.0000e+00  0.0000e+00  0.0000e+00  0.0000e+00  0.0000e+00  0.0000e+00  0.0000e+00  0.0000e+00  0.0000e+00  0.0000e+00  0.0000e+00  0.0000e+00  0.0000e+00  0.0000e+00  0.0000e+00  0.0000e+00  0.0000e+00  0.0000e+00  0.0000e+00  0.0000e+00  0.0000e+00  0.0000e+00  0.0000e+00  0.0000e+00  0.0000e+00  0.0000e+00  0.0000e+00
  0.0000e+00  0.0000e+00  0.0000e+00  0.0000e+00  0.0000e+00  0.0000e+00  0.0000e+00  0.0000e+00  0.0000e+00  0.0000e+00  0.0000e+00  0.0000e+00  0.0000e+00  0.0000e+00  0.0000e+00  0.0000e+00  0.0000e+00  0.0000e+00  0.0000e+00  0.0000e+00  0.0000e+00  0.0000e+00  0.0000e+00  0.0000e+00  0.0000e+00  0.0000e+00  0.0000e+00  0.0000e+00  0.0000e+00  0.0000e+00  0.0000e+00  0.0000e+00  0.0000e+00  0.0000e+00  0.0000e+00  0.0000e+00  0.0000e+00  0.0000e+00  0.0000e+00  0.0000e+00  0.0000e+00  0.0000e+00  0.0000e+00  0.0000e+00  0.0000e+00  0.0000e+00  0.0000e+00  0.0000e+00  0.0000e+00  0.0000e+00  0.0000e+00  0.0000e+00  0.0000e+00  0.0000e+00  0.0000e+00  0.0000e+00  0.0000e+00  0.0000e+00  0.0000e+00  0.0000e+00  0.0000e+00  0.0000e+00  0.0000e+00  0.0000e+00  0.0000e+00  0.0000e+00  0.0000e+00  0.0000e+00  0.0000e+00  0.0000e+00
  0.0000e+00  0.0000e+00  0.0000e+00  0.0000e+00  0.0000e+00  0.0000e+00  0.0000e+00  0.0000e+00  0.0000e+00  0.0000e+00  0.0000e+00  0.0000e+00  0.0000e+00  0.0000e+00  0.0000e+00  0.0000e+00  0.0000e+00  0.0000e+00  0.0000e+00  0.0000e+00  0.0000e+00  0.0000e+00  0.0000e+00  0.0000e+00  0.0000e+00  0.0000e+00  0.0000e+00  0.0000e+00  0.0000e+00  0.0000e+00  0.0000e+00  0.0000e+00  0.0000e+00  0.0000e+00  0.0000e+00  0.0000e+00  0.0000e+00  0.0000e+00  0.0000e+00  0.0000e+00  0.0000e+00  0.0000e+00  0.0000e+00  0.0000e+00  0.0000e+00  0.0000e+00  0.0000e+00  0.0000e+00  0.0000e+00  0.0000e+00  0.0000e+00  0.0000e+00  0.0000e+00  0.0000e+00  0.0000e+00  0.0000e+00  0.0000e+00  0.0000e+00  0.0000e+00  0.0000e+00  0.0000e+00  0.0000e+00  0.0000e+00  0.0000e+00  0.0000e+00  0.0000e+00  0.0000e+00  0.0000e+00  0.0000e+00  0.0000e+00
  0.0000e+00  0.0000e+00  0.0000e+00  0.0000e+00  0.0000e+00  0.0000e+00  0.0000e+00  0.0000e+00  0.0000e+00  0.0000e+00  0.0000e+00  0.0000e+00  0.0000e+00  0.0000e+00  0.0000e+00  0.0000e+00  0.0000e+00  0.0000e+00  0.0000e+00  0.0000e+00  0.0000e+00  0.0000e+00  0.0000e+00  0.0000e+00  0.0000e+00  0.0000e+00  0.0000e+00  0.0000e+00  0.0000e+00  0.0000e+00  0.0000e+00  0.0000e+00  0.0000e+00  0.0000e+00  0.0000e+00  0.0000e+00  0.0000e+00  0.0000e+00  0.0000e+00  0.0000e+00  0.0000e+00  0.0000e+00  0.0000e+00  0.0000e+00  0.0000e+00  0.0000e+00  0.0000e+00  0.0000e+00  0.0000e+00  0.0000e+00  0.0000e+00  0.0000e+00  0.0000e+00  0.0000e+00  0.0000e+00  0.0000e+00  0.0000e+00  0.0000e+00  0.0000e+00  0.0000e+00  0.0000e+00  0.0000e+00  0.0000e+00  0.0000e+00  0.0000e+00  0.0000e+00  0.0000e+00  0.0000e+00  0.0000e+00  0.0000e+00
  0.0000e+00  0.0000e+00  0.0000e+00  0.0000e+00  0.0000e+00  0.0000e+00  0.0000e+00  0.0000e+00  0.0000e+00  0.0000e+00  0.0000e+00  0.0000e+00  0.0000e+00  0.0000e+00  0.0000e+00  0.0000e+00  0.0000e+00  0.0000e+00  0.0000e+00  0.0000e+00  0.0000e+00  0.0000e+00  0.0000e+00  0.0000e+00  0.0000e+00  0.0000e+00  0.0000e+00  0.0000e+00  0.0000e+00  0.0000e+00  0.0000e+00  0.0000e+00  0.0000e+00  0.0000e+00  0.0000e+00  0.0000e+00  0.0000e+00  0.0000e+00  0.0000e+00  0.0000e+00  0.0000e+00  0.0000e+00  0.0000e+00  0.0000e+00  0.0000e+00  0.0000e+00  0.0000e+00  0.0000e+00  0.0000e+00  0.0000e+00  0.0000e+00  0.0000e+00  0.0000e+00  0.0000e+00  0.0000e+00  0.0000e+00  0.0000e+00  0.0000e+00  0.0000e+00  0.0000e+00  0.0000e+00  0.0000e+00  0.0000e+00  0.0000e+00  0.0000e+00  0.0000e+00  0.0000e+00  0.0000e+00  0.0000e+00  0.0000e+00
  3.4724e+01 -6.7108e-02 -7.5997e-03  3.8708e-02 -3.0190e-02 -6.3801e-03  1.9174e-02 -5.3864e-02  2.4623e-02  6.9526e-02 -6.4099e-02 -2.7488e-02  8.4339e-03 -1.1660e-01 -2.2519e-02  5.5439e-02 -1.2724e-01 -7.5810e-02  7.7169e-02 -1.6437e-01  9.3742e-03  6.0798e-02 -7.8912e-02 -9.5779e-03  3.9249e-02 -1.0566e-01 -2.1580e-02  4.7943e-02 -1.0078e-02  1.2707e-02  1.6227e-02  5.1564e-02  2.3666e-02 -1.0995e-02 -8.5223e-02 -6.8693e-02 -5.1182e-02 -6.3518e-02 -8.0652e-02 -9.6503e-02 -1.1101e-01 -7.3879e-02 -3.2155e-02  1.6345e-01 -4.2998e-02 -1.1506e-01  2.6270e-01 -2.1973e-01 -1.4175e-01  1.4083e-01  1.3617e-01 -1.2594e-01 -3.2732e-02  1.5231e-01  1.0668e-01  1.4467e-03  2.2388e-01  1.0273e-01 -3.1010e-02  1.2226e-01  9.5067e-02  2.4915e-01  9.8112e-03 -9.3140e-02  5.4767e-01  4.5698e-03 -1.2930e-01  6.1953e-02 -2.3245e-01 -1.5637e-01
  3.5559e+01 -2.4974e-02 -5.1021e-02 -1.0064e-02 -1.4520e-02 -2.2593e-02 -6.8909e-03 -2.2839e-02 -4.7713e-02 -3.2503e-03 -1.9633e-02 -6.9219e-02 -3.3229e-02 -4.2728e-02 -5.8076e-02 -1.8768e-03 -4.8020e-02 -7.8968e-02  9.1381e-04 -6.6011e-02 -4.6509e-02 -6.2414e-03 -3.0672e-02 -3.7958e-02 -3.3788e-03 -5.8640e-02 -4.5369e-02  2.3822e-02  8.7164e-03 -2.4492e-03 -4.2603e-02  2.2215e-02  4.2411e-02 -3.7026e-02  8.6870e-02 -2.1603e-01 -1.1819e-01  1.6739e-01 -2.7591e-01 -1.4802e-01  9.1294e-02 -1.6605e-01 -1.0747e-01  2.3630e-02  2.6266e-01  1.0414e-01  5.1850e-02  2.3484e-01  1.0593e-01  7.1029e-03  3.6674e-01  1.1017e-01 -3.5400e-02 -1.4091e-01  4.6299e-02 -2.6561e-02 -1.6395e-01  6.8258e-02 -7.1988e-02 -1.4275e-01  5.7097e-02  4.5059e-02  2.3922e-01 -2.9741e-03 -9.3606e-02  3.1724e-01 -6.0328e-02  1.2958e-01  3.6335e-01  9.6022e-02
  4.0406e+01 -6.6822e-02 -2.4509e-02  2.3875e-02 -5.5457e-02 -1.9337e-02  1.9197e-02 -6.2111e-02 -1.0379e-02  1.7023e-02 -5.0852e-02 -3.2406e-02  2.2178e-02 -9.6342e-02 -3.5279e-02  3.6859e-02 -1.0436e-01 -9.6200e-02  8.1943e-02 -1.6350e-01 -1.8929e-03  2.2508e-02 -1.8422e-02 -7.5744e-03  3.9500e-03  1.5459e-01  6.2323e-02 -7.1147e-02 -1.5924e-01 -6.6448e-02  6.5031e-02 -9.2076e-02 -4.4876e-02  3.8651e-02  4.8037e-02  2.7761e-02  1.7507e-01 -9.6353e-03  6.3439e-02  2.5785e-01  1.1845e-01  1.5822e-03  1.1081e-01  1.9019e-01  8.2811e-02 -8.0830e-02  3.2967e-01 -2.3601e-01 -1.4944e-01  1.3312e-01  4.3071e-01 -4.8122e-02 -8.1707e-02 -5.7537e-02 -1.4967e-01 -1.4262e-01 -1.4709e-01 -1.6322e-01 -2.8862e-02  2.5237e-02 -1.3562e-01 -4.4964e-04 -5.0582e-03  6.9166e-03 -1.8965e-01 -1.6199e-02  4.3934e-02  2.0960e-01  2.3821e-01 -6.8379e-02
  5.3343e+01 -6.3708e-03  8.2855e-02  2.1366e-02 -1.6063e-03  5.7463e-02  1.1130e-02 -5.6369e-03  6.7545e-02  3.8289e-02  8.6420e-03  7.6519e-02  2.9063e-02 -2.5533e-02  9.7010e-02  1.2346e-03 -2.8833e-02  9.4942e-02 -1.5730e-02 -2.6761e-02  9.4719e-02 -3.7970e-03 -3.8084e-02  1.2072e-01  1.3197e-02 -1.2520e-02  1.3414e-01  2.4308e-02 -7.2038e-02  1.1405e-01  1.7143e-02 -6.4399e-02  9.1942e-02  8.6141e-03  1.6934e-01 -8.0129e-02 -2.3121e-02  2.3869e-01 -1.3435e-01 -2.5346e-02  1.9265e-01 -2.7146e-02 -2.7353e-02 -1.2752e-02 -1.6488e-02 -1.6466e-02 -1.7019e-02 -1.2643e-03 -1.1987e-02  1.2782e-04 -7.6439e-02 -3.4783e-02 -4.5943e-02 -1.9290e-01  5.6897e-02 -6.9295e-02 -3.0567e-01  9.4977e-02 -9.1421e-02 -1.4386e-01  8.8699e-02  8.4126e-03 -1.3898e-01 -7.9929e-02  3.8432e-01 -2.2392e-01 -4.8115e-02 -2.2101e-01 -4.5267e-01 -2.3643e-01
  5.6149e+01 -4.7621e-02  1.4344e-01  2.7030e-02 -5.3820e-02  1.6844e-01  3.4847e-02 -5.9372e-02  1.1764e-01 -5.4204e-03 -4.9314e-02  1.2339e-01 -6.0439e-03  3.1356e-03  9.9431e-02  8.6599e-02  1.5265e-02  1.1884e-01  1.2842e-01  1.5192e-02  1.1163e-01  1.2038e-01  2.4530e-02  1.2557e-02  5.5025e-02 -1.7983e-02 -1.9085e-02 -8.8236e-03  8.7613e-02 -1.6345e-02  9.8012e-02  8.6039e-02 -4.8551e-02  8.8031e-02  2.4615e-02 -4.7501e-02 -1.3897e-01  6.9592e-02 -7.3963e-02 -2.1417e-01  3.4109e-02 -8.0927e-02 -1.5619e-01 -6.9236e-03 -1.4054e-01 -1.4156e-01  3.9447e-03 -1.9731e-01 -1.6022e-01 -6.7053e-03 -1.4484e-01 -1.3767e-01 -8.6570e-02 -6.3854e-02 -7.8907e-02 -1.4486e-01 -1.0022e-01 -1.1894e-01 -8.1613e-02 -1.2337e-01 -1.0239e-01  3.4460e-02  5.7012e-02  1.4831e-01 -3.3267e-01  8.4926e-02  1.7078e-01  2.7763e-01  3.7313e-01  2.3195e-01
  6.0263e+01  2.7475e-02  1.1492e-02 -1.4065e-02  4.7638e-02  2.0120e-02 -2.2452e-02  3.5114e-02  1.8381e-02  1.0291e-02  1.8540e-02  3.6775e-03 -4.0234e-02 -2.0143e-02 -7.8023e-03  8.9955e-03 -3.1573e-02 -4.1844e-02 -3.8677e-03 -3.5806e-02  1.7006e-02  3.5900e-02 -2.3033e-02 -1.2262e-02  9.5180e-03  4.4981e-02  1.4906e-02 -2.1565e-02 -1.0080e-01 -4.5424e-02  4.3689e-02 -5.6480e-02 -3.0017e-02  2.6317e-02 -3.0023e-02  3.9957e-02 -2.7317e-02 -8.0161e-02  7.9372e-02 -2.5556e-02 -4.6649e-02  1.1196e-03 -2.5197e-02 -1.0224e-02 -4.7728e-03  4.6893e-04 -2.2712e-02  6.0437e-01  2.6073e-01  1.4641e-01 -5.6457e-01 -3.2269e-01  2.1751e-02 -3.8202e-02  2.1947e-02  1.2039e-02 -9.3307e-02  4.2072e-02 -7.9171e-03 -2.1565e-02  3.7548e-02  7.2904e-02  2.9191e-02 -1.2974e-02  1.9606e-02  3.1620e-02 -8.2392e-03  1.5665e-01  1.2381e-01 -5.7069e-02
  6.6259e+01  6.0121e-02  2.2484e-02 -2.8763e-02  5.5875e-02  2.1526e-02 -2.6804e-02  6.9362e-02  3.9392e-02 -1.0654e-02  6.2368e-02  9.4813e-03 -5.2060e-02  5.5501e-03  2.0700e-03 -4.4793e-03 -7.1352e-03 -3.5955e-02 -1.9681e-02 -1.1958e-02  2.9182e-02  2.4121e-02 -3.0472e-03 -2.4679e-03 -1.0146e-03  8.5479e-02  3.3409e-02 -3.8551e-02 -1.1596e-01 -4.8812e-02  4.6406e-02 -7.0307e-02 -3.4069e-02  2.8415e-02 -5.3086e-02  5.0851e-02 -8.8299e-02 -9.5147e-02  9.3882e-02 -1.7547e-01 -1.1546e-01 -3.7755e-02 -6.3806e-02 -7.2141e-02 -2.4729e-02  2.8444e-02 -1.5109e-01 -5.2600e-01 -2.3135e-01 -2.1688e-01  3.9589e-01  3.8499e-01  5.6001e-02 -4.6482e-02  9.0624e-02  1.1424e-01 -9.1674e-02  1.7588e-01 -4.8205e-02 -1.1216e-02  1.3672e-01  6.1251e-02  1.5968e-02 -1.5132e-02 -1.3008e-02  1.2784e-02 -1.9188e-03  1.7257e-01  1.4103e-01 -7.6164e-02
  7.9925e+01 -4.9689e-02  1.8127e-02 -4.2527e-02 -5.1088e-02  2.7595e-02 -4.0427e-02 -5.0510e-02  1.0715e-02 -3.7304e-02 -4.5617e-02  1.9302e-02 -3.5592e-02 -1.9340e-02  9.2083e-03 -2.8573e-02 -1.1667e-02  2.1110e-02 -4.0071e-03 -1.7529e-02  8.0789e-03 -2.8243e-02  2.2003e-03 -1.7168e-02 -4.6040e-02 -2.6454e-02 -3.4134e-02 -6.0818e-02  5.8811e-02 -2.0053e-02 -3.7407e-02  5.4982e-02 -5.0395e-02 -4.4156e-02  9.0511e-02  3.1065e-02  7.5116e-02  1.1629e-01 -2.4131e-03  1.8621e-01  1.8194e-01  1.0577e-01  2.3719e-02 -3.0651e-02  2.6544e-02 -6.2663e-02 -1.4913e-02  5.0166e-02 -4.4307e-02 -1.6321e-02 -1.2068e-02 -9.9799e-02 -4.7280e-02  3.1205e-02  1.8716e-01  5.3131e-02  1.8730e-02  2.9692e-01 -2.1784e-01  5.1478e-03  2.3216e-01  1.6518e-02 -7.5039e-02 -3.3859e-02 -4.7658e-01 -1.2360e-01  8.1326e-02  4.1486e-01  4.0615e-01 -7.8915e-02
  9.7120e+01 -5.8785e-02 -5.5300e-02  7.4610e-02 -6.0340e-02 -7.7343e-02  7.0010e-02 -6.2246e-02 -7.4421e-02  7.0907e-02 -7.0405e-02 -3.1512e-02  9.9251e-02 -7.9841e-03 -3.7351e-03  1.0020e-02  3.1584e-03 -6.4736e-03  7.6870e-02 -5.7395e-02 -2.6880e-02 -8.4930e-02  1.0981e-01  8.3525e-02 -2.9588e-02  2.1277e-01  1.3091e-01 -4.7238e-02  8.5900e-02  9.3481e-02 -4.1177e-02  8.3136e-02  9.2386e-02 -3.8242e-02 -1.6837e-01 -1.6766e-01 -6.5152e-02 -2.8222e-01 -5.5631e-02 -2.4441e-01 -3.1659e-01 -3.6221e-01 -4.3433e-03  3.9395e-02 -1.3628e-02  6.0076e-02  1.1399e-01  1.0402e-01  1.4934e-01  8.6067e-02 -9.9517e-02 -8.4463e-02 -7.0055e-02  4.4714e-02  5.4402e-02 -5.6388e-02 -9.4480e-02  1.4394e-01 -1.2922e-01  1.8343e-01  1.2566e-01 -6.7853e-02 -7.1638e-02 -2.6231e-02 -2.9089e-01 -1.5137e-01  8.3042e-02  1.3934e-01  1.6151e-01 -1.2961e-01
  1.0791e+02  4.6617e-02 -1.6629e-02  2.7936e-02  5.6016e-02 -4.2146e-02  1.6485e-02  5.3163e-02  2.5666e-03  4.3900e-02  5.4000e-02 -1.9195e-02  3.3604e-02 -8.4549e-03  4.2678e-03 -1.0883e-03 -2.1676e-02 -1.3323e-02 -4.7496e-02 -7.4272e-03  3.6420e-03 -1.2434e-03 -5.4788e-02  3.5366e-02  2.8681e-02 -1.1104e-01  1.8880e-02  7.9181e-02 -1.9809e-02  6.9724e-02 -6.6611e-03 -3.2092e-02  5.5601e-02 -2.4887e-03 -2.5451e-02 -3.8610e-03 -1.6581e-02  5.0029e-02 -6.0038e-02 -4.6140e-02 -7.5552e-02  7.5739e-02  4.7456e-02  3.6836e-02 -1.7002e-02  7.0298e-02  1.5009e-02 -5.7875e-02  4.1108e-02  2.7184e-02 -1.3000e-02  1.0723e-01  7.3907e-02 -1.6300e-02 -8.3015e-02  3.1010e-03  4.4087e-02 -1.8865e-01  1.8843e-01 -8.2672e-02 -1.4458e-01  2.8278e-02 -7.5859e-02 -6.8185e-02 -4.2627e-01 -2.0039e-01  1.1598e-01  4.9557e-01  4.5367e-01 -2.9568e-01
  1.3090e+02  2.9803e-02  1.1730e-02 -1.4432e-02  4.3889e-02  1.6972e-02 -2.0415e-02  7.3894e-02  1.4375e-01  2.3363e-02  1.0208e-01 -7.9280e-02 -1.0174e-01 -2.3704e-01 -8.6456e-02  1.0093e-01 -3.1070e-01 -4.5234e-01  2.4852e-01 -5.7327e-01  1.3362e-01  1.3013e-01 -4.6684e-03 -2.6451e-03  1.9893e-03  3.4385e-02  1.2107e-02 -2.0479e-02  1.1593e-01  4.1844e-02 -4.2227e-02  1.2885e-01  4.6707e-02 -4.7867e-02  4.0847e-03  8.5054e-02 -3.4726e-02  7.0877e-02  3.1352e-02 -3.9012e-02  2.6365e-02  1.2890e-01 -3.8577e-02 -6.1040e-03 -4.4104e-04 -1.0459e-03 -3.4659e-02  1.5458e-02 -8.7643e-03 -8.2413e-03 -2.1800e-02  2.1147e-02  7.2542e-02 -5.8734e-02  8.5216e-03  8.1564e-02  1.3290e-02 -1.9884e-02  1.0297e-01 -8.8930e-02 -1.3472e-02 -3.7327e-02 -9.8693e-03  1.0202e-02 -4.4124e-02 -1.8381e-02  1.9385e-02 -1.0807e-01 -8.1702e-02  8.7994e-02
  1.8035e+02 -1.4621e-02  2.8138e-02 -9.3674e-03 -2.4433e-02  5.6826e-02 -3.4265e-03 -1.2101e-02  2.7533e-02 -2.2176e-02 -1.7525e-02  1.9492e-02 -1.7008e-02  2.6843e-03 -7.6715e-03  1.5556e-02  9.7430e-03 -2.2094e-03  4.3734e-02  2.4966e-03  7.2544e-03  4.2707e-02  1.0759e-02 -4.3723e-02 -4.5074e-03  1.1576e-02 -4.8986e-02 -1.3745e-02  1.5291e-02 -5.0535e-02 -3.3410e-03  5.1106e-03 -4.9928e-02  1.1083e-02  7.7263e-02  1.4768e-01 -1.1808e-01  2.4227e-01  2.2395e-02 -1.7881e-01  1.3783e-01  2.1346e-01 -1.4502e-01  1.4067e-01 -9.1536e-02  2.4778e-01  1.8650e-01 -2.7398e-01  1.9001e-01  1.8007e-01 -2.7909e-01  1.8952e-01 -1.9287e-01  4.8674e-02  1.5557e-04 -2.5568e-01 -1.5099e-01  4.2175e-02 -2.8583e-01  6.1458e-02  3.6626e-02 -6.6282e-02  1.5026e-02 -9.6459e-02  9.8676e-02  1.6705e-01 -2.6185e-01  3.7465e-03  7.9096e-02 -1.8792e-01
  1.8403e+02 -1.4478e-02 -1.4637e-03 -3.4655e-02 -6.0996e-03 -5.0685e-02 -5.6725e-02 -6.8287e-03  2.5679e-03  4.2421e-03 -2.9795e-03  1.3589e-02  2.9327e-03 -5.3490e-02  5.3129e-02 -1.0040e-01 -6.1098e-02  4.8651e-02 -1.3624e-01 -5.3532e-02  3.4516e-02 -1.3274e-01 -5.8644e-02  5.6751e-02 -9.9170e-02 -7.6374e-02  3.7237e-02 -1.5697e-01 -2.7303e-02  1.0219e-02 -3.9616e-02  1.1603e-02 -2.3667e-02 -8.9507e-02 -1.6637e-02 -2.3382e-02  2.5211e-02  1.7706e-02 -5.2268e-02  4.0576e-02  1.8310e-02 -1.8049e-03  3.0887e-03  7.2247e-02 -2.8508e-02  1.4507e-01  1.1995e-01 -2.3049e-01  7.9372e-02  1.1444e-01 -2.2435e-01  7.9230e-02  3.0286e-02 -9.8568e-03 -1.3586e-03  5.9397e-02 -4.0676e-02  4.6104e-02  1.3233e-02  6.5015e-02  3.1339e-02  1.2249e-01 -8.9703e-03  1.5553e-01 -2.1268e-01 -2.2036e-01  3.9647e-01 -1.3688e-01 -2.3885e-01  5.6041e-01
  2.0636e+02  1.7513e-02 -8.5984e-02 -6.4408e-03  1.1480e-02 -8.1787e-02  1.1403e-03  1.9841e-02 -8.0869e-02 -1.8505e-02  9.0222e-03 -8.1074e-02  6.0183e-03  2.6097e-02 -7.2679e-02 -2.2429e-02  2.5742e-02 -6.2141e-02 -3.8216e-02  2.9946e-02 -8.6157e-02 -4.2978e-02  1.1584e-02 -1.1933e-03  8.3967e-03  3.9860e-02  2.7533e-02  8.5960e-02 -3.6175e-02  3.4804e-02 -3.3227e-02 -2.1783e-02  7.4603e-02 -3.8344e-02 -4.9459e-03  7.4675e-02 -3.8764e-02  4.9353e-01 -2.9128e-01 -3.1420e-01 -1.5587e-02  2.9007e-01  3.5804e-02 -1.7244e-02 -1.0563e-02 -5.2746e-02 -6.7154e-02  2.4750e-01  3.6012e-02 -6.8235e-02  2.3256e-01  2.0335e-02 -8.4432e-02  1.7959e-02 -4.1915e-03 -1.2134e-01 -8.6063e-02  1.3286e-02 -6.1586e-02  1.2180e-01  2.8044e-02  5.9056e-02 -3.6149e-03  4.8774e-02 -1.6797e-01 -2.3617e-01  2.9975e-01 -6.1467e-02 -1.2120e-01  1.7630e-01
  2.1237e+02  2.7964e-02 -2.4383e-02 -1.3582e-02  4.0816e-02 -1.4450e-02 -1.6725e-02  3.6703e-02 -1.8186e-02  1.0085e-03  1.6038e-02 -2.5151e-02 -3.3552e-02 -5.5178e-03 -3.4237e-02 -2.0391e-03 -1.5293e-02 -6.2096e-02 -1.2005e-02 -2.4414e-02 -1.6981e-02  8.2611e-03 -1.3006e-02 -6.1383e-03  1.1209e-02 -2.1449e-02 -1.7228e-03  5.2875e-02  2.3863e-03  2.5750e-02 -2.1785e-02 -3.8553e-03  3.7873e-02 -1.9043e-02  6.1289e-02  9.5881e-03 -3.9533e-02 -4.8009e-01  4.0752e-01  2.4636e-01  5.1590e-02 -2.1395e-01 -9.8895e-02 -7.9857e-03 -5.0228e-03 -1.0108e-02 -2.5552e-02  3.6106e-02 -9.6695e-04 -2.7758e-02  7.6066e-02  2.6411e-02 -1.4629e-02  3.9190e-02 -1.8650e-02 -2.5096e-01 -5.2894e-01  4.4137e-02 -6.9205e-02  2.3858e-01  7.4680e-02  2.2610e-02 -2.6113e-03  1.7219e-02 -7.6174e-02 -9.8271e-02  1.2132e-01 -9.8996e-03 -3.2903e-02  5.5690e-02
  2.2135e+02  1.0622e-03  3.2030e-02  1.0499e-02  6.2919e-03  1.7901e-02  3.9275e-03  5.8382e-03  2.8250e-02  2.5019e-02  1.0006e-02  2.7404e-02  1.4378e-02 -1.1996e-02  3.2841e-02  9.0733e-03 -1.3868e-02  2.4255e-02  9.6823e-03 -1.4061e-02  3.7176e-02  1.5251e-02 -8.6045e-03  1.5058e-03 -4.0302e-03 -2.6640e-02 -1.7722e-02 -4.8889e-02  2.2573e-02 -2.5731e-02  2.1157e-02  1.8667e-02 -4.9261e-02  2.1172e-02 -4.9227e-02 -2.3517e-02  4.8293e-02  3.1010e-01 -2.8832e-01 -1.3611e-01 -3.7213e-02  1.2408e-01  8.2758e-02  8.4885e-04 -1.2506e-02 -5.6623e-03 -2.2945e-02  9.6010e-02  3.0069e-02 -2.4814e-02  1.0224e-01  3.5322e-02  8.4932e-02  3.9529e-02 -1.5631e-02 -2.2912e-01 -7.3879e-01  8.0762e-02 -3.7734e-02  2.5284e-01  1.0449e-01 -2.1487e-02 -8.0014e-04 -1.9114e-02  6.8977e-02  1.1882e-01 -1.4479e-01  1.5822e-02  4.0073e-02 -3.2890e-02
  2.3621e+02 -5.5181e-03  1.7236e-02  3.2498e-03 -2.4747e-03  7.7026e-03  2.1864e-03 -4.3022e-03  2.0091e-02  1.2469e-02 -2.1947e-03  2.1321e-02  1.1574e-02 -1.1441e-02  2.4659e-02 -7.8417e-03 -1.1515e-02  2.4394e-02 -4.6312e-03 -8.1178e-03  2.3903e-02 -6.9414e-03 -8.4243e-03  8.4492e-03 -1.5687e-02 -1.6320e-02 -4.6811e-04 -4.5166e-02  3.0390e-03 -6.2596e-03  2.8600e-03  3.6812e-03 -2.0382e-02 -6.8972e-04  1.1409e-02 -1.2347e-03  5.6943e-03 -9.5898e-02  8.3929e-02  6.2531e-03  3.3204e-02 -1.1569e-01 -4.5618e-02  4.5441e-02 -1.0855e-01  1.4136e-02 -1.0618e-01  6.1082e-01  2.5494e-01 -1.1118e-01  6.0683e-01  2.5646e-01 -3.7720e-03 -6.7118e-03  1.3939e-02  1.8058e-02  1.4809e-01 -4.7548e-02  1.5028e-02 -1.4005e-01 -4.1891e-02 -4.8985e-03 -2.7423e-04  1.0496e-03  2.0474e-02  3.7988e-02 -3.9053e-02  1.0754e-02  1.7383e-02 -3.6841e-03
  2.5763e+02  2.1805e-02 -5.6097e-02 -2.5124e-02  2.2451e-02 -7.6510e-02 -3.1178e-02  3.3174e-02 -3.2103e-02 -1.4956e-02  3.1956e-02 -5.6055e-02 -1.2984e-02 -1.6919e-02 -2.8704e-02 -5.3438e-02 -2.7461e-02 -5.5524e-02 -7.1531e-02 -4.3239e-02 -2.7292e-02 -8.0136e-02 -1.3402e-02  2.6847e-02 -3.2590e-02 -1.2727e-02  3.4724e-02 -6.4453e-03  4.3692e-03  3.4273e-02 -2.6091e-02 -4.8753e-02 -3.1321e-03 -1.4870e-02  1.4319e-02  4.5948e-03 -2.0772e-02  1.6392e-04  9.7258e-03  3.5579e-02 -1.0097e-01  1.2493e-01  1.0626e-01 -3.6741e-03  8.8054e-03 -7.7691e-03 -1.6587e-02 -4.6223e-03 -2.0410e-02 -2.3033e-03 -1.5971e-02 -1.0923e-04 -2.5750e-02  1.4747e-02  7.2497e-03 -8.1427e-02 -2.0532e-02 -3.2434e-02 -5.5948e-02 -9.7319e-02 -2.3633e-02 -1.2621e-02 -7.1070e-02  1.8988e-01  5.5899e-01  3.6468e-01 -3.0468e-01  3.6071e-01  2.7744e-01 -3.2071e-01
  2.7174e+02 -1.5111e-01 -6.4506e-02  6.6111e-02 -1.6782e-01 -7.5103e-02  7.2184e-02 -1.9084e-01 -1.4260e-01  3.2344e-02 -1.9340e-01 -1.2043e-02  1.4105e-01 -6.8329e-03 -3.9843e-03 -3.9564e-03  3.0661e-02  1.2776e-01 -2.9145e-03  8.2601e-02 -9.3593e-02 -6.9967e-02 -1.3244e-02  1.5134e-03  2.0577e-03 -5.5762e-03  4.8776e-03 -6.4239e-04  4.1318e-03  6.1353e-03 -6.5933e-04 -3.0882e-03 -2.4984e-03  5.8126e-04  3.9886e-02  9.0817e-02 -3.9722e-02  6.4087e-02  9.6291e-02 -2.7407e-01  2.6642e-01 -2.5360e-01 -3.1782e-01 -2.5395e-02 -6.9090e-03  8.2217e-03  2.0506e-01 -3.6700e-02  1.1200e-01  1.0600e-02  1.1439e-01 -2.1230e-01  9.4192e-02 -3.9412e-02 -2.0661e-02  2.7296e-01  1.8318e-02  1.3541e-01  1.9512e-01  3.8413e-01  1.0072e-01 -4.8118e-03 -1.2871e-02  2.2204e-02  7.4066e-02  6.5782e-02 -6.3501e-02  6.6662e-02  5.8459e-02 -5.3572e-02
  3.0451e+02 -1.0290e-01 -3.3418e-02  4.2453e-02  2.8393e-02  1.7114e-02 -1.3615e-02 -1.1445e-01 -1.4855e-01  1.6116e-01 -2.5170e-01  2.4167e-02 -9.7132e-03 -8.1458e-04  4.2629e-04  2.6093e-03  2.7558e-02  9.8286e-02  1.2197e-02  6.2716e-02 -6.3431e-02 -4.2529e-02  1.4468e-02  3.0469e-03 -4.7734e-03  3.8342e-02  1.2498e-02 -1.5348e-02 -9.2247e-03 -6.9710e-03  4.6117e-03  1.2191e-02  2.9339e-03 -3.2259e-03  3.8651e-03  3.6289e-04 -8.5012e-02 -2.1609e-02 -3.8540e-02  4.4616e-01  7.5419e-02  4.5372e-01 -1.1066e-02  1.3660e-02  3.5959e-03 -4.7139e-03 -1.4489e-01  2.1555e-02 -7.7117e-02 -1.2606e-02 -7.4126e-02  1.4953e-01  6.0117e-02  2.0947e-02  5.4670e-02 -3.1077e-01 -9.1819e-02 -2.7001e-01  2.7573e-01 -2.8186e-01 -1.2558e-01  7.0632e-04  4.9661e-03 -6.9838e-03 -2.9587e-02 -2.7312e-02  2.7928e-02 -3.4765e-02 -3.0973e-02  2.9367e-02
  3.1139e+02  3.1893e-02  2.5785e-03 -8.1149e-03  1.6937e-01  4.4896e-02 -6.9198e-02  3.9924e-02 -6.2406e-02  1.2065e-01 -8.3019e-02  3.2109e-02 -7.8570e-02 -9.5427e-04 -1.9181e-03 -3.7540e-03 -7.2173e-03 -1.5215e-02 -1.8938e-02 -3.1136e-03  5.3416e-03  7.1295e-03 -9.8744e-03 -2.9173e-05  1.5364e-03  2.9724e-04  3.9315e-03 -2.9099e-03  6.2879e-03  5.5650e-03 -3.5541e-03 -5.9147e-03 -2.8491e-03  1.5958e-04 -4.6574e-02 -8.0255e-04  3.6716e-02  7.4697e-02 -9.3230e-02 -1.4278e-02  3.8062e-01 -2.3480e-01 -3.7061e-01  3.8814e-02  1.8148e-02 -1.9720e-02 -3.7087e-01  7.5626e-02 -2.0218e-01 -1.6035e-02 -2.3681e-01  3.5624e-01 -4.5586e-02 -1.8211e-02  1.3888e-02 -7.5376e-02  8.0409e-02 -6.9226e-02  2.8971e-01  3.0180e-01  2.3523e-02 -2.4217e-03 -7.6235e-03  8.5100e-03  3.2669e-02  3.8623e-02 -4.0345e-02  4.0924e-02  3.7889e-02 -2.7825e-02
  3.2052e+02 -2.7403e-02  3.4708e-02 -4.7916e-02 -2.4319e-02  1.0395e-01 -3.5151e-02 -4.8756e-02  9.1223e-03 -9.1650e-02 -5.8689e-02  2.2344e-02 -1.1578e-01  3.5319e-03 -3.4726e-03  8.7172e-03  8.0298e-03  5.1641e-03  2.3109e-02  3.3374e-03  9.0454e-03  2.9803e-02  4.2654e-03 -7.8432e-03  1.1418e-02  1.2138e-02  1.9546e-03  3.7133e-02  1.3754e-03  4.4540e-03  4.5097e-04 -1.9540e-03  6.6625e-03  3.6687e-03 -1.8484e-02 -4.0269e-02 -3.6216e-02 -4.0837e-02 -7.3847e-02  4.3105e-01 -5.7141e-02  4.1344e-01  1.2477e-01  2.1599e-02 -2.1461e-02  1.2124e-02 -5.9033e-02  8.4104e-02  1.7947e-02 -7.8149e-03  3.2209e-02  1.0445e-01 -5.6059e-03 -4.1018e-02 -5.1071e-02  3.8480e-01  1.0099e-01  2.7942e-01 -3.8286e-02  5.1954e-01  1.6399e-01  5.6085e-04 -5.7741e-03  7.5204e-03  2.0923e-02  2.1758e-02 -2.1407e-02  2.3820e-02  1.8597e-02 -1.1152e-02
  3.5182e+02  6.9422e-02 -7.5880e-02  1.0443e-01  1.0112e-01 -1.7316e-01  7.0703e-02  8.9394e-02 -5.9346e-02  1.7429e-01  8.5171e-02 -5.1154e-02  1.7135e-01 -7.6676e-03  1.4161e-02 -8.9663e-03 -2.3086e-02 -2.6701e-03 -6.5589e-02 -8.2666e-03 -1.3936e-02 -6.1138e-02 -2.2675e-02  4.5673e-02 -1.5782e-03 -4.2238e-02  2.2836e-02 -7.2589e-02  2.6491e-02 -1.9122e-02  7.0441e-02  7.7048e-02 -1.1896e-01  2.1569e-02  5.4687e-02  1.5074e-02 -3.8451e-02 -7.1470e-02  1.1811e-01 -4.9557e-02 -3.0894e-01  1.4472e-01  2.8864e-01 -1.4312e-02  2.0074e-02 -3.2953e-02 -6.8525e-02  2.7460e-02 -5.7056e-02 -1.9809e-02 -9.6965e-03  7.4345e-03 -6.1275e-02 -2.6518e-02  7.1729e-03 -2.2658e-02  1.2125e-01 -3.0949e-02  2.6317e-01  3.5626e-01  4.3552e-02  5.0472e-03 -2.9625e-02 -5.4729e-02 -1.6371e-01  2.6098e-01 -3.0981e-01 -3.1222e-02  1.6258e-02  3.9319e-01
  3.7414e+02  7.1377e-02  1.7329e-02 -2.8049e-02  5.9329e-02  1.3403e-02 -2.2704e-02  8.4400e-02  1.3831e-02  2.6062e-02  3.2073e-02  1.4721e-02 -8.2345e-02  1.1119e-02  8.3715e-04 -7.0522e-03 -5.5669e-03 -4.9118e-02 -2.5843e-02 -1.5558e-02  3.2603e-02  2.0068e-02 -2.6504e-07  8.0522e-03  1.0304e-03  6.3981e-03  1.1941e-02  5.1072e-03 -2.2908e-03  3.7105e-03  6.5422e-03  9.8048e-04 -2.0658e-02 -1.4371e-03 -5.4585e-02 -1.8169e-02 -4.5202e-03  3.9151e-02 -1.2524e-01  2.8041e-01  3.1232e-01  8.7284e-02 -2.6593e-01 -5.7604e-02 -2.0184e-02  2.3533e-02  4.3351e-01 -1.1974e-01  2.2806e-01  7.7050e-03  2.8231e-01 -4.2139e-01 -3.2514e-02 -8.2978e-03  3.1335e-02 -1.7066e-01  4.8919e-02 -1.4294e-01  2.7548e-01  1.0305e-01 -2.6637e-02  4.1620e-03 -1.6112e-02 -5.6466e-03 -2.8551e-02  9.6720e-02 -1.0942e-01  1.6574e-02  2.2970e-02  1.1115e-01
  3.8545e+02 -2.9798e-02 -3.9750e-03 -3.3508e-02 -4.4021e-02  2.9120e-02 -2.0396e-02 -3.9439e-02  1.2852e-03 -8.7315e-02 -3.1024e-02 -1.2071e-02 -4.8927e-02  1.8593e-03 -1.7333e-02 -7.7291e-03  6.5846e-03  4.6019e-04 -7.6620e-03  1.1797e-02 -2.4554e-02 -9.7558e-03 -4.1738e-03  1.2697e-02  8.9498e-03  1.6434e-02  3.5900e-02  7.1793e-02 -1.8983e-02  2.4747e-02  1.2897e-03  4.2263e-02 -4.5460e-02 -4.8694e-02 -1.9503e-02  2.8040e-04  7.6437e-03  1.3001e-02 -2.7577e-02  1.8934e-02  1.4390e-01 -7.2514e-02 -1.4302e-01  1.4439e-02 -4.3595e-04  1.8602e-03 -7.0453e-02  1.9501e-02 -3.2352e-02  2.2688e-03 -5.1693e-02  8.1415e-02  3.1598e-02  2.0504e-02 -2.2907e-02  9.0222e-02 -5.5506e-02  7.7935e-02 -3.0981e-01 -2.7934e-01 -2.2564e-02  2.6606e-02 -6.7358e-02 -2.5954e-02 -1.8316e-01  3.7923e-01 -4.2681e-01  6.5339e-03  3.3124e-02  5.8500e-01
  4.1253e+02  6.9110e-02 -8.3875e-02  9.4449e-02  7.0287e-02 -1.3273e-01  8.5788e-02  7.1186e-02 -4.7962e-02  4.8299e-02  4.4186e-02 -7.3705e-02  8.8887e-02  5.2688e-03 -5.9164e-03  5.5351e-03 -1.0893e-02 -3.4335e-02 -4.8352e-02 -2.7747e-03 -3.4633e-02 -5.1789e-02 -8.6501e-03  4.8752e-02  2.0874e-02 -3.5824e-02  1.1360e-02 -7.5776e-02  2.5948e-02  3.2407e-03  6.6196e-02  1.7018e-02 -5.9813e-03  7.1815e-02 -3.7928e-02  8.3236e-03 -3.3468e-02  3.2268e-02 -8.7012e-02  3.0520e-01  3.6722e-01  1.2129e-01 -3.2200e-01 -9.8938e-03  1.1691e-02 -2.1911e-02 -3.4990e-02  1.6421e-02 -3.2451e-02 -1.2264e-02 -9.0127e-04 -4.8306e-03 -2.5866e-03  2.2892e-02 -5.0974e-02  2.4603e-01 -2.7828e-02  2.3273e-01 -5.4910e-01 -2.2962e-01  3.3170e-02 -1.3562e-02  2.6601e-02 -8.9448e-03  4.4593e-02 -1.1401e-01  1.1947e-01 -3.0739e-02 -2.8498e-02 -1.7078e-01
  5.3869e+02  7.1270e-02  9.9156e-02  2.7027e-01  7.6982e-02 -2.9258e-02  2.4246e-01  7.4569e-02  1.0912e-01  2.5446e-01  8.8718e-02  9.9297e-02  3.0028e-01  2.8089e-02  8.4261e-02  1.2402e-01  4.2700e-02  3.2329e-02  2.9321e-01 -1.8603e-02  1.4213e-01  1.7759e-01  6.1449e-02 -1.0804e-01 -7.6022e-02  1.9436e-02 -1.2905e-01 -3.0422e-02 -1.5833e-01  4.1887e-02 -3.0555e-01 -2.0764e-01  2.6194e-01 -2.2621e-01 -8.9129e-03 -1.3844e-03 -2.0561e-02  1.3005e-03 -2.6645e-02  1.3857e-01  7.6220e-02  1.0248e-01 -5.6802e-02 -9.3811e-03  9.3141e-03 -1.8514e-02 -2.3742e-02  1.4690e-02 -2.2785e-02 -9.6905e-03  6.3807e-03 -1.3852e-02 -8.1517e-03 -1.9006e-03 -1.8685e-02  9.9424e-02  4.6492e-03  9.0147e-02 -1.1564e-01  4.2957e-02  3.3468e-02  2.5344e-02 -4.8011e-02  4.1483e-02  2.9409e-03  1.4374e-01 -1.4308e-01  7.7946e-02  5.1176e-02  1.9621e-01
  5.7759e+02  3.3750e-02  1.7833e-02  3.8299e-03  2.2713e-01  9.0651e-02 -7.8572e-02  5.3646e-02 -5.1904e-02  1.9914e-01 -1.2587e-01  3.3814e-02 -1.4433e-01 -4.7945e-02 -2.4528e-02  4.1118e-02 -1.2648e-02  3.7506e-01 -4.0300e-01  4.8674e-01 -2.1264e-01  2.7201e-01 -2.5325e-01 -1.1092e-01  1.0791e-01  9.0361e-02  2.4174e-02 -5.3844e-02  6.3848e-02  4.4726e-02 -5.2004e-02  1.5553e-01  1.1487e-01 -7.7302e-02  9.6264e-03  8.2421e-04  4.8302e-03  1.2094e-02  3.5375e-03 -4.3696e-02 -6.8994e-02  7.0812e-03  6.8574e-02 -1.0359e-02 -3.1829e-03  3.3915e-03  4.7283e-02 -2.2503e-02  2.3403e-02 -3.8322e-03  3.8258e-02 -4.4825e-02  8.8937e-04  3.4343e-03 -1.1377e-02  4.5008e-02  1.2967e-02  3.0127e-02 -9.1970e-02 -5.4518e-02 -2.1059e-03 -3.4293e-03 -5.1933e-03  5.7740e-03  4.6125e-04  5.6005e-03 -4.5502e-03 -2.7523e-03 -3.4094e-03  1.5734e-02
  6.5732e+02  2.1773e-02  1.6864e-02  3.6966e-02  4.6559e-01  2.9167e-02 -1.9035e-01  2.5840e-02 -2.7738e-01  4.8773e-01 -3.9483e-01  1.9035e-01 -8.8414e-02 -6.6077e-02  8.2494e-02 -7.7484e-02 -8.4688e-02 -9.6836e-03 -3.1172e-02 -1.4235e-01  1.1556e-01 -1.0183e-01  8.8509e-03  3.0579e-04 -7.8912e-02  1.1817e-02  3.6427e-02  1.1180e-01  2.9623e-02 -1.1134e-01 -1.9109e-02  2.2944e-02 -1.9499e-01 -4.2813e-02  1.1793e-02 -3.5178e-03  8.5253e-03  5.2019e-03  1.1573e-02 -7.2258e-02 -5.4152e-02 -2.8445e-02  5.1707e-02 -1.7772e-02 -4.1790e-03  5.4043e-03  7.0201e-02 -2.1270e-02  4.0459e-02 -6.1022e-03  6.0014e-02 -7.4632e-02  1.3352e-04  8.5821e-03 -2.6909e-02  1.0919e-01  1.2640e-02  8.4404e-02 -1.6738e-01 -5.4616e-02  6.7653e-03 -2.4148e-03  9.9747e-03  1.3921e-03  7.4782e-03 -3.3331e-02  3.9977e-02 -4.6585e-03 -3.1621e-03 -4.8255e-02
  6.5864e+02 -4.6788e-03 -1.3252e-02 -4.5251e-02  3.7130e-01  2.7886e-01 -1.7020e-01 -4.5441e-02 -3.5218e-01  2.6402e-01 -4.6046e-01  1.2059e-01 -2.9680e-01  6.9038e-02 -8.3638e-02  7.6459e-02  5.9900e-02 -1.7723e-01  1.6782e-01 -6.3973e-02 -1.7361e-02  5.5526e-02  7.5729e-02  3.5254e-02  4.5644e-02 -4.8235e-02 -5.0496e-02 -9.6979e-02 -4.8105e-02  1.0552e-01  2.9311e-02 -8.1040e-02  1.7016e-01  6.7157e-02  2.1138e-02 -1.1046e-04  1.6535e-02  8.7077e-03  2.6022e-02 -1.3078e-01 -1.0776e-01 -4.8168e-02  1.0177e-01 -1.4688e-02 -7.6036e-03  8.6673e-03  7.7263e-02 -3.3340e-02  4.2388e-02 -1.5204e-03  4.4034e-02 -6.8913e-02 -1.3796e-03  7.8470e-03 -1.2451e-02  5.4069e-02  9.1219e-03  4.3284e-02 -8.0623e-02 -2.3077e-02  3.4895e-03  4.0454e-03 -9.4561e-03 -2.6645e-03 -9.3156e-03  3.4591e-02 -4.1712e-02  4.5018e-03  2.8610e-03  5.1688e-02
  8.9176e+02  6.1544e-03  4.2935e-02  5.3259e-02 -7.6002e-02  4.3332e-01  1.9400e-01 -4.5545e-02 -8.9046e-03 -1.5417e-01 -7.1708e-02 -2.0820e-02 -1.4154e-01  1.5275e-01 -2.0587e-01  1.8241e-01  1.8930e-01 -1.5188e-01  2.7635e-01  1.6097e-01 -1.5728e-01  2.8915e-01 -9.8110e-02  9.6861e-02 -1.4682e-01 -9.4222e-02  2.2321e-01 -1.1550e-02  3.4245e-02 -1.6251e-01 -8.9006e-02  2.3747e-02 -4.1721e-01 -1.6324e-01  1.1408e-03 -7.2965e-04  4.6164e-03 -4.4411e-03  6.1846e-03 -1.9517e-02 -7.8624e-03 -2.0999e-02  5.6837e-03 -6.9807e-04 -1.5909e-03 -3.1228e-03  2.3790e-03 -4.2122e-03 -2.1794e-03 -3.4677e-04 -5.6951e-03 -3.0346e-04  3.1522e-03 -5.9961e-05  3.8361e-03 -1.3748e-02  2.0379e-03 -1.5161e-02  1.8624e-02 -1.2123e-02 -5.8026e-03 -2.2829e-03  1.0480e-02  5.9845e-03  1.9747e-02 -3.2583e-02  4.0369e-02 -1.0057e-04 -2.3157e-04 -5.1041e-02
  9.6380e+02  3.7517e-04 -1.1556e-03 -8.8554e-04 -1.6636e-01 -6.1498e-02  7.1032e-02 -1.2408e-01 -3.2740e-01 -1.4739e-01 -1.5107e-01  2.3024e-01  2.6856e-01  1.3110e-01  4.9623e-02 -5.6426e-02 -7.5944e-03 -5.3387e-01  9.2474e-02 -3.5633e-01  4.0659e-01  6.6627e-02 -1.4574e-01 -5.8948e-02  5.9826e-02  3.4319e-02  1.4164e-02 -1.4571e-02  3.0745e-02  1.3620e-02 -1.1151e-02 -1.3849e-01 -5.0705e-02  5.3786e-02 -9.3539e-05 -4.4526e-03 -3.3968e-03 -1.2402e-03 -2.3477e-03  7.9012e-03 -8.3600e-04  2.3846e-02  5.0911e-03  3.2071e-03  1.1660e-03 -1.3708e-03 -1.4411e-02  4.6615e-03 -8.8280e-03  9.1973e-04 -9.6995e-03  1.4737e-02  4.2756e-05  4.4356e-03  3.7311e-03 -8.3824e-03 -3.3563e-04 -5.4738e-03  8.3273e-03 -2.1327e-02 -8.1100e-03  3.4728e-03  8.2966e-04 -1.5884e-03 -6.0487e-03  1.4075e-04 -2.8530e-04 -3.0934e-03 -3.5567e-03  1.1579e-02
  9.9062e+02 -4.9891e-03 -1.4013e-03  1.0493e-03  2.3268e-02  7.4190e-04 -1.2999e-02  1.9723e-02  5.9544e-02  3.0658e-02  2.7526e-02 -4.0065e-02 -3.9026e-02 -2.5888e-02 -7.1170e-03  7.1079e-03 -9.8159e-03  7.4938e-02 -3.4746e-02  5.4489e-02 -5.3876e-02  7.9660e-03  3.3618e-03  1.8955e-04  2.9030e-03  1.1407e-02 -8.5660e-04 -2.9605e-03  4.3440e-02  2.2387e-02 -1.7564e-02 -8.6664e-01 -3.3420e-01  3.2865e-01  2.3772e-04  7.7415e-04 -4.5573e-04  1.1167e-03 -6.4056e-04  6.0033e-04 -6.2662e-03  3.4499e-03  5.4677e-03 -2.7737e-04 -7.6895e-05  1.8881e-04  6.6642e-04 -7.6714e-04  3.6153e-04 -2.5553e-04  9.2915e-04 -4.9867e-04  7.3246e-04 -4.5725e-04 -3.1248e-04  4.5144e-04  1.0649e-03 -6.5617e-04 -6.4261e-03 -6.6026e-03 -2.8688e-04  1.5868e-02  3.6916e-03 -7.7283e-03 -2.3864e-02  3.5977e-03 -5.7405e-03 -9.7279e-03 -1.0266e-02  4.4062e-02
  1.0811e+03 -1.5802e-03  1.8473e-01  1.5295e-01 -5.0799e-02  4.2052e-01  2.4556e-01 -5.9577e-02  1.1930e-01 -1.6573e-02 -4.5846e-02  1.2559e-01 -1.7240e-02 -6.1315e-03 -2.0565e-01 -1.9355e-01 -6.8440e-02 -2.8505e-01 -4.5274e-01 -1.0561e-01 -2.9010e-01 -4.3936e-01  3.9792e-03 -5.7014e-03  6.9472e-03  1.7308e-02 -3.8757e-02  3.9262e-03  4.0983e-03  3.2651e-02  4.2999e-02  1.3950e-02  1.9960e-02  4.0309e-02  2.1357e-04 -1.8787e-03  2.4902e-03 -1.3620e-03  1.0191e-03 -5.4189e-03 -5.5897e-03 -2.6122e-03  6.4377e-03 -9.5152e-04 -1.0923e-03 -3.2703e-03  2.3749e-04 -3.5543e-04 -2.1232e-03 -1.2773e-03 -1.3330e-03 -1.0752e-03  2.6938e-03 -1.1078e-03  1.5867e-03 -3.5364e-03  2.8420e-04 -4.7629e-03  9.6971e-03  3.1020e-03  4.5080e-04  4.6686e-04  1.8026e-04 -5.9524e-04 -8.0099e-03  2.9289e-03 -2.7562e-03 -4.4405e-03 -4.7105e-03 -2.1612e-03
  1.1578e+03 -3.9007e-02 -1.1094e-02  1.5914e-02  2.1670e-01  5.8930e-02 -1.0000e-01  1.0001e-01  3.4793e-01  1.5615e-01  1.5569e-01 -2.5320e-01 -2.3957e-01  6.4789e-02  1.9822e-02 -2.8230e-02  1.7627e-01  7.9701e-02  5.3221e-01 -2.0075e-01 -9.0003e-02 -5.0056e-01 -8.4486e-02 -3.4832e-02  3.0994e-02  1.3210e-02  6.5518e-03 -5.9286e-03  9.3471e-03  5.9284e-03 -1.1307e-03  2.0265e-02  6.6080e-03 -6.2995e-03 -7.6166e-05  3.3270e-03  7.6290e-04  2.8011e-03 -2.8386e-03  3.3161e-03 -8.9862e-03 -1.2910e-02  4.4317e-03 -3.5598e-03 -1.2069e-03  1.6143e-03  1.3765e-02 -3.6521e-03  9.3378e-03 -9.5975e-04  8.8321e-03 -1.5416e-02  9.8900e-04 -2.9828e-03 -1.9135e-03  1.1905e-03  2.6373e-03 -4.1910e-04 -1.6277e-02  5.1942e-03  5.5841e-03  9.5191e-05  1.9650e-04 -5.7689e-05  1.2451e-04 -9.8995e-04  1.3430e-03 -8.4468e-04 -8.6930e-04  1.4580e-03
  1.1701e+03  4.2248e-02 -8.4035e-02  3.2228e-02 -7.6936e-02  5.4354e-01  2.5515e-01 -5.2197e-02 -8.2642e-02 -4.1000e-01 -1.8225e-01 -1.5607e-01 -3.6759e-01 -1.9816e-02  1.1841e-01  4.9222e-02 -1.1940e-01 -1.5664e-02 -2.8122e-01 -1.2355e-01 -2.1509e-02 -3.2026e-01  1.1064e-02  8.7364e-03  5.0407e-02  1.2976e-03 -4.2818e-04  5.3742e-04  1.2571e-03 -4.1197e-02 -4.0143e-02 -4.0606e-02  1.0431e-01  1.7210e-02  4.9148e-03  1.9157e-03  4.3903e-03 -1.7934e-03  1.2013e-02 -3.7937e-02 -1.7760e-02 -1.2067e-02  1.8326e-02 -6.1826e-05 -2.5594e-03 -1.9426e-03  9.5895e-03 -4.6741e-03  3.5889e-03 -1.0417e-04 -7.7179e-03  6.7847e-03 -2.0953e-04 -4.7297e-04  6.9361e-03 -3.2643e-02  3.1232e-03 -2.8154e-02  2.7074e-02  5.7507e-03  2.0927e-04  1.2053e-03 -2.8502e-03 -4.9302e-04 -7.0815e-03  9.0726e-03 -1.1627e-02  1.4844e-03 -2.3673e-04  8.9230e-03
  1.2698e+03  4.2588e-02 -5.5254e-02  5.1446e-02 -4.5246e-02  3.4140e-01  1.8773e-01  1.1089e-03 -1.8889e-02 -2.7010e-01 -1.6774e-01 -7.6467e-02 -1.9445e-01 -2.7726e-02  3.0886e-02 -3.3565e-02  4.6898e-02  1.1083e-01  3.1098e-01  1.2315e-01  1.2962e-01  2.8703e-01 -6.4135e-02 -8.5780e-02 -2.4003e-01  4.2282e-02 -7.1736e-02  3.1916e-02 -1.5199e-02  1.5702e-01  1.1648e-01  1.5102e-01 -5.4356e-01 -1.5697e-01  1.2615e-03  3.6720e-04  2.9834e-03  5.5079e-03 -2.7372e-03 -1.4644e-02 -7.1984e-03 -7.6946e-03  8.4687e-03 -6.1214e-04 -3.2019e-04 -1.7565e-03  3.7492e-03 -3.7734e-03 -5.5267e-04 -2.0738e-04 -5.3872e-03  1.2839e-03  1.3735e-03  1.9553e-04  3.1394e-03 -1.2302e-02 -7.8531e-03 -8.7375e-03  1.3317e-02  1.1147e-03  4.6865e-04 -2.9303e-03  1.1855e-02  2.6199e-04 -5.6448e-03 -2.2508e-02  2.4926e-02 -1.9788e-02 -1.8200e-02 -6.1108e-02
  1.3680e+03  9.0655e-02  3.2389e-02 -3.8626e-02 -2.0133e-01 -6.8370e-02  8.8512e-02 -5.5739e-02 -3.9332e-01 -1.6878e-01 -1.4177e-01  3.2770e-01  2.5522e-01 -6.7091e-02 -2.3599e-02  2.6846e-02  8.5216e-02  3.2432e-01  4.0467e-01 -2.0243e-02 -3.1317e-01 -4.1750e-01 -1.8031e-02 -8.2520e-03  6.4388e-03  2.0455e-03  2.3811e-03 -1.0232e-03  3.0446e-03 -5.4470e-06 -6.3015e-04 -2.2512e-02  9.8113e-03  1.4265e-02 -1.1667e-04 -3.8128e-03 -8.4334e-04 -4.5704e-03  4.2914e-03 -3.9243e-03  7.2688e-03  2.0461e-02 -1.8515e-03  2.1036e-03  7.6285e-04 -9.3942e-04 -8.3802e-03  3.5626e-03 -4.9954e-03  8.5260e-04 -6.5236e-03  8.6285e-03 -1.1732e-03  3.1689e-03  1.7081e-03  8.4462e-04 -4.3941e-03  2.8286e-03  1.4505e-02 -1.2368e-02 -7.2405e-03  4.4206e-04 -1.3329e-04 -3.4976e-04 -9.5286e-04 -3.0684e-04  7.4059e-05  3.6880e-05  5.3275e-05  3.4389e-03
  1.4004e+03  1.8238e-02 -2.0323e-02  3.1780e-02 -8.3139e-03  1.3432e-01  7.7879e-02  1.5505e-02  6.4843e-02 -1.3612e-01 -1.2559e-01 -4.0213e-03 -8.3063e-02 -4.6745e-02 -6.2427e-03 -1.2009e-01  4.1007e-02 -3.4887e-02  4.2787e-01  2.7713e-01  6.2267e-02  3.4604e-01  6.1039e-03 -2.0418e-02 -1.2441e-02 -1.6430e-02  3.7883e-02 -1.2759e-03  2.3622e-02 -4.6227e-02  1.5519e-02 -1.4893e-01  6.4478e-01  2.7847e-01  1.0829e-03 -1.1815e-03  2.2600e-03 -4.8120e-03  6.3091e-03 -1.7104e-02 -8.8625e-04  4.0313e-03  4.3776e-03 -4.2329e-04  2.7838e-04 -5.8751e-04  6.7243e-03 -2.6488e-03  2.8793e-03 -1.8410e-04 -4.8307e-03  5.4601e-03  1.7297e-03 -1.3112e-03  1.9897e-03 -1.2749e-02  4.5274e-03 -1.5137e-02  2.2431e-04  6.8860e-03  4.5053e-03  3.3945e-03 -8.9408e-03 -3.5611e-03 -1.6696e-02  2.5332e-02 -2.9147e-02  2.1461e-03  2.3731e-03  4.1936e-02
  1.4708e+03 -1.2795e-02  1.1512e-02 -1.9725e-02  2.8747e-03 -5.6240e-02 -3.6837e-02 -2.7804e-03 -5.7863e-02  1.2439e-01  1.1351e-01 -1.5888e-02  7.2272e-02  5.5925e-02 -9.6903e-03  1.2467e-01  4.3428e-03  1.2263e-01 -3.8744e-01 -3.1509e-01  9.1511e-03 -2.3548e-01 -5.0787e-02 -7.9654e-02 -2.0459e-01  4.2863e-03  1.3954e-02  2.4497e-02  2.4782e-02  6.1715e-03  6.9347e-02 -1.4675e-01  6.6298e-01  3.1078e-01 -1.4907e-03  1.5295e-03 -1.9663e-03  7.2421e-03 -9.6375e-03  2.0374e-02  1.5289e-03 -1.1317e-02 -5.6069e-03 -3.5857e-05 -2.5126e-04 -3.2255e-04 -2.2837e-03  2.4635e-03 -6.0951e-04 -5.6812e-04  3.0455e-03 -1.3269e-03 -1.4847e-03  1.7047e-03 -2.1119e-03  1.5522e-02 -7.7674e-03  1.8403e-02  1.8875e-03 -1.1989e-02 -6.1096e-03  1.9485e-03 -7.2256e-03 -5.3560e-03 -8.0252e-03  1.7867e-02 -2.1487e-02  7.0803e-04  4.3547e-03  3.9821e-02
  1.5032e+03 -1.0445e-02  3.1755e-02  4.0160e-03  4.6870e-02 -2.2748e-01 -9.0424e-02 -6.1605e-02 -7.0731e-02 -6.1114e-02  3.2464e-02 -4.0170e-02 -1.0187e-01 -8.5826e-03  7.6069e-02  4.4194e-02 -1.8880e-01 -6.4198e-01  7.1572e-02  5.0051e-01 -3.8895e-01 -2.1139e-01 -6.6475e-03 -2.3598e-02 -3.9969e-02 -8.8456e-04  5.4760e-03  3.4101e-03  3.5745e-04  1.1901e-02  1.2181e-02 -8.1511e-04  9.3677e-03  1.3081e-02  7.2629e-04  1.4135e-03 -6.2348e-04  4.8844e-03 -4.2946e-03  6.6211e-03 -7.1818e-03 -9.3486e-03  3.3627e-03  1.2608e-03 -1.4633e-04  2.8531e-03 -1.6980e-02  1.1449e-04 -8.4520e-03  3.1682e-03  7.5570e-03 -1.7307e-02 -1.4039e-03  5.8467e-04  4.2989e-04  3.1063e-03 -4.3211e-03  6.0080e-03  1.0281e-02 -2.7063e-03 -3.9758e-03  7.0835e-05  1.8850e-04 -3.2189e-05 -1.1488e-05 -6.1441e-05  6.4283e-04 -1.4328e-03 -1.1456e-03 -2.0051e-03
  1.5693e+03  5.6041e-03  6.8449e-02  6.8754e-02  1.1839e-01 -5.0915e-01 -1.3567e-01 -2.0752e-01 -3.3863e-01 -3.8328e-01  3.5583e-02 -2.4066e-01 -4.9066e-01  3.5569e-03 -2.2879e-02 -1.0633e-02  5.8667e-02  1.8714e-01 -1.6988e-02 -1.4601e-01  1.1157e-01  6.5181e-02  9.1233e-03 -1.2879e-02  9.3915e-03 -7.4239e-03  1.3257e-02 -4.9101e-03  6.0710e-04 -1.5531e-03 -2.2821e-04 -1.6200e-03 -4.4166e-03 -1.7738e-03  2.0987e-03  3.2000e-03  2.0073e-03  3.6211e-03  2.7277e-03 -1.0719e-02 -1.3351e-02 -1.6419e-02  9.6700e-03  2.3696e-03  1.7733e-04  5.4890e-03 -3.8908e-02  3.1624e-04 -1.9463e-02  7.2176e-03  1.6765e-02 -3.9035e-02 -4.7626e-04  1.5564e-03  3.8971e-03 -1.5628e-02  1.8538e-03 -1.2074e-02  1.5679e-02 -4.3149e-04 -1.6437e-03  5.5291e-03  4.5096e-04  5.0488e-03 -6.2676e-02  3.2208e-02 -2.6530e-02 -2.5207e-02 -3.9352e-02 -5.6930e-02
  1.6497e+03 -1.0183e-03 -2.0788e-03  4.0920e-03  5.9493e-02 -6.7208e-02 -4.0749e-02  2.0518e-02  8.5260e-02 -9.6922e-02 -1.0576e-01  7.4891e-02  3.2390e-02  3.0009e-03 -4.1550e-03  9.5580e-03 -7.1159e-04  4.1763e-04 -2.1784e-02 -1.3616e-02 -9.1209e-03 -1.7341e-02 -3.9667e-03  4.9051e-03 -6.2287e-03  1.3019e-03 -4.3490e-03  1.8951e-03  4.3712e-04  5.7427e-04  1.3314e-03 -9.6177e-04  8.4132e-04  1.4831e-04  1.1831e-04 -4.3463e-03  2.6045e-03 -1.9266e-02  1.9358e-02 -3.4487e-02  2.0145e-02  4.1232e-02 -4.4329e-03  3.8275e-03 -1.8476e-03  8.2965e-03 -7.5921e-02 -3.7361e-03 -4.0044e-02  1.4501e-02  3.1687e-02 -8.2349e-02  5.6544e-02 -3.7349e-02  1.3096e-02 -3.3118e-01  2.8652e-01 -4.9839e-01 -5.2734e-01  3.0855e-01  2.7978e-01 -1.0098e-02 -4.4272e-04 -9.9909e-03  1.1427e-01 -6.3264e-02  4.8387e-02  4.4124e-02  7.2502e-02  1.0581e-01
  1.6513e+03  6.9355e-04  7.8608e-03  6.6040e-03 -2.7404e-03 -1.7431e-02  5.4839e-03 -3.1650e-02 -7.5364e-02 -1.2731e-02  4.5654e-02 -5.3560e-02 -6.1721e-02 -1.7675e-03 -5.3370e-04 -5.8115e-03  5.2086e-03  1.6852e-02  9.4382e-03 -5.7773e-03  1.4751e-02  1.5423e-02  2.6600e-04 -1.0608e-04  5.9981e-04  5.9874e-04 -4.1421e-04  3.8576e-04  7.9271e-04  4.1997e-04  2.5444e-03 -6.4285e-03 -1.0098e-02 -1.0369e-02  6.6831e-05  1.2076e-03 -3.3875e-04  3.7812e-03 -3.2264e-03  5.5390e-03 -5.0156e-03 -9.9157e-03  1.8535e-03  1.9399e-05  8.0623e-05 -9.7789e-05  5.9740e-04  2.8281e-04  3.8402e-04 -9.3611e-05 -5.4875e-04  1.3007e-03 -1.0974e-02  7.4781e-03 -2.2543e-03  6.2541e-02 -5.4743e-02  9.4983e-02  1.0361e-01 -6.0376e-02 -5.4221e-02 -5.0385e-02 -2.2289e-03 -5.0452e-02  5.6902e-01 -3.1588e-01  2.4115e-01  2.1989e-01  3.6380e-01  5.3069e-01
  1.6522e+03  4.1594e-03 -7.9548e-04  9.7886e-04 -2.3629e-02 -8.2239e-02 -2.4573e-03  3.2672e-02  1.2188e-01 -1.6679e-02 -1.0714e-01  2.3552e-02 -3.7252e-02  6.5145e-03 -1.7944e-03  6.7136e-03  3.7037e-04 -5.9548e-03 -2.1218e-02 -1.0583e-02 -3.7863e-03 -1.3792e-02 -3.9400e-03  3.4935e-03 -4.6175e-03  2.7430e-03 -2.6922e-03  5.4910e-04 -1.5609e-05  3.1890e-04  8.0716e-04 -1.7921e-04  2.2308e-03  1.8576e-03 -3.0390e-03 -5.7874e-02  3.9889e-02 -3.0311e-01  3.0118e-01 -5.2542e-01  3.2361e-01  5.9844e-01 -8.8122e-02  4.3749e-03 -1.5934e-03  7.7840e-03 -7.7273e-02 -1.8847e-03 -4.1056e-02  1.4807e-02  2.8319e-02 -7.7510e-02 -6.7496e-03  3.8343e-03 -1.4705e-03  3.9858e-02 -3.5494e-02  6.0685e-02  6.4447e-02 -3.4586e-02 -3.3203e-02 -2.8999e-04 -4.3028e-05 -1.5557e-04  3.4846e-03 -1.5031e-03  1.1346e-03  1.4483e-03  1.9549e-03  2.1458e-03
  1.6680e+03  1.5918e-04 -6.2778e-03 -4.8512e-03 -1.6779e-03  3.6780e-02  2.5694e-02  1.4319e-02  4.3406e-02  4.4689e-03 -2.7987e-02  2.8753e-02  2.4215e-02 -3.5817e-04 -5.0130e-04 -1.1111e-03  2.1872e-03  6.6517e-03  3.6998e-04 -4.5418e-03  3.9323e-03  3.0266e-03  3.0491e-04  8.7561e-04  1.5854e-03  3.4978e-05 -2.3624e-04 -9.5731e-05  7.4726e-05 -8.1897e-04 -6.2405e-04 -8.3763e-04  3.9508e-03  1.4444e-03  4.8582e-04  8.2596e-03 -5.8346e-03  4.5289e-02 -4.4885e-02  7.7334e-02 -4.8121e-02 -8.7859e-02  1.3249e-02  3.1883e-02 -1.4761e-02  6.1390e-02 -6.0989e-01 -2.2427e-02 -3.2260e-01  1.1655e-01  2.3953e-01 -6.3687e-01 -7.1157e-03  4.5478e-03 -1.6982e-03  4.2374e-02 -3.7490e-02  6.4224e-02  6.7975e-02 -3.8918e-02 -3.5907e-02  7.6150e-04 -3.0867e-05  6.8723e-04 -8.6526e-03  4.8746e-03 -3.8102e-03 -3.1751e-03 -5.2955e-03 -7.3100e-03
  1.7137e+03  1.9100e-02 -1.9858e-02  1.6154e-02  7.1437e-03 -3.3519e-01 -5.6478e-02  1.2535e-01  5.5007e-01 -2.4161e-01 -5.7180e-01  2.9941e-01 -5.6142e-02  1.5966e-02 -1.3584e-02  2.1877e-02  3.6094e-03  4.7030e-03 -8.1897e-02 -5.8469e-02 -1.2308e-02 -5.6314e-02  6.8819e-03 -1.9021e-02 -1.4524e-03 -6.2999e-03  1.1475e-02 -3.2602e-03 -4.1176e-04  2.5206e-03  1.3715e-03  2.9572e-03 -1.3625e-02 -4.5900e-03  3.6917e-03  9.3691e-03 -5.8993e-03  6.0624e-02 -5.5147e-02  8.6143e-02 -7.4099e-02 -1.1762e-01  2.9224e-02 -1.7407e-03  1.8470e-03 -3.9986e-03  4.7867e-02  2.6071e-03  2.5943e-02 -8.9246e-03 -2.0873e-02  5.4316e-02 -9.5842e-03  3.9033e-03 -3.7006e-04  5.0370e-02 -5.4069e-02  8.4059e-02  1.0864e-01 -4.8020e-02 -4.9337e-02 -2.2224e-03  9.8687e-05 -2.5051e-03  2.3673e-02 -1.4401e-02  9.7143e-03  8.5833e-03  1.4955e-02  2.2024e-02
  1.7208e+03 -3.1900e-02 -1.3896e-02  1.6676e-02  6.2862e-01  1.8934e-01 -2.7751e-01 -1.2971e-01  3.0675e-02 -4.9559e-01  1.5731e-01  8.4166e-02  4.2570e-01 -1.1268e-02 -6.5735e-03  7.9398e-03 -1.0928e-02  2.5497e-02 -1.1530e-02 -1.2833e-03 -2.4246e-02 -1.6268e-03  2.9020e-03 -1.6321e-03 -9.3132e-04  4.2424e-04  1.8609e-03 -9.7530e-04 -2.0550e-04  2.0524e-04  1.9063e-04 -1.9759e-03 -2.4245e-03  3.0703e-04 -2.8888e-03 -4.1109e-03 -1.5371e-04 -1.4180e-02  9.1073e-03 -9.4515e-03  2.4365e-02  3.2842e-02 -1.1270e-02 -4.7549e-03 -1.4381e-03  1.5091e-03  2.3366e-02 -7.1320e-03  1.2814e-02 -2.2912e-03  1.0954e-02 -1.0602e-02 -6.2902e-03  3.2567e-03  2.9620e-03  1.7654e-02 -2.8606e-02  3.8328e-02  6.9405e-02 -2.6302e-02 -2.9801e-02 -2.3254e-04  3.5113e-05 -3.2001e-04  2.9630e-03 -1.7265e-03  1.2113e-03  8.9175e-04  1.6669e-03  2.8891e-03
  1.8090e+03 -1.0756e-03  8.0549e-03  4.2106e-03  4.5129e-02 -2.0134e-01 -6.8154e-02 -2.3031e-02  3.8592e-02 -1.8530e-01 -1.2895e-01  1.5114e-03 -1.3615e-01  2.5096e-02 -2.6054e-02  3.3697e-02  3.1100e-02 -5.2770e-02  1.3153e-01  8.9813e-02 -3.0137e-02  9.1025e-02 -2.9078e-01  6.1252e-01 -1.0337e-01  1.7941e-01 -3.6294e-01  7.7757e-02  1.9716e-02 -8.5323e-02 -3.4285e-02 -7.5083e-02  3.6262e-01  1.4205e-01  2.4575e-03  5.6140e-03 -3.2045e-03  2.9562e-02 -2.4164e-02  4.9225e-02 -5.6026e-02 -8.6047e-02  2.8740e-02 -8.1997e-04  4.8234e-04 -1.4950e-03  1.8385e-02  3.4771e-03  1.0398e-02 -4.5993e-03 -4.7916e-03  2.0499e-02 -6.2530e-03  2.8152e-03  6.6579e-04  2.8594e-02 -2.5191e-02  4.9458e-02  9.4588e-02 -3.6937e-02 -3.5774e-02  3.6299e-03 -5.8156e-03  3.6055e-03 -2.4262e-02  2.7814e-02 -2.1733e-02  8.5011e-03 -2.3516e-03  1.2103e-02
  3.0152e+03 -1.2366e-02  4.1064e-02  1.8244e-02 -1.9179e-01  8.7794e-02 -3.7128e-01  6.3177e-01 -1.8272e-01 -1.3054e-01 -2.7669e-01 -4.6589e-01  2.4427e-01  2.3969e-03 -3.5869e-03  2.1915e-03 -5.0405e-02  5.9110e-03 -1.4712e-03  2.1542e-02  3.0960e-02 -3.0867e-02  1.0578e-03 -1.2598e-04  2.4159e-03 -3.7175e-04  1.7059e-04 -5.8765e-04  2.1033e-03 -1.5239e-03  4.0680e-03 -3.5412e-02  1.9562e-02 -7.2625e-02 -4.1465e-04  4.2742e-04 -5.9603e-04 -2.1463e-03 -4.3064e-03  7.0685e-03  2.4984e-03 -7.7835e-03  1.0812e-02  2.4007e-04 -1.5321e-04  3.8470e-04 -3.8625e-03  2.0193e-03 -3.2522e-03 -1.5395e-03  2.9723e-03 -4.5136e-03 -3.7832e-04  5.1613e-04 -8.1908e-04  9.9066e-03 -1.1634e-03  2.9364e-03  1.1192e-02 -6.5319e-03  9.5410e-03 -6.7347e-05  1.6589e-04 -2.7842e-04  5.2212e-04 -3.7512e-03 -2.9451e-03 -2.5474e-03  2.8849e-03  4.9989e-05
  3.1270e+03 -6.9633e-02 -2.4112e-02  2.5504e-02  2.9985e-02 -1.0164e-02  5.0452e-02  6.1475e-01 -1.8234e-01 -1.2696e-01  2.9843e-01  5.1299e-01 -2.6860e-01 -3.2762e-03  2.4535e-02 -8.9666e-03  1.7610e-01 -4.6039e-02 -3.5452e-02 -1.4752e-01 -2.3947e-01  1.4316e-01  6.3860e-04  1.9546e-04 -3.7529e-04 -4.4603e-04 -3.0819e-04  3.8574e-04 -1.6733e-03  8.7846e-04 -3.0807e-03  2.5087e-02 -1.3179e-02  4.8746e-02  8.4465e-04 -3.4403e-04  4.8321e-04  2.0413e-03  6.2787e-03 -8.6378e-03 -3.9032e-03  9.5293e-03 -1.2757e-02  2.8920e-04  7.3892e-05 -1.8606e-04 -1.5042e-04 -1.2162e-03  3.0932e-03 -2.9748e-03 -4.4279e-04 -1.6398e-04 -9.0332e-05  6.2479e-04 -8.7660e-04  1.1186e-02 -2.4032e-03  2.4718e-03  1.1707e-02 -7.2068e-03  1.0344e-02 -4.7753e-06 -1.1259e-04  4.5888e-05  5.5185e-04  1.4880e-03  1.8817e-03  7.7731e-04 -1.6308e-04  5.2955e-04
  3.1292e+03  2.5141e-02  1.1685e-02 -9.0144e-03 -2.2492e-02  1.3062e-02 -3.7072e-02 -1.7163e-01  5.0791e-02  3.2741e-02 -1.4075e-01 -2.3969e-01  1.2269e-01 -2.8949e-02  5.6524e-02 -1.4521e-02  6.3900e-01 -1.6452e-01 -1.1058e-01 -3.0283e-01 -4.8475e-01  2.7704e-01 -2.8605e-04 -7.0390e-05  4.0690e-05  5.0674e-04 -3.4939e-04  2.5158e-04 -3.4527e-03  2.0484e-03 -7.1628e-03  5.3813e-02 -3.0748e-02  1.1092e-01 -2.4225e-04  2.1676e-04 -2.9394e-04 -1.7665e-03 -3.0698e-03  3.5639e-03  1.1622e-03 -4.4630e-03  6.6661e-03 -6.5082e-05 -1.5086e-04  6.8162e-05  1.0575e-03  1.6419e-03 -2.2084e-03 -7.5531e-04  3.2315e-04  2.2759e-04 -1.2345e-04 -2.2421e-04  2.9362e-04 -2.9738e-03  8.9170e-04 -1.5412e-03 -2.3958e-03  2.4402e-03 -2.7043e-03  9.3334e-06 -1.1677e-04  3.8101e-05  8.0453e-04  1.8240e-03  3.5594e-03  1.9778e-03 -8.6700e-04  2.3545e-03
  3.1951e+03 -3.6725e-02  3.8531e-02 -6.4006e-02  4.0823e-01 -1.9734e-01  7.8054e-01  2.4330e-01 -7.1061e-02 -5.3451e-02 -1.5490e-01 -2.6016e-01  1.3337e-01 -1.3311e-03 -5.6054e-04  2.8990e-04  2.1407e-03 -2.6713e-03  2.2377e-03  1.1807e-02  1.4096e-02 -7.6911e-03  5.8365e-04 -4.5172e-04  1.0437e-03 -1.8848e-04  3.6784e-04 -1.7310e-04  5.1093e-04  9.4499e-06  1.3134e-03 -9.7629e-03  3.8844e-03 -2.1622e-02 -3.7429e-05  3.1746e-04 -7.2543e-06 -4.2025e-03 -7.0713e-03  3.6606e-03  1.0072e-03 -3.5228e-03  4.4831e-03 -3.3509e-04 -1.2793e-05 -7.5809e-04  4.4816e-03 -5.6485e-03  1.2875e-02  9.5196e-03 -3.9677e-03  1.0972e-02 -1.1558e-04  2.2699e-04  8.1776e-05  7.3172e-03 -2.6148e-03 -2.1012e-03  2.9037e-03 -1.8352e-03  2.3401e-03  5.5872e-05 -9.4701e-05  5.4874e-05 -1.0729e-03  3.0503e-03  1.4493e-03  1.4071e-04 -1.3745e-03 -1.7444e-03
  3.2185e+03 -5.9741e-03 -2.7470e-03  3.3686e-03 -1.4306e-03  2.9072e-03 -8.5695e-03  5.8604e-02 -2.2456e-02 -1.7453e-02  3.2458e-02  5.9638e-02 -2.3380e-02 -8.3140e-02 -2.9581e-02  3.5159e-02  6.7075e-01 -1.8254e-01 -1.1077e-01  3.2036e-01  5.3579e-01 -3.0826e-01 -5.1162e-04 -1.4858e-04  3.6763e-05 -1.6227e-04 -5.6630e-05  1.1355e-04 -9.3657e-04  4.8782e-04 -1.9237e-03  1.4652e-02 -7.9222e-03  3.0089e-02  4.0949e-05 -1.3863e-04  1.8187e-05 -1.3553e-03 -3.7171e-04 -1.2317e-03  7.1426e-04  1.7244e-03 -1.0400e-04  1.1518e-04  4.1046e-05 -3.8862e-05 -7.1212e-04 -3.4469e-05  3.0193e-04 -8.1163e-04 -3.8824e-04  4.1780e-05 -6.5857e-05  1.2218e-04 -1.2581e-05 -2.5072e-04 -3.6027e-05  1.8989e-03  1.3881e-03 -1.0704e-03 -8.0948e-04  1.4705e-05 -1.7440e-05 -2.2574e-05 -9.7006e-05  7.7981e-04  1.3600e-03  5.2879e-04 -8.2126e-04  6.1898e-04
  3.2203e+03 -1.0148e-03  3.8880e-03 -5.3970e-04 -5.8175e-03  1.7412e-03 -1.1738e-02  4.5849e-02 -1.5082e-02 -1.0515e-02 -2.6756e-02 -4.7854e-02  2.2404e-02  6.8901e-03 -7.9136e-03  1.4470e-03 -1.1925e-01  3.2882e-02  1.8807e-02  3.6478e-02  6.2609e-02 -3.6406e-02 -7.0793e-04 -1.1984e-03 -3.1541e-03 -5.8433e-04  1.7822e-03  3.6000e-04 -2.6306e-02  1.4161e-02 -5.4723e-02  4.1562e-01 -2.2488e-01  8.6138e-01  1.9029e-05  9.3848e-05 -2.3834e-06  3.1796e-04  2.2825e-04  6.6577e-04 -3.6389e-04 -1.3131e-03  4.9578e-04  1.1492e-05  3.2642e-05  6.9778e-05 -2.1507e-04 -4.0980e-04  1.2996e-04  4.8577e-04 -1.5486e-04 -1.4808e-04 -6.0773e-05  5.2258e-05  2.2738e-05  1.2775e-04  1.8997e-04  5.9244e-04  1.1416e-03 -7.6759e-04 -7.4704e-05 -2.8674e-04 -1.1076e-03 -1.8267e-04  6.8008e-03  2.1917e-02  3.3946e-02  1.7866e-02 -1.2923e-02  1.2534e-02
  3.7746e+03 -2.1464e-04 -1.9549e-05 -4.8861e-04  1.8702e-03 -6.0022e-04  3.7162e-03  8.5113e-05  1.2087e-04  1.1497e-03  6.5017e-04  2.3828e-04  9.4734e-04  7.9547e-05 -6.2835e-05  1.9175e-04 -8.2409e-04 -1.1200e-04  7.1478e-05  6.3187e-04  6.1334e-04 -7.3816e-04 -7.9460e-05  4.2612e-04  2.3740e-04  4.6256e-05 -7.2907e-05 -3.5586e-05 -8.7502e-04  2.6588e-04 -1.9411e-03  2.1508e-02 -6.2563e-03  3.8860e-02  1.1248e-04 -5.7784e-05  1.4433e-04  1.6630e-04  1.3992e-04  1.0983e-04 -1.9771e-03  8.3778e-04 -2.4120e-03  1.2486e-05 -7.3133e-06  3.2293e-05  3.4273e-04  2.2447e-04 -4.9622e-04 -5.5248e-04 -1.1777e-04 -5.2335e-05 -7.7970e-05  4.5816e-05  3.9104e-05  1.3010e-03 -6.5329e-04 -1.3608e-03 -4.5252e-05 -5.6507e-05  6.6966e-04  2.6409e-02  1.5537e-02  3.8616e-02 -4.0006e-02 -6.0442e-01 -5.9222e-01 -3.8690e-01  3.5665e-01 -3.1492e-02
  3.8015e+03 -8.8927e-04  5.8543e-06  2.3295e-04 -7.1519e-04 -3.7987e-04  1.1466e-03  1.6278e-02 -7.7614e-03 -3.2601e-03  2.5680e-03  7.3168e-03 -2.8726e-03  2.0371e-04  1.0419e-04 -8.3576e-05 -1.7235e-03  3.9465e-04  2.3379e-04 -9.7897e-04 -1.9755e-03  1.0693e-03  1.3422e-04  1.1379e-05 -1.4291e-04  6.2563e-05 -1.3625e-05  4.5672e-07 -1.5143e-05  1.6475e-05  4.6605e-05 -9.7419e-05  1.0420e-04 -2.0427e-04  2.3718e-03  1.8089e-02 -1.0155e-02 -2.1082e-01 -2.4634e-01 -4.1948e-02  1.7208e-01 -4.4036e-02  2.0437e-01 -1.7701e-04  3.1733e-04 -1.0585e-03 -8.5035e-03 -6.8150e-03  1.5046e-02  1.1254e-02  1.8195e-03  1.7920e-03  3.6618e-02 -2.4836e-02  3.6274e-03 -4.4959e-01  2.2641e-01  4.7826e-01 -1.3814e-01  1.7181e-01 -5.3457e-01  1.6371e-05  1.2557e-04  1.2844e-04 -1.7628e-04 -2.1639e-03 -2.1794e-03 -9.6902e-05  1.7726e-04  1.8674e-04
  3.8017e+03  1.1112e-04 -7.7168e-04  3.4969e-04 -1.2224e-03 -7.6326e-05 -1.8465e-03 -7.4882e-03  3.1005e-03  1.5620e-03  6.1271e-03  1.4636e-02 -6.2112e-03  9.9324e-05 -5.9278e-05 -5.8096e-05 -1.5330e-03  7.6834e-04  2.1958e-04 -1.6066e-04  2.9180e-04  6.1050e-05  9.8024e-05  1.6118e-04  2.0404e-04 -2.8475e-05  6.9763e-05 -5.2092e-05 -3.4505e-05 -7.1121e-05 -1.3080e-04  5.4745e-04 -3.4711e-04  1.0454e-03  4.7266e-03  3.8309e-02 -2.1902e-02 -4.4592e-01 -5.2034e-01 -8.8831e-02  3.6904e-01 -9.4405e-02  4.3866e-01  1.4232e-03 -5.4201e-04  2.5276e-03  1.9127e-02  1.4931e-02 -3.2434e-02 -4.1695e-02 -6.4902e-03 -7.7202e-03 -1.7113e-02  1.1600e-02 -1.8962e-03  2.0912e-01 -1.0513e-01 -2.2261e-01  6.5241e-02 -8.0941e-02  2.5215e-01  5.1182e-05  2.9806e-06  3.2109e-05 -3.1666e-05 -5.1391e-04 -4.5966e-04 -8.7454e-04  5.1156e-04 -2.0196e-04
  3.8202e+03 -4.6538e-04  3.3023e-04 -7.9744e-04  6.2623e-03 -2.0697e-03  1.2742e-02  3.1569e-03 -9.1637e-04 -5.7861e-04 -1.5043e-03 -2.5901e-03  1.4399e-03  4.9291e-05 -8.1812e-05  4.0939e-05 -1.4126e-03  5.8609e-04  5.0475e-04  7.3184e-04  1.3463e-03 -4.1110e-04  6.1864e-05 -6.4310e-05  9.0398e-05 -1.5051e-05  3.2532e-05 -6.2506e-06  2.8145e-06 -2.2330e-05 -1.5238e-05 -1.0643e-04  2.6639e-04  2.4622e-05 -1.4704e-04 -1.8392e-03  1.1054e-03  2.1359e-02  2.4907e-02  4.4199e-03 -1.8823e-02  4.7202e-03 -2.2217e-02  2.2025e-02 -9.5142e-03  4.3023e-02  3.3433e-01  2.5924e-01 -5.6385e-01 -6.8534e-01 -1.0851e-01 -1.2254e-01  1.7486e-03 -1.2206e-03  2.6106e-04 -2.1409e-02  1.0867e-02  2.3016e-02 -6.8650e-03  8.6927e-03 -2.7102e-02 -2.6936e-05 -1.2482e-05 -4.2451e-05  1.5659e-05  5.4699e-04  5.2903e-04  3.9548e-04 -3.4456e-04  7.0592e-05
  3.8941e+03 -1.6821e-04  1.1206e-04  5.7133e-05  1.4870e-05 -1.3996e-04 -4.5511e-04  2.7473e-03 -8.2605e-04  1.3654e-04  6.6328e-05 -5.5677e-04  1.1115e-04  1.1845e-05 -5.4640e-06 -2.5334e-05 -1.3001e-04 -1.3275e-04 -1.1277e-04  6.4162e-05 -1.8679e-04 -3.8073e-05  3.8329e-05 -2.4516e-04 -1.9135e-04 -1.8986e-05  8.6463e-05  7.8614e-05 -2.5260e-05  1.1336e-04  3.6377e-05 -2.1825e-03  3.3058e-03  4.0077e-03  1.6219e-03  6.5071e-04  1.1942e-03 -1.1830e-02 -1.5145e-02 -1.6332e-03 -1.3879e-02  4.8400e-03 -1.7363e-02  3.5906e-04  1.3837e-04 -1.6757e-04 -1.8059e-03 -1.6207e-03  3.6203e-03 -3.9059e-03 -5.7207e-04 -9.5896e-04 -2.3558e-03 -2.0614e-04  1.1662e-02  7.3399e-02 -3.8808e-02 -6.9953e-02 -3.6488e-02  4.2228e-02 -1.1544e-01 -3.6448e-02  5.5192e-02  1.6860e-02 -6.1175e-02 -3.4807e-01 -3.7007e-01  6.4195e-01 -5.3125e-01  9.9150e-02
  3.8952e+03 -7.6130e-04 -3.4519e-04  1.0911e-04  1.4877e-03  2.2905e-05  1.6320e-03  5.9382e-03 -1.1728e-03  1.4383e-03  3.2172e-03  6.5546e-03 -6.2837e-03 -7.6315e-06  3.4620e-06 -1.3951e-05  1.0654e-04 -5.7614e-05  2.1033e-04  1.3469e-04 -1.8064e-04  4.2393e-05  9.4610e-05 -1.1825e-04  4.8956e-05 -3.0865e-05  8.3546e-05 -8.0331e-05 -8.0005e-06  4.8705e-05  2.0841e-05  4.1711e-05 -3.8264e-04 -4.8105e-05 -4.8866e-02 -1.9005e-02 -3.6097e-02  3.5406e-01  4.5122e-01  4.8410e-02  4.2236e-01 -1.5087e-01  5.2757e-01  2.9566e-03  1.0506e-03 -1.2417e-03 -1.3960e-02 -1.2151e-02  2.7737e-02 -3.3016e-02 -4.5519e-03 -8.0037e-03 -5.6200e-03 -7.1853e-04  2.9423e-02  1.8168e-01 -9.6087e-02 -1.7304e-01 -9.3886e-02  1.0786e-01 -2.9516e-01  1.7467e-03 -2.5108e-03 -7.1436e-04  2.7592e-03  1.5025e-02  1.6101e-02 -3.0668e-02  2.5045e-02 -4.6217e-03
  3.8973e+03 -1.0903e-04  1.6869e-04  6.7195e-04 -2.2549e-03  5.7511e-04 -5.3499e-03  8.1609e-03 -1.7594e-03 -7.8429e-04 -1.9416e-03 -2.1729e-03  4.0744e-04  1.4620e-05 -4.9076e-07  4.2164e-05 -9.2514e-05  4.3123e-04 -3.7229e-04 -4.1972e-04  2.9870e-04 -3.2138e-04 -2.3447e-04  5.0558e-04 -7.3151e-05  2.0446e-04 -2.7510e-04  1.7910e-04  2.8490e-05 -1.8456e-04 -1.0699e-04  2.1951e-04 -2.1332e-04 -5.8142e-04  2.3188e-02  9.1456e-03  1.7032e-02 -1.6913e-01 -2.1550e-01 -2.3194e-02 -1.9944e-01  7.0815e-02 -2.4839e-01  1.3193e-03  5.1108e-04 -6.5182e-04 -6.9609e-03 -6.1038e-03  1.3781e-02 -1.4021e-02 -1.9925e-03 -3.4291e-03 -1.2050e-02 -1.3077e-03  6.1488e-02  3.8294e-01 -2.0257e-01 -3.6498e-01 -1.9406e-01  2.2410e-01 -6.1348e-01  6.0674e-03 -9.3133e-03 -2.9227e-03  1.0359e-02  5.9511e-02  6.3177e-02 -1.0693e-01  8.8831e-02 -1.6033e-02
  3.9027e+03  4.7973e-04  1.7178e-04 -2.0865e-04  1.8123e-03  6.5809e-04 -7.7417e-04 -3.6738e-03  2.6061e-04  1.0869e-03 -2.4360e-03 -2.4387e-03  1.5356e-03  1.2683e-05  4.4439e-06 -6.0656e-06 -4.7559e-04 -7.7517e-05  5.3624e-05 -3.0539e-04 -2.0467e-04  2.9448e-04 -6.3165e-06 -3.7159e-06  4.1633e-06  2.7217e-06  2.6210e-06 -2.9011e-06  3.0637e-06  1.1733e-06 -9.7905e-07 -2.3659e-05 -7.7945e-06 -2.4331e-06  1.8096e-03  5.3069e-04  1.4489e-03 -1.1480e-02 -1.4451e-02 -1.6214e-03 -1.7261e-02  6.1225e-03 -2.1489e-02  6.1287e-02  2.2095e-02 -2.6500e-02 -2.9598e-01 -2.5631e-01  5.8529e-01 -6.7854e-01 -9.5023e-02 -1.6391e-01  3.8244e-04  1.8650e-04 -2.8659e-03 -1.5570e-02  8.1644e-03  1.4946e-02  9.6452e-03 -1.1189e-02  3.0640e-02  3.5830e-06 -2.3445e-06 -1.9079e-06 -1.6773e-05  1.6158e-05  3.2274e-05 -3.9351e-05  1.8243e-05 -4.8913e-06
