  0.0000e+00  0.0000e+00  0.0000e+00  0.0000e+00  0.0000e+00  0.0000e+00  0.0000e+00  0.0000e+00  0.0000e+00  0.0000e+00  0.0000e+00  0.0000e+00  0.0000e+00  0.0000e+00  0.0000e+00  0.0000e+00  0.0000e+00  0.0000e+00  0.0000e+00  0.0000e+00  0.0000e+00  0.0000e+00  0.0000e+00  0.0000e+00  0.0000e+00  0.0000e+00  0.0000e+00  0.0000e+00  0.0000e+00  0.0000e+00  0.0000e+00  0.0000e+00  0.0000e+00  0.0000e+00  0.0000e+00  0.0000e+00  0.0000e+00  0.0000e+00  0.0000e+00  0.0000e+00  0.0000e+00  0.0000e+00  0.0000e+00  0.0000e+00  0.0000e+00  0.0000e+00  0.0000e+00  0.0000e+00  0.0000e+00  0.0000e+00  0.0000e+00  0.0000e+00
  0.0000e+00  0.0000e+00  0.0000e+00  0.0000e+00  0.0000e+00  0.0000e+00  0.0000e+00  0.0000e+00  0.0000e+00  0.0000e+00  0.0000e+00  0.0000e+00  0.0000e+00  0.0000e+00  0.0000e+00  0.0000e+00  0.0000e+00  0.0000e+00  0.0000e+00  0.0000e+00  0.0000e+00  0.0000e+00  0.0000e+00  0.0000e+00  0.0000e+00  0.0000e+00  0.0000e+00  0.0000e+00  0.0000e+00  0.0000e+00  0.0000e+00  0.0000e+00  0.0000e+00  0.0000e+00  0.0000e+00  0.0000e+00  0.0000e+00  0.0000e+00  0.0000e+00  0.0000e+00  0.0000e+00  0.0000e+00  0.0000e+00  0.0000e+00  0.0000e+00  0.0000e+00  0.0000e+00  0.0000e+00  0.0000e+00  0.0000e+00  0.0000e+00  0.0000e+00
  0.0000e+00  0.0000e+00  0.0000e+00  0.0000e+00  0.0000e+00  0.0000e+00  0.0000e+00  0.0000e+00  0.0000e+00  0.0000e+00  0.0000e+00  0.0000e+00  0.0000e+00  0.0000e+00  0.0000e+00  0.0000e+00  0.0000e+00  0.0000e+00  0.0000e+00  0.0000e+00  0.0000e+00  0.0000e+00  0.0000e+00  0.0000e+00  0.0000e+00  0.0000e+00  0.0000e+00  0.0000e+00  0.0000e+00  0.0000e+00  0.0000e+00  0.0000e+00  0.0000e+00  0.0000e+00  0.0000e+00  0.0000e+00  0.0000e+00  0.0000e+00  0.0000e+00  0.0000e+00  0.0000e+00  0.0000e+00  0.0000e+00  0.0000e+00  0.0000e+00  0.0000e+00  0.0000e+00  0.0000e+00  0.0000e+00  0.0000e+00  0.0000e+00  0.0000e+00
  0.0000e+00  0.0000e+00  0.0000e+00  0.0000e+00  0.0000e+00  0.0000e+00  0.0000e+00  0.0000e+00  0.0000e+00  0.0000e+00  0.0000e+00  0.0000e+00  0.0000e+00  0.0000e+00  0.0000e+00  0.0000e+00  0.0000e+00  0.0000e+00  0.0000e+00  0.0000e+00  0.0000e+00  0.0000e+00  0.0000e+00  0.0000e+00  0.0000e+00  0.0000e+00  0.0000e+00  0.0000e+00  0.0000e+00  0.0000e+00  0.0000e+00  0.0000e+00  0.0000e+00  0.0000e+00  0.0000e+00  0.0000e+00  0.0000e+00  0.0000e+00  0.0000e+00  0.0000e+00  0.0000e+00  0.0000e+00  0.0000e+00  0.0000e+00  0.0000e+00  0.0000e+00  0.0000e+00  0.0000e+00  0.0000e+00  0.0000e+00  0.0000e+00  0.0000e+00
  0.0000e+00  0.0000e+00  0.0000e+00  0.0000e+00  0.0000e+00  0.0000e+00  0.0000e+00  0.0000e+00  0.0000e+00  0.0000e+00  0.0000e+00  0.0000e+00  0.0000e+00  0.0000e+00  0.0000e+00  0.0000e+00  0.0000e+00  0.0000e+00  0.0000e+00  0.0000e+00  0.0000e+00  0.0000e+00  0.0000e+00  0.0000e+00  0.0000e+00  0.0000e+00  0.0000e+00  0.0000e+00  0.0000e+00  0.0000e+00  0.0000e+00  0.0000e+00  0.0000e+00  0.0000e+00  0.0000e+00  0.0000e+00  0.0000e+00  0.0000e+00  0.0000e+00  0.0000e+00  0.0000e+00  0.0000e+00  0.0000e+00  0.0000e+00  0.0000e+00  0.0000e+00  0.0000e+00  0.0000e+00  0.0000e+00  0.0000e+00  0.0000e+00  0.0000e+00
  0.0000e+00  0.0000e+00  0.0000e+00  0.0000e+00  0.0000e+00  0.0000e+00  0.0000e+00  0.0000e+00  0.0000e+00  0.0000e+00  0.0000e+00  0.0000e+00  0.0000e+00  0.0000e+00  0.0000e+00  0.0000e+00  0.0000e+00  0.0000e+00  0.0000e+00  0.0000e+00  0.0000e+00  0.0000e+00  0.0000e+00  0.0000e+00  0.0000e+00  0.0000e+00  0.0000e+00  0.0000e+00  0.0000e+00  0.0000e+00  0.0000e+00  0.0000e+00  0.0000e+00  0.0000e+00  0.0000e+00  0.0000e+00  0.0000e+00  0.0000e+00  0.0000e+00  0.0000e+00  0.0000e+00  0.0000e+00  0.0000e+00  0.0000e+00  0.0000e+00  0.0000e+00  0.0000e+00  0.0000e+00  0.0000e+00  0.0000e+00  0.0000e+00  0.0000e+00
  3.5611e+01  1.9612e-02 -1.1336e-01  6.4579e-02  1.0127e-02 -9.8500e-02  8.8774e-02  3.5970e-02 -1.3421e-01  1.1702e-02  1.6805e-02 -6.4329e-02  4.4222e-02  6.7880e-03 -1.7688e-01  6.7865e-02  1.0735e-01 -2.5145e-01  1.6802e-01 -1.0253e-01 -2.8790e-01 -1.1763e-02 -1.6583e-02  4.0046e-02  2.2531e-02  2.1611e-03  3.5413e-01 -1.3714e-02 -6.9623e-02 -1.4514e-01  3.0897e-02 -8.4243e-02  2.6227e-02 -3.6502e-04  7.1709e-02 -1.4026e-01 -8.2484e-02  2.1962e-01 -2.5512e-01 -8.2340e-02 -6.9083e-02 -6.8679e-02 -1.7207e-02 -2.0661e-02  1.7761e-01 -6.1949e-02  3.1074e-01  3.2296e-01 -1.3637e-01 -3.4013e-01  1.0574e-01 -1.8735e-02
  4.8502e+01 -9.8981e-02 -1.0713e-01  5.6278e-02 -8.4034e-02 -1.2241e-01  2.0939e-02 -1.0344e-01 -1.0997e-01  5.9162e-02 -1.1026e-01 -1.0557e-01  5.7054e-02 -5.8207e-02 -3.3663e-02  9.0162e-02 -8.8698e-02 -9.8826e-03  1.6595e-01 -4.9244e-02 -3.5694e-02  7.5757e-02  2.2528e-02  1.2962e-02  5.4263e-02  3.0045e-02 -1.0052e-01  1.9548e-02  8.6737e-02  1.9099e-01  6.6125e-02  1.3917e-01  2.0367e-01  4.3772e-02 -1.7059e-01 -5.6649e-02 -6.2599e-02 -2.5730e-01 -5.8184e-02 -1.3148e-01 -7.0061e-02 -2.1703e-02 -1.1773e-01  1.7809e-01  8.2568e-02 -1.6972e-01  5.9383e-01  1.7197e-01 -3.2100e-01 -1.4228e-01 -2.4451e-02 -2.6648e-02
  5.5863e+01  1.0026e-01 -5.1816e-02 -6.7396e-03  8.0159e-02 -3.9892e-02 -1.0016e-03  9.7551e-02 -3.6789e-02  1.6811e-02  1.1008e-01 -6.3877e-02 -3.6923e-03  7.4374e-02 -5.0150e-02 -4.5855e-02  8.7582e-02 -5.9831e-02 -4.2360e-02  7.4026e-02 -7.3305e-02 -8.8378e-02  2.7222e-02 -3.8738e-03 -4.3137e-02  1.2462e-02 -1.8585e-02  5.9478e-03  4.5276e-03  5.3940e-02 -9.8962e-02 -2.7929e-02  7.7665e-02 -9.2004e-02 -7.8973e-02  3.8134e-02  9.9215e-02 -1.0104e-01  1.0520e-01  1.4850e-01 -1.0812e-01  1.6874e-02  1.1686e-01 -1.0342e-01  2.1059e-02  5.3931e-02  4.4926e-01  1.0391e-01 -1.7143e-01 -6.3928e-01 -1.6728e-01  3.1560e-01
  6.4527e+01  1.6856e-02 -7.6685e-02 -7.6553e-03  2.1214e-02 -7.5516e-02  2.3266e-02  6.4066e-03 -1.0426e-01 -3.4603e-02  3.6281e-03 -3.8515e-02 -1.9941e-02  2.1688e-02 -7.5870e-02 -1.0590e-03  5.2053e-02 -9.8218e-02  6.0529e-02 -1.3190e-02 -1.1907e-01 -4.0449e-02  3.1975e-02  2.7739e-02 -2.9291e-02  3.3282e-02  5.8893e-02 -3.0563e-02  3.5284e-02  8.7772e-02 -4.9829e-02  3.8709e-02  1.5285e-01 -6.5169e-02 -8.5253e-02 -4.1996e-02  1.3349e-01 -5.3111e-02 -3.6487e-03  1.9566e-01 -1.2751e-01 -1.0207e-01  1.6230e-01 -2.4510e-02  9.4064e-03 -3.3465e-02 -5.8009e-01  6.8530e-03  2.4377e-01  4.3255e-01  2.0971e-01 -3.6920e-01
  7.3607e+01  1.2930e-01 -6.9674e-02  8.0981e-02  1.1636e-01 -6.3975e-02  7.0154e-02  1.0582e-01 -5.8962e-02  1.2423e-01  1.5459e-01 -6.8181e-02  7.4886e-02  7.8745e-02 -5.8296e-02  1.0520e-03  8.0442e-02 -6.0321e-02 -3.2466e-02  1.0906e-01 -6.5714e-02 -4.9239e-02 -1.8763e-02 -4.5894e-02  2.7958e-02 -5.0899e-02 -1.1283e-01  1.2683e-01 -6.5880e-02  4.6843e-02 -7.3667e-02 -1.3348e-01  4.1457e-02 -4.6931e-02 -1.8927e-02  4.4151e-02 -1.9193e-01 -1.4853e-01 -2.9009e-02 -3.6441e-01  6.7870e-02  2.6962e-01 -2.6095e-01 -3.2563e-02  1.3258e-01  7.1568e-02 -3.6564e-01  2.1692e-01  2.9208e-01  1.7339e-01  2.6922e-01 -2.1147e-01
  1.2934e+02 -4.4545e-02  9.8415e-02 -3.3192e-02 -1.9677e-01  2.0099e-01 -1.4829e-02  1.2621e-01  1.9771e-01 -1.0124e-01 -1.8023e-02  8.9617e-02 -3.6994e-02 -6.0955e-02 -2.3447e-01  6.2653e-02  2.1994e-01 -4.4757e-01  1.6667e-01 -3.7847e-01 -4.3323e-01  7.1109e-02 -2.6654e-02 -4.8218e-02  5.9510e-03 -1.9332e-02 -4.4913e-02 -1.9060e-02  3.3446e-03  1.0123e-01 -1.6212e-02  2.9259e-02  1.8705e-01 -4.4214e-02  1.2801e-01  7.7171e-02  1.0573e-02  1.5933e-02  1.6337e-01  1.2624e-02  2.0830e-01  3.9961e-02 -2.8656e-02 -9.6024e-03 -3.2730e-03 -2.8644e-05  2.4550e-02 -4.5289e-02 -4.3983e-02  5.6755e-03 -2.0592e-02  5.6298e-02
  1.9093e+02  5.9121e-02 -1.5170e-02  2.1072e-02  8.2032e-02 -3.7798e-02  1.3511e-03  4.6977e-02 -7.0409e-02 -3.9797e-02  1.0188e-02  2.4184e-02  2.7841e-02  9.0154e-02  2.6242e-02  6.9248e-02  6.1377e-02  4.7526e-02  6.5425e-02  1.1528e-01  4.3067e-02  6.9211e-02  3.1484e-02  2.3356e-02  9.9015e-02 -3.7444e-03  4.6514e-02  2.0540e-01 -5.3775e-02  2.2217e-03  5.6502e-03 -1.4323e-01  1.3638e-02  3.7043e-02  6.5855e-02  8.7229e-02  1.7913e-02 -1.9155e-01  2.4136e-01 -2.5052e-02  1.6017e-01  1.8301e-01 -4.2313e-02 -1.1382e-01 -1.5786e-01 -3.4609e-01 -3.6126e-01 -2.4344e-01 -2.7342e-01 -3.7558e-01 -2.3342e-01 -2.5766e-01
  2.1400e+02  6.6640e-03  2.5377e-02 -5.9672e-03  2.0822e-03  3.5343e-02  7.0692e-03  1.9861e-02  2.1750e-02 -2.6169e-02  4.4283e-03  3.6790e-02 -9.4042e-03  8.6749e-03 -1.2588e-02  1.0628e-02  3.3370e-02 -3.1516e-02  8.4106e-03 -1.9433e-02 -2.4923e-02  2.1623e-02  4.5396e-03 -1.1504e-02  1.2027e-02  1.5490e-03 -2.4002e-02  2.3042e-02  5.3936e-03  1.7832e-02 -1.2901e-03 -3.3740e-03  6.0157e-03  4.5234e-03 -3.1686e-02  4.1002e-02 -2.1272e-02  7.0325e-01 -5.0132e-01  3.4114e-04 -4.3598e-01  9.2332e-02  1.8397e-01 -4.0585e-03 -1.1961e-02 -2.3442e-02 -4.7487e-02 -3.4178e-02 -1.5581e-02 -4.9532e-02 -2.8992e-02  2.8065e-03
  2.5064e+02  1.6503e-02  2.0637e-01 -1.2150e-01 -7.9980e-02  2.8210e-01 -1.4509e-01  1.5359e-01  2.4378e-01 -2.3971e-01 -5.1772e-02  2.0828e-01 -1.0286e-01  8.1261e-02  7.0987e-03  2.4563e-02  1.9906e-01 -8.3916e-02  4.2255e-02 -8.7537e-02 -5.1626e-02  1.1907e-01  5.6578e-02  3.4416e-03  3.6994e-02  2.0367e-02  1.0842e-02  1.5561e-01 -3.0434e-02  1.4581e-03 -6.7302e-02 -1.3205e-01 -1.0283e-02 -2.7115e-02 -1.1970e-01 -2.2318e-01 -3.3614e-02 -1.8627e-01 -1.1544e-01  2.0829e-02  1.9764e-02 -4.5915e-01 -7.7749e-02  4.2844e-02  3.8484e-02  1.4996e-02 -2.1188e-01 -1.9437e-01 -2.9425e-03 -1.1388e-01 -7.6267e-02  2.6262e-01
  2.6316e+02 -1.1900e-03 -1.8193e-02  2.3110e-02  8.5722e-03 -2.3033e-02  4.3853e-02 -2.4623e-02 -2.3711e-02  4.2906e-02  2.0092e-02 -1.1261e-02  1.9329e-02 -2.1954e-02 -4.9355e-03 -1.0758e-02 -2.6375e-02 -2.5847e-03 -1.0688e-02 -7.8152e-03 -3.8120e-03 -2.6055e-02 -1.6364e-02 -2.1446e-05 -1.5913e-02 -6.3788e-03 -3.9257e-03 -4.9515e-02  6.1815e-03 -2.0834e-03  1.2760e-02  3.4733e-02  3.5525e-03  1.2750e-03  2.3009e-03  1.6651e-02  1.6485e-02 -4.8430e-03 -5.9126e-02 -6.5264e-02  1.0721e-01  1.7323e-02 -3.7661e-02  1.0015e-01  3.6477e-02 -7.0828e-03 -6.1644e-01 -1.5775e-01  2.3371e-01 -6.4049e-01 -1.7560e-01  2.2917e-01
  3.1377e+02 -9.7059e-03 -3.2167e-03 -1.0140e-02 -8.9202e-02  1.8338e-02 -1.8970e-01  8.3206e-02  1.4503e-01  8.2310e-02 -1.1250e-02 -1.6871e-01  5.7769e-02 -1.0472e-03  8.2404e-03  2.4824e-03 -2.1446e-03  9.2199e-03  1.4296e-02 -9.0061e-03  4.1371e-03  3.0644e-03 -2.3424e-03  9.5414e-04  6.4109e-03 -3.5986e-03 -1.1162e-02  1.1303e-02  1.1862e-03  5.4505e-03  8.9063e-03  1.1260e-03 -2.4651e-02  1.5673e-02  4.2091e-02 -3.1741e-02 -6.3008e-02 -3.4033e-02  4.8466e-01  3.9880e-01 -5.4762e-01  2.6183e-02  2.3144e-01  2.5561e-02 -9.8960e-03  6.5175e-03 -5.2780e-02  1.7893e-01  1.6582e-01 -1.9849e-01  1.3533e-02 -1.6868e-01
  3.2627e+02 -5.1641e-02 -4.3298e-02 -4.8896e-02  7.2839e-02 -1.1207e-01  1.0205e-01 -1.5768e-01 -2.6118e-01 -2.2364e-01 -1.3652e-01  1.7726e-01 -1.1882e-01  1.3351e-03 -7.9560e-03  1.1070e-02 -4.1283e-02  2.4647e-02  1.9562e-02  2.3479e-02  2.1857e-02  3.8756e-02  2.6301e-02 -1.6585e-02  5.1583e-03  1.5230e-02  9.4846e-03  3.4761e-02 -7.7229e-04  6.2643e-04 -3.0649e-02 -3.0700e-02  1.6131e-02 -2.2898e-02  4.1985e-02 -1.2030e-02 -1.5173e-03 -1.5296e-01  1.2415e-01 -1.1546e-02 -3.1016e-01  5.0705e-01  1.2073e-01  8.0076e-03  5.0752e-02  2.0354e-02 -8.9201e-02 -3.3017e-01 -1.7114e-01  1.8777e-01 -4.8885e-02  3.8887e-01
  3.4898e+02 -1.3477e-01 -1.1796e-01 -1.0507e-01 -1.0201e-01 -1.6595e-01 -2.4067e-01 -1.0661e-01 -1.4578e-01 -1.7747e-01 -2.6944e-01 -1.4611e-01 -6.6157e-02  3.9123e-03  4.4168e-03  3.7255e-02 -9.1197e-02  7.8778e-02  1.1273e-01  3.9324e-02  5.7374e-02  9.3911e-02  7.0849e-02 -5.2013e-03  1.9899e-02  4.3693e-02  1.9703e-02  1.0733e-01 -2.5163e-02 -2.7085e-02 -9.2142e-02 -1.4916e-01  3.4264e-02 -5.9408e-02  8.9024e-03  1.3432e-01 -1.4379e-02  2.9918e-01  7.9933e-02  1.5238e-01  3.0157e-01 -5.5861e-01 -8.7440e-02  4.3509e-02  1.5296e-02  5.8293e-02  1.4367e-02  1.3080e-01  1.4563e-01 -7.9580e-02  2.6311e-02 -3.2247e-02
  3.9601e+02 -5.2355e-02  3.0530e-02 -4.8803e-02 -2.0367e-02  1.9205e-02  2.7558e-02 -5.8678e-02 -2.9007e-03 -8.6073e-02 -5.2230e-02  2.3724e-02 -4.7500e-02 -1.0504e-02  8.4609e-03  6.8176e-03 -4.8563e-03  4.2341e-03  3.3432e-02 -4.7628e-02  1.3008e-02  5.7520e-02  3.2993e-02 -2.7170e-03 -3.7016e-03  2.2352e-02  1.0233e-02  2.6457e-02  2.0982e-03 -1.0083e-02 -3.9170e-02 -3.8686e-02 -1.5597e-02 -2.3110e-02  1.1810e-02 -2.9672e-02  5.2621e-02 -1.6915e-01 -2.3128e-01 -2.8766e-01  1.2106e-02  5.3814e-01 -1.1485e-02  2.6647e-02 -5.2581e-02  2.9185e-02  1.1915e-01  4.1584e-01  2.7700e-01 -2.7838e-01  4.6090e-02 -3.9525e-01
  4.8225e+02 -7.6784e-02  3.5858e-02  1.8826e-01 -2.1390e-01  1.0097e-01 -1.5518e-02  6.7440e-02  3.5330e-01  4.5590e-01  3.5626e-02 -2.2041e-01  2.6976e-01 -5.7528e-02  4.6657e-02  1.0311e-01 -5.4520e-02  4.5190e-02  2.3569e-01 -9.9874e-02  3.1241e-02  1.2774e-01  1.0535e-01  2.5271e-02 -1.4548e-02  1.2465e-01 -3.7098e-02 -6.3925e-02 -3.8043e-02 -6.2935e-02 -2.1041e-01 -3.6270e-01 -7.1083e-02 -8.9708e-02  6.5188e-03 -1.4564e-02  1.2463e-02 -2.2865e-02 -4.3810e-02 -3.8852e-02 -4.7355e-02  1.2562e-01  2.3121e-02 -2.1530e-02  2.1042e-02 -3.0703e-02 -5.8479e-02 -1.7534e-01 -1.3361e-01  1.1775e-01 -1.5559e-02  1.3866e-01
  5.2360e+02  1.1123e-02  6.7730e-02  7.1867e-02  1.7470e-01  3.7686e-03  3.6762e-01 -1.8529e-01 -2.8994e-01 -1.8685e-01  1.9563e-02  3.9505e-01 -6.1529e-02 -1.4738e-02 -1.2093e-02  4.4224e-02 -1.3621e-01  8.0602e-02 -1.9375e-01  1.4617e-01  1.7893e-01  2.0415e-01 -1.2457e-03 -1.4269e-01  4.6038e-02  3.4301e-02  2.3374e-02 -5.5548e-02 -1.9903e-02  1.2547e-02 -4.7119e-02 -6.9564e-02  3.8290e-01 -1.0878e-01 -8.0194e-03  9.8027e-04 -3.6859e-02  3.1412e-02  1.5278e-01  1.4652e-01 -5.4515e-02 -2.2521e-01  1.4483e-02  4.9761e-03 -3.0782e-02  1.2321e-03  3.9560e-02  1.2482e-01  8.0226e-02 -1.1027e-01  1.0552e-03 -1.4055e-01
  5.5512e+02 -9.2739e-03 -1.6425e-02 -3.7271e-02 -1.9725e-01  7.5542e-02 -2.6874e-01  2.0829e-01  3.2533e-01  1.7424e-01  2.9920e-02 -3.0430e-01  6.8394e-02 -7.4400e-03 -1.2364e-02 -2.5179e-02 -1.9848e-01  1.3336e-01 -2.5640e-01  1.9943e-01  2.0075e-01  1.2146e-01 -1.7145e-02 -1.4650e-01  2.8142e-02 -9.6832e-03  5.5554e-02  2.2933e-02  2.0882e-02  5.7967e-03  1.0453e-02  1.3058e-01  4.9749e-01 -1.3595e-01  6.6543e-03 -4.1312e-03  2.5278e-02 -2.8903e-02 -1.0673e-01 -1.0489e-01  3.8268e-02  1.5178e-01 -1.0757e-02 -5.1937e-03  2.0756e-02 -4.5275e-03 -3.2223e-02 -8.8453e-02 -5.8232e-02  7.1039e-02 -2.4637e-03  9.4261e-02
  6.3762e+02 -5.1909e-02  4.4219e-02  1.1947e-01  2.5210e-02  3.4126e-02  3.5579e-01 -2.3917e-01 -3.3950e-02  2.4444e-01  2.2868e-01  1.3424e-01  1.0369e-02 -1.8104e-01 -2.7201e-02 -1.5338e-01 -1.3205e-01 -6.7588e-02 -1.0433e-01 -2.0624e-01 -3.8675e-02 -1.4927e-01  3.6823e-02 -2.8026e-02 -1.6718e-01 -7.3443e-02  6.3167e-02  2.3394e-01  2.2243e-01 -5.1122e-02 -8.4353e-02  5.2305e-01 -1.2354e-01 -1.7784e-01 -8.5068e-04  5.9862e-03 -2.2265e-02  2.8313e-02  8.7134e-02  8.2885e-02 -2.0575e-02 -1.2908e-01  4.9680e-03 -5.2986e-03 -5.9151e-03 -7.0087e-03 -1.3063e-02 -5.7757e-03 -3.6958e-03 -2.2665e-02 -5.9962e-03 -1.5877e-02
  6.7766e+02 -1.9196e-03 -2.7757e-03 -1.7384e-04 -5.3844e-02  3.2499e-02 -1.2097e-02  6.1071e-02  4.9992e-02 -4.2968e-03  1.6178e-02 -2.5223e-02  3.6896e-03 -9.6644e-03 -3.8096e-02  5.5391e-03 -1.2835e-01  5.3236e-02 -1.8571e-01  1.2994e-01  1.1853e-01  1.2767e-01 -1.1590e-02 -1.1782e-01  2.8908e-02  4.5751e-03  6.1499e-02 -1.0812e-02  1.5668e-02  9.7447e-02 -2.6139e-02 -1.0346e-01 -8.8970e-01  2.3007e-01  1.0486e-03  2.2823e-03  2.8976e-03 -4.6242e-03 -9.4020e-03 -1.2475e-02  3.0243e-02 -1.1630e-02 -1.0870e-02 -2.1703e-04  1.8449e-03 -5.5627e-04 -4.6727e-03 -9.4905e-03 -5.2940e-03  2.8031e-03 -1.8540e-03  1.0864e-02
  8.7118e+02 -3.5616e-02  1.2763e-02  5.7229e-02 -7.6849e-02  1.7514e-02 -1.3670e-01  1.4141e-01 -3.5185e-02 -2.1802e-01 -3.8579e-01  4.3693e-02  1.3779e-01  2.0122e-01  3.1820e-02  2.0832e-01  1.0100e-01  1.1569e-01  3.0413e-01  2.0613e-01  8.1161e-02  3.0438e-01 -9.1862e-02 -2.0942e-02 -1.3636e-01 -1.8006e-01  5.5751e-03 -4.2909e-02  9.3571e-02 -3.0737e-02 -7.3614e-02  5.0582e-01 -1.1475e-01 -2.0434e-01  1.6242e-03  1.1921e-03  4.5602e-03 -4.2657e-03 -1.4141e-02 -1.5304e-02  1.2042e-02  1.9157e-02 -3.1453e-03  2.1236e-03 -3.4080e-03 -2.1901e-03  9.2740e-03  1.3802e-02  5.2236e-03 -2.8657e-03  7.1261e-04 -1.4244e-02
  9.5190e+02  3.2490e-04  9.5517e-03 -1.4355e-02  3.0185e-01 -2.1677e-01 -1.5776e-01 -3.4503e-01 -8.5823e-02  2.7457e-01 -6.5659e-02 -1.8854e-01  8.4950e-02  3.1481e-02  1.2949e-01 -1.9603e-02  4.7415e-01 -2.1226e-01  1.2138e-01 -4.7741e-01 -1.7055e-01  4.4418e-02 -2.1148e-02 -1.4445e-01  3.5278e-02 -6.0876e-03  3.3205e-02 -1.1952e-02  7.6211e-03  2.0769e-02 -1.0242e-02  1.9828e-02  8.0804e-03 -1.1679e-02 -4.6627e-03  5.8874e-04  2.7487e-03  8.8540e-05 -2.0156e-03  1.8203e-04  1.6511e-02  4.6201e-03 -7.9976e-03 -7.5807e-04  3.4534e-03 -2.0538e-03 -2.8151e-03 -1.1627e-02 -1.0301e-02  1.2630e-02 -4.4367e-04  1.6262e-02
  1.0615e+03 -1.8905e-01  4.4736e-02  1.5285e-01 -1.9192e-01  1.5316e-02 -4.9414e-02 -4.5374e-02  3.3346e-03 -9.4090e-02 -4.3382e-01  7.9781e-02  2.0991e-01  2.0706e-01 -4.7241e-02 -1.8601e-01  2.8393e-01 -1.0379e-01 -3.9256e-01  2.6203e-01 -1.6719e-01 -4.6761e-01  5.9329e-03 -1.4861e-02  1.1708e-02  4.1208e-02  1.3523e-03  7.0552e-03 -2.9109e-02  1.5981e-02  3.8531e-02 -4.1646e-02  1.9614e-02  4.2687e-02  2.3606e-03  1.9579e-03  2.7092e-03 -2.5273e-03 -6.1712e-03 -7.7925e-03  2.9535e-03  1.3330e-02  5.2096e-04  1.8353e-03 -3.3141e-03 -3.0165e-03  4.8645e-03  1.0669e-02  4.3163e-03 -6.4392e-03 -6.0503e-04 -1.2853e-02
  1.1248e+03 -6.2958e-02  2.7881e-02 -4.5760e-02  1.5575e-01 -7.8785e-02  2.0129e-01 -3.9986e-01  7.6223e-02  4.5152e-01  2.8516e-01 -1.4202e-01 -7.4511e-02  9.9612e-02 -8.8880e-02 -7.7621e-03 -1.2387e-02  1.8064e-03 -1.5747e-01  4.5771e-02  1.6771e-01  5.4282e-01  1.6496e-02  6.4239e-02 -5.3747e-02  1.7549e-02 -1.4342e-02  3.2146e-03 -6.5437e-02  6.4852e-03  3.0243e-02  2.3547e-01 -6.1035e-02 -6.0278e-02 -1.3005e-03  1.7253e-03 -4.7481e-03  1.1758e-02  2.2763e-02  2.3285e-02 -4.1152e-03 -1.3950e-02 -5.5705e-04 -2.6127e-03  2.9747e-03 -8.0290e-04 -7.6704e-03 -1.5863e-02 -1.1045e-02  4.5314e-03 -7.2512e-04  1.0230e-02
  1.1549e+03  3.7202e-02  4.0640e-02  1.1436e-02  2.2214e-01 -1.4778e-01 -3.2365e-01 -1.4325e-01 -1.4515e-01 -2.7471e-02 -3.0032e-01 -1.6221e-01  1.8933e-01 -4.9538e-02 -5.3268e-02  3.5310e-02  7.3823e-02 -1.5107e-01 -6.2058e-01  3.0915e-03  8.6378e-02  2.2700e-01 -1.0117e-02  9.3512e-02  2.4036e-02 -3.8396e-02 -1.1390e-02 -3.7098e-03  8.1112e-02 -2.6101e-02 -2.4316e-02 -3.3664e-01  5.8373e-02  1.0072e-01 -2.2750e-03 -1.8600e-03  4.7513e-03 -6.3520e-03 -1.3664e-02 -1.2988e-02  9.1090e-03  2.6376e-02 -3.7356e-03  1.2120e-03  1.8109e-03 -2.3403e-03  8.4435e-04  1.6834e-03 -9.1132e-04  9.8957e-03 -9.8548e-04  1.3292e-02
  1.1895e+03  6.3969e-02  1.8471e-02  5.0882e-02  8.0062e-02 -5.1568e-02 -3.2568e-01  9.9676e-02 -1.5814e-01 -2.4070e-01 -3.3497e-01 -5.3997e-02  1.8551e-01 -8.8299e-02  3.3228e-03  8.0016e-03 -1.0276e-02 -6.4292e-02 -1.7768e-01 -1.1200e-01  4.5961e-02  9.8778e-02  4.3075e-02 -5.8305e-03 -7.5868e-02  8.9905e-02 -6.6606e-03  2.4149e-02 -1.3825e-01  2.0014e-02  2.2640e-02  6.7980e-01 -1.4170e-01 -2.1808e-01 -1.3833e-03 -1.4445e-03  4.7851e-03  1.1883e-03 -1.7487e-02 -1.1748e-02  7.5047e-03  2.3623e-02 -1.9377e-03  1.1324e-03 -1.6002e-04 -1.8115e-03  4.3598e-03  4.5730e-03  2.3613e-04  5.5793e-03 -2.1440e-04  2.6548e-03
  1.3411e+03 -2.3092e-03 -6.9567e-02  5.1730e-02 -2.4090e-01  9.6554e-02  6.5631e-02  3.1539e-01 -5.6175e-03 -2.4258e-01  3.7252e-02  1.2290e-01 -4.3982e-02  1.0340e-02  4.4257e-02 -8.3678e-02  2.2948e-01 -1.1470e-01 -2.0567e-02 -3.2781e-01  2.1678e-01  6.2606e-01  3.4375e-02 -9.2964e-03 -8.9560e-02 -1.3136e-02  7.8799e-04  8.4090e-03 -1.8404e-03  9.5470e-03  4.4171e-02 -2.9777e-01  7.9717e-02  1.2454e-01  2.4648e-03  9.8754e-04 -2.4539e-04 -3.3417e-03 -3.1725e-03 -5.6945e-03 -7.3362e-03 -5.6174e-03  4.3763e-03 -3.5932e-04 -1.1939e-03  5.9127e-04  2.4028e-03  2.4280e-03  1.2035e-03 -3.4394e-03  3.0391e-04 -4.9960e-03
  1.3500e+03 -3.9182e-02 -7.7679e-02 -1.8320e-02 -1.7541e-01  4.6611e-02  2.6055e-01  2.2560e-01  1.4679e-01 -3.1505e-02  2.2250e-01  1.3417e-01 -1.7125e-01  1.7452e-03  7.2243e-02  6.5813e-02  2.8858e-01 -1.4277e-01 -6.2115e-01 -1.7212e-01 -9.0029e-02 -3.9197e-02 -4.0109e-02  4.9638e-02  1.0994e-01  9.9778e-03 -6.2509e-03 -1.1420e-02  5.4683e-03 -1.7073e-02 -5.5268e-02  3.6227e-01 -7.8015e-02 -1.5772e-01  1.3489e-03  1.1133e-04 -3.2364e-03 -1.0781e-03  8.0184e-03  6.5772e-03 -1.0439e-02 -1.4684e-02  3.3985e-03  3.3297e-04 -7.7712e-04  2.0409e-03 -1.3779e-03 -2.3172e-03  5.4058e-04 -9.1641e-03  1.0403e-03 -1.1056e-02
  1.4616e+03 -1.5086e-02 -1.5223e-02 -3.6360e-02  4.7796e-02 -1.9257e-02  1.8744e-01  9.2192e-03  1.3453e-01  1.5301e-01  3.1275e-02  3.3767e-02 -5.7783e-02  8.7369e-03  5.2691e-02  1.9700e-01 -5.2963e-03  5.9704e-02 -5.4636e-01 -3.7381e-02 -3.1669e-01 -4.3555e-01  7.7384e-02 -7.8862e-02 -2.6579e-01  9.9428e-03  8.0919e-03  3.5588e-02 -4.0096e-02  2.6125e-02  8.3554e-02 -3.8105e-01  9.2921e-02  1.7275e-01 -1.6050e-03 -1.3772e-04 -3.0337e-03  1.2513e-02  1.3509e-02  1.9594e-02  7.7906e-03 -5.3234e-03 -4.7739e-03  7.8944e-04 -5.2347e-04  1.6019e-04 -2.8379e-03 -3.0125e-03 -4.4797e-04 -6.3510e-03  4.2101e-04 -8.9102e-03
  1.5212e+03  3.5922e-02 -8.6427e-03 -2.0152e-03 -7.2146e-02  8.7126e-02  8.5560e-02 -2.3667e-02 -4.7238e-03  7.8581e-02 -2.6193e-01  4.3293e-02  5.8553e-02  7.4176e-02 -1.0204e-02 -2.5770e-02 -5.0012e-01  4.1265e-01 -1.3410e-01 -5.7026e-01 -3.4004e-01  9.8058e-02 -2.0412e-02  1.0194e-02  2.7061e-02  7.4751e-03 -1.0222e-03 -6.8368e-04  9.3862e-03 -3.1944e-03 -8.2082e-03  3.4468e-03 -2.6654e-03 -7.5900e-03  1.5486e-03  1.5895e-03 -3.4479e-04 -8.3324e-03 -3.0549e-03 -9.7481e-03 -9.4438e-03 -1.4052e-02  5.9468e-03  3.1212e-04 -1.9537e-03 -2.5604e-03  4.7551e-04  1.8693e-02  1.2882e-02  5.5730e-03 -4.3221e-03  1.1715e-02
  1.5656e+03 -7.2790e-02  3.6935e-02  5.2343e-02  3.1671e-01 -2.8451e-01 -3.3370e-01  1.9457e-01 -4.6866e-02 -3.8250e-01  6.0949e-01 -1.3360e-01 -7.0971e-02  2.9240e-02 -5.8493e-03  6.8016e-03 -1.8310e-01  1.5183e-01 -4.3100e-02 -1.7215e-01 -1.4243e-01 -1.2413e-02  1.4603e-02 -7.2006e-04  4.0784e-03 -1.3467e-02 -4.4889e-04 -5.6830e-03  8.1025e-04  1.9443e-04  1.1525e-03 -2.2375e-03  2.0421e-03  1.3411e-03 -5.3757e-03 -2.9905e-03  2.0859e-03  1.8363e-02  2.1483e-03  2.0446e-02  2.9760e-02  3.6914e-02 -1.6859e-02 -1.3728e-03  4.1551e-03  4.8884e-03 -4.4556e-03 -4.5662e-02 -2.9028e-02 -9.6230e-03  1.0725e-02 -2.8823e-02
  1.6545e+03  1.1108e-03 -7.6186e-04 -3.9630e-03  3.4400e-02 -3.2559e-02  7.1111e-02  6.1878e-02  6.1212e-02  1.3231e-02 -7.3868e-02  1.5491e-02  8.3694e-03 -2.6331e-03 -1.0695e-03 -6.6265e-03 -4.0956e-03 -1.1826e-03  1.2431e-02 -1.2160e-03  8.4386e-03  1.1108e-02  3.7490e-03  9.6497e-04  5.0078e-03 -2.7797e-03  8.0846e-04 -1.4174e-03  3.9681e-04 -4.4177e-04 -7.9572e-04  1.1903e-03 -6.7439e-04 -1.1273e-03 -5.3978e-02 -4.4842e-02 -1.5372e-02  4.1327e-01  1.9905e-01  5.1599e-01  4.3313e-01  4.7294e-01 -2.7189e-01 -1.4105e-03 -3.1423e-03 -7.3251e-03 -4.2711e-03  6.3610e-02  4.2651e-02  2.7733e-02 -1.8765e-02  6.7794e-02
  1.6698e+03  7.5215e-03 -7.7027e-03 -7.6048e-04 -4.8287e-02  1.0008e-02 -8.2116e-02 -4.0884e-02  2.5511e-03  6.9460e-02 -3.6758e-02  1.1435e-01 -1.4623e-02  2.6074e-04 -2.0893e-03 -5.6851e-04 -6.4751e-03  3.1414e-03 -1.3663e-03 -2.7745e-03 -6.1241e-04  7.3396e-03 -1.8885e-03  7.1561e-04  5.2722e-04  1.1340e-03  2.7445e-04  2.6382e-04  6.5409e-04 -2.0373e-04 -3.9508e-04 -2.2432e-03 -6.5940e-05  1.0021e-03 -5.9791e-03 -5.3835e-03 -9.8961e-04  4.6852e-02  1.9644e-02  5.6697e-02  4.9578e-02  5.7199e-02 -3.1434e-02  1.5204e-02  2.5064e-02  6.4659e-02  3.8612e-02 -5.6836e-01 -3.8062e-01 -2.5752e-01  1.7206e-01 -6.2169e-01
  1.6953e+03 -2.1357e-03  3.5754e-02 -2.4026e-02 -2.8783e-02  1.5151e-01  5.1248e-01  2.7276e-02 -1.6519e-01 -3.2857e-01  1.6851e-03 -6.9581e-01  2.5951e-01  8.6485e-04  1.3989e-02 -1.2772e-03  2.9660e-02 -1.8855e-03 -5.5415e-03 -1.2744e-02 -2.9190e-04 -2.1026e-02 -1.9833e-03 -1.7264e-03  1.8700e-03  9.9595e-04 -1.1644e-03  1.6174e-04  5.5745e-04 -2.9792e-05 -5.9257e-04 -2.2611e-03  1.4900e-03 -1.3400e-03  5.1491e-04  1.2624e-03 -4.2114e-03  7.6390e-03  1.5323e-02  1.5208e-02 -9.0132e-04 -1.2286e-02  5.7173e-04  8.2606e-04  8.8391e-03  6.9920e-03 -2.1919e-03 -1.0224e-01 -6.8506e-02 -2.2325e-02  2.5219e-02 -7.3327e-02
  1.7133e+03 -3.0432e-02 -5.0959e-03 -1.7743e-02  5.6119e-01 -3.2039e-01  3.0463e-01  4.2237e-01  4.1287e-01  3.7035e-02 -3.1869e-01  6.0109e-02  3.7355e-02 -1.6925e-02 -1.2169e-02 -2.3081e-02 -2.0527e-02 -1.1648e-02  7.9445e-02  1.5121e-02  4.2935e-02  4.7206e-02 -1.5410e-02  3.3790e-03  1.4505e-03  9.5130e-03 -6.6331e-04  4.0981e-03  2.0360e-03 -5.2394e-04 -7.9822e-04 -7.4671e-03  8.4364e-04 -2.1916e-04  3.8433e-03  6.9584e-03 -1.2565e-03 -4.9027e-02 -1.0298e-02 -5.2695e-02 -5.2692e-02 -7.5104e-02  3.2828e-02  1.8464e-03  4.2507e-04  3.3724e-03  3.0900e-03 -3.3515e-02 -2.3263e-02 -1.9120e-02  1.1319e-02 -4.4201e-02
  1.8205e+03 -7.7301e-03  3.3159e-03  3.1623e-04 -2.4702e-02 -1.0367e-02 -1.7153e-01 -1.4421e-02 -1.1443e-01 -1.3274e-01  2.1615e-01 -3.0918e-02 -4.5728e-02  2.8041e-02  7.7097e-03  4.0237e-02  5.7100e-02 -1.2743e-02  1.3050e-01  5.9559e-02  7.2989e-02  1.2107e-01 -6.9989e-01  2.4693e-02 -1.8774e-01  4.2123e-01 -9.4033e-03  1.3259e-01  8.9405e-02 -1.6323e-02 -2.3374e-02 -3.0136e-01  5.7440e-02  8.8245e-02 -3.5365e-03 -4.5161e-03  8.6409e-04  2.6047e-02  1.1497e-02  3.7614e-02  5.0277e-02  6.9074e-02 -2.6850e-02 -7.4498e-04 -2.1736e-04 -1.6869e-03 -4.5609e-03  1.5252e-02  1.1062e-02  6.6972e-03 -6.2499e-03  2.0044e-02
  3.0142e+03  2.8675e-02  3.4006e-02 -3.7483e-02 -4.6329e-01 -7.0750e-01  1.2425e-01 -4.8198e-02  7.5261e-02 -5.5488e-02  1.1919e-01  1.7222e-01  4.5669e-01 -1.2029e-03 -2.2646e-03 -1.4387e-03  1.7081e-02  3.4503e-02  9.7113e-03 -6.7826e-04 -4.7658e-03  8.1760e-03 -2.1137e-04 -7.4546e-04 -1.4520e-03  1.8557e-04  4.5266e-04  4.6427e-04 -4.6177e-04  2.1006e-04  2.2702e-04  2.9766e-03  1.5451e-04  5.1069e-03  7.4172e-04  3.2083e-04  4.2771e-04 -6.6251e-03 -1.1031e-02 -4.8605e-03 -1.3083e-02 -1.3750e-02 -9.9989e-03 -1.5558e-04 -3.3996e-04 -5.3044e-04  2.4269e-03  4.3339e-03  4.9490e-03  3.6950e-03  3.7031e-03  7.3498e-03
  3.1329e+03  1.7989e-03  1.9327e-03  3.8255e-03  2.6480e-03  3.2039e-03 -3.3206e-03  8.3738e-03 -9.1072e-03  3.9878e-03 -1.8172e-02 -1.9420e-02 -5.0793e-02 -6.5907e-02 -7.7671e-03 -2.3085e-02  4.4458e-01  6.0231e-01 -6.4333e-03  3.1289e-01 -5.1013e-01  2.7002e-01  7.8965e-05  8.0452e-05  3.7018e-04  6.5565e-04  3.3532e-06  3.8862e-04 -3.2026e-04 -9.4783e-05 -3.5812e-04  3.1639e-03  1.2260e-03  5.0360e-03  4.8529e-07 -1.1951e-04  1.3836e-05 -6.0478e-05  3.1060e-04 -5.6847e-04 -1.7522e-05  8.3625e-04  1.8688e-04  1.1749e-04 -8.0190e-06  4.5883e-05 -1.4744e-03  1.1097e-03 -1.3584e-03 -3.2208e-04 -2.1920e-03 -8.7876e-04
  3.1375e+03 -3.2306e-02 -5.6254e-02 -4.9263e-02  2.6935e-01  4.1039e-01 -6.7826e-02 -4.6158e-02  3.7905e-02 -4.3445e-02  2.1617e-01  3.0648e-01  7.6960e-01 -3.3947e-03  6.6625e-03 -3.5414e-03 -7.1978e-03 -1.1787e-02 -4.4151e-04  4.4455e-02 -6.7808e-02  4.2172e-02  3.1974e-04  4.8372e-04  7.1662e-04 -2.9907e-04 -1.6639e-04 -4.3519e-05 -2.7631e-04  9.7523e-06  1.5589e-04  1.2653e-03 -2.4162e-04 -2.4381e-03 -4.5005e-04 -1.0449e-04  9.4410e-05  7.0333e-03  9.8895e-03 -3.3090e-04  6.9439e-03  6.9435e-03  5.3044e-03 -7.9054e-05 -1.8339e-04 -9.1835e-04  6.5611e-03  3.6859e-03  1.4433e-02  4.5962e-03  8.1149e-03  1.2372e-02
  3.2052e+03 -3.6690e-03 -3.8662e-03 -3.7923e-03  3.6583e-02  4.3197e-02 -1.2216e-02  7.7748e-04 -4.7080e-03  8.5752e-03  1.3396e-02  2.3317e-02  5.2152e-02 -2.5193e-03 -9.1535e-02  2.5929e-02  3.9740e-01  5.1955e-01  2.7917e-03 -3.6529e-01  5.7044e-01 -3.1191e-01  4.9912e-05 -4.8624e-04  2.5774e-04 -1.3748e-04 -1.8059e-04 -2.9498e-05 -9.0491e-06 -1.4995e-05 -2.1079e-05  2.1965e-04  8.1390e-05  4.1077e-04 -1.3825e-04 -5.0083e-05  5.8239e-05  2.8589e-04 -3.1472e-04  1.5907e-03  9.4042e-04  8.9067e-04 -1.2305e-03 -9.0009e-06  5.9231e-05 -1.2559e-04  2.3002e-04 -1.1229e-04  1.2726e-03  5.0229e-04  2.2919e-05  1.3265e-03
  3.4911e+03  4.0889e-02 -4.6613e-02  3.9616e-02  2.7922e-02  2.5376e-02  1.5179e-03 -5.7158e-01  6.6069e-01 -4.6936e-01 -2.2021e-02 -3.6866e-02 -8.2723e-02 -1.4671e-04 -1.4182e-03  8.5645e-04  5.1494e-03  9.9776e-03  1.3184e-05 -4.2242e-03  5.0129e-03  2.6884e-03 -6.8053e-04  1.5581e-04 -1.4391e-03  2.6034e-04 -3.0228e-04  3.2568e-04 -3.2476e-04 -3.4413e-04 -1.2802e-03  8.0056e-03  5.4049e-03  2.3350e-02  2.1300e-05  3.2521e-04 -4.0491e-04 -1.2397e-03 -2.2261e-03  3.7567e-03  2.4217e-03  1.4280e-03  2.2852e-03 -2.1981e-04  5.4624e-04  4.7394e-05  4.2586e-04 -1.2372e-03  2.0407e-05  1.0365e-03 -8.4539e-03 -4.2157e-03
  3.6962e+03 -1.4467e-03  8.6000e-04 -1.1066e-03  3.3621e-03  3.6220e-03  1.3440e-03  1.5133e-02 -1.5570e-02  1.2129e-02  7.5044e-05 -8.9082e-05  1.4114e-03  9.7173e-04  1.0731e-04  2.8808e-04 -4.0903e-03 -3.1412e-03  2.8498e-04 -2.4374e-03  2.2085e-03 -2.0371e-04 -4.0626e-04 -6.1841e-04 -2.6619e-03 -8.3035e-04  1.4531e-04  1.4572e-04 -1.8862e-02 -1.2439e-02 -5.6684e-02  3.1424e-01  2.0242e-01  9.2512e-01  1.1260e-04  9.0189e-05  6.1275e-05 -1.2700e-03 -1.6716e-03  1.7155e-03 -9.1757e-04 -1.5012e-04 -2.2688e-03  5.0190e-06 -2.3596e-05  8.7961e-05 -3.2144e-04  7.2508e-04 -1.0100e-03  2.6248e-04 -1.7412e-04  4.8823e-05
  3.7959e+03  5.9620e-04  5.7853e-04  9.5841e-05 -1.2678e-02 -1.3516e-02  1.8675e-03 -5.6305e-04  1.4984e-03 -8.4795e-04 -3.2424e-04  2.0016e-05 -2.1744e-03  5.7276e-05 -1.8733e-04  3.1061e-05  3.2495e-04  8.9725e-04 -1.5996e-05 -1.4393e-03  1.5721e-03 -9.1626e-04 -1.4014e-04 -6.9683e-05  1.8913e-04 -3.7665e-05 -1.8335e-05 -2.3382e-05  7.5890e-06 -5.3877e-05 -2.6052e-04  1.0916e-03  7.1333e-04  3.3503e-03 -3.7353e-02 -3.1878e-02 -2.7439e-03  3.4746e-01  4.7727e-01 -5.1718e-01  2.5197e-01  3.3595e-02  5.6007e-01  5.6930e-04  8.7653e-04  2.4847e-03 -1.5599e-02  2.1065e-02 -2.9314e-02  6.7120e-03 -3.4929e-02 -1.0172e-02
  3.8103e+03 -4.4955e-04 -3.0037e-04 -9.6643e-04  1.9572e-03  3.1152e-03 -3.7632e-04  2.4017e-03 -3.0835e-03  1.8823e-03  2.8261e-03  5.5797e-03  1.5209e-02  8.8164e-05  5.7355e-05  3.8990e-05 -1.2756e-03 -1.2647e-03  2.9148e-04 -8.0710e-04  8.9431e-04 -3.1076e-04  7.2421e-05  3.3242e-05  1.1101e-04 -3.5321e-05 -1.5494e-06 -1.3935e-05  4.8073e-05  9.2352e-06  5.8539e-05 -7.1369e-04 -2.4253e-04 -1.2070e-03  2.0134e-03  1.6609e-03  2.3321e-04 -1.8353e-02 -2.5125e-02  2.7537e-02 -1.4039e-02 -1.7618e-03 -3.1264e-02  9.1002e-03  1.8784e-02  4.4569e-02 -2.7525e-01  3.7590e-01 -5.1472e-01  1.3100e-01 -6.7552e-01 -1.9715e-01
  3.8859e+03  3.0269e-05  4.7387e-04 -6.2915e-04 -4.5170e-03 -6.4058e-03 -1.7087e-03  2.1327e-03 -1.8150e-03  3.3602e-03  6.8309e-04  8.2761e-04  3.9777e-03 -1.1667e-05 -2.1616e-05 -4.3402e-05  4.0369e-04  1.1256e-04  2.9483e-04  2.6062e-04  9.4903e-05  3.6989e-04  2.8186e-04 -1.4424e-05  1.3391e-04 -1.7146e-04 -2.6993e-05 -1.4181e-04 -1.0085e-04  1.4384e-05  3.7614e-05  3.6632e-04  1.6547e-04  4.8280e-05 -3.6335e-03  1.9405e-02 -6.7399e-02 -2.9628e-01 -3.8070e-01  3.7480e-01  3.5532e-01  7.3680e-02  6.9786e-01  1.3948e-03 -3.4467e-03  1.2037e-03 -1.6023e-02  1.9936e-02 -3.1710e-02 -6.1309e-03  3.4880e-02  1.2586e-02
  3.8899e+03 -2.6589e-04  5.7953e-04 -3.5391e-04 -6.2285e-04 -2.8577e-03  6.2410e-04  3.9453e-03 -5.1997e-03  3.0794e-03 -6.7989e-04  2.6227e-03  5.8520e-05 -1.0913e-05  1.6480e-05 -3.2417e-05  1.3882e-04 -5.7648e-04  1.7813e-04  2.6499e-04 -2.1279e-04  3.8933e-04  3.0949e-05 -5.8569e-06  2.8417e-05 -1.8404e-05  2.9889e-06 -1.7104e-05 -2.3499e-05 -2.9688e-06 -3.4709e-05  2.1657e-04  1.0086e-04  5.9103e-04 -3.1166e-04  9.9631e-04 -3.7615e-03 -1.5414e-02 -1.9927e-02  1.9657e-02  2.0449e-02  4.1691e-03  4.0188e-02 -2.4695e-02  6.2526e-02 -2.0498e-02  2.7979e-01 -3.5076e-01  5.5694e-01  1.1292e-01 -6.4369e-01 -2.3091e-01
