  0.0000e+00  0.0000e+00  0.0000e+00  0.0000e+00  0.0000e+00  0.0000e+00  0.0000e+00  0.0000e+00  0.0000e+00  0.0000e+00  0.0000e+00  0.0000e+00  0.0000e+00  0.0000e+00  0.0000e+00  0.0000e+00  0.0000e+00  0.0000e+00  0.0000e+00  0.0000e+00  0.0000e+00  0.0000e+00  0.0000e+00  0.0000e+00  0.0000e+00  0.0000e+00  0.0000e+00  0.0000e+00  0.0000e+00  0.0000e+00  0.0000e+00  0.0000e+00  0.0000e+00  0.0000e+00  0.0000e+00  0.0000e+00  0.0000e+00  0.0000e+00  0.0000e+00  0.0000e+00  0.0000e+00  0.0000e+00  0.0000e+00
  0.0000e+00  0.0000e+00  0.0000e+00  0.0000e+00  0.0000e+00  0.0000e+00  0.0000e+00  0.0000e+00  0.0000e+00  0.0000e+00  0.0000e+00  0.0000e+00  0.0000e+00  0.0000e+00  0.0000e+00  0.0000e+00  0.0000e+00  0.0000e+00  0.0000e+00  0.0000e+00  0.0000e+00  0.0000e+00  0.0000e+00  0.0000e+00  0.0000e+00  0.0000e+00  0.0000e+00  0.0000e+00  0.0000e+00  0.0000e+00  0.0000e+00  0.0000e+00  0.0000e+00  0.0000e+00  0.0000e+00  0.0000e+00  0.0000e+00  0.0000e+00  0.0000e+00  0.0000e+00  0.0000e+00  0.0000e+00  0.0000e+00
  0.0000e+00  0.0000e+00  0.0000e+00  0.0000e+00  0.0000e+00  0.0000e+00  0.0000e+00  0.0000e+00  0.0000e+00  0.0000e+00  0.0000e+00  0.0000e+00  0.0000e+00  0.0000e+00  0.0000e+00  0.0000e+00  0.0000e+00  0.0000e+00  0.0000e+00  0.0000e+00  0.0000e+00  0.0000e+00  0.0000e+00  0.0000e+00  0.0000e+00  0.0000e+00  0.0000e+00  0.0000e+00  0.0000e+00  0.0000e+00  0.0000e+00  0.0000e+00  0.0000e+00  0.0000e+00  0.0000e+00  0.0000e+00  0.0000e+00  0.0000e+00  0.0000e+00  0.0000e+00  0.0000e+00  0.0000e+00  0.0000e+00
  0.0000e+00  0.0000e+00  0.0000e+00  0.0000e+00  0.0000e+00  0.0000e+00  0.0000e+00  0.0000e+00  0.0000e+00  0.0000e+00  0.0000e+00  0.0000e+00  0.0000e+00  0.0000e+00  0.0000e+00  0.0000e+00  0.0000e+00  0.0000e+00  0.0000e+00  0.0000e+00  0.0000e+00  0.0000e+00  0.0000e+00  0.0000e+00  0.0000e+00  0.0000e+00  0.0000e+00  0.0000e+00  0.0000e+00  0.0000e+00  0.0000e+00  0.0000e+00  0.0000e+00  0.0000e+00  0.0000e+00  0.0000e+00  0.0000e+00  0.0000e+00  0.0000e+00  0.0000e+00  0.0000e+00  0.0000e+00  0.0000e+00
  0.0000e+00  0.0000e+00  0.0000e+00  0.0000e+00  0.0000e+00  0.0000e+00  0.0000e+00  0.0000e+00  0.0000e+00  0.0000e+00  0.0000e+00  0.0000e+00  0.0000e+00  0.0000e+00  0.0000e+00  0.0000e+00  0.0000e+00  0.0000e+00  0.0000e+00  0.0000e+00  0.0000e+00  0.0000e+00  0.0000e+00  0.0000e+00  0.0000e+00  0.0000e+00  0.0000e+00  0.0000e+00  0.0000e+00  0.0000e+00  0.0000e+00  0.0000e+00  0.0000e+00  0.0000e+00  0.0000e+00  0.0000e+00  0.0000e+00  0.0000e+00  0.0000e+00  0.0000e+00  0.0000e+00  0.0000e+00  0.0000e+00
  0.0000e+00  0.0000e+00  0.0000e+00  0.0000e+00  0.0000e+00  0.0000e+00  0.0000e+00  0.0000e+00  0.0000e+00  0.0000e+00  0.0000e+00  0.0000e+00  0.0000e+00  0.0000e+00  0.0000e+00  0.0000e+00  0.0000e+00  0.0000e+00  0.0000e+00  0.0000e+00  0.0000e+00  0.0000e+00  0.0000e+00  0.0000e+00  0.0000e+00  0.0000e+00  0.0000e+00  0.0000e+00  0.0000e+00  0.0000e+00  0.0000e+00  0.0000e+00  0.0000e+00  0.0000e+00  0.0000e+00  0.0000e+00  0.0000e+00  0.0000e+00  0.0000e+00  0.0000e+00  0.0000e+00  0.0000e+00  0.0000e+00
  4.1033e+01 -7.1931e-02 -1.0305e-01 -3.3198e-02 -7.6304e-02  8.2636e-03 -3.8091e-02 -2.1170e-01 -1.8901e-01  2.1815e-02  7.6753e-02 -2.3326e-01 -3.8543e-02 -6.3778e-03 -8.7710e-04 -8.9414e-02 -1.3274e-02 -2.7931e-02 -2.1025e-01  5.7210e-02  9.0202e-02 -7.8628e-02 -5.2719e-02 -2.4507e-02  1.0543e-02 -2.9740e-01 -1.4687e-01  2.8115e-01  1.8064e-01  9.7608e-02 -2.3552e-01  1.1329e-01  6.7790e-02 -1.4086e-01  1.9643e-01  1.4316e-01  7.0582e-02  3.6461e-01  3.5903e-01  1.9790e-01  1.2808e-01  1.6874e-01 -1.5738e-01
  6.1233e+01  9.8489e-02 -7.1794e-02 -6.5543e-02  9.3863e-02 -3.8967e-03 -7.3318e-02  2.1513e-02 -1.1802e-01 -5.2249e-02  1.6719e-01 -1.3441e-01 -9.0250e-02  7.9875e-02 -1.3376e-02 -4.1370e-02  1.1227e-01 -6.0637e-02 -9.2160e-02  6.7350e-02  9.2635e-02 -6.7363e-02  1.6014e-02 -4.6039e-02  1.0798e-01  8.7576e-03 -8.4629e-02  1.5563e-01 -4.5796e-02 -2.6051e-02  1.8161e-01 -8.8749e-02 -4.7318e-02  2.7440e-01 -1.2822e-01  1.9492e-01 -2.8041e-01 -2.2163e-01  3.8707e-01 -1.8857e-01 -3.9285e-02  2.5264e-01 -4.9504e-01
  1.2973e+02 -8.9002e-02 -6.2107e-02  2.5546e-02 -2.4101e-01 -1.1454e-01 -3.9444e-02 -8.8117e-02 -6.3782e-02  5.5134e-02 -6.0041e-02 -6.3459e-02  2.2508e-01  1.4728e-01  5.6332e-02 -1.9972e-01  1.6761e-01 -6.0575e-02 -5.5526e-01  4.0995e-01  3.0676e-01 -1.3388e-01  2.4898e-02 -2.4947e-04 -4.7762e-02  3.1698e-02 -2.0853e-02 -2.9159e-02 -7.9608e-02 -2.2754e-02  6.6193e-02 -1.3177e-01 -4.6081e-02  1.4645e-01 -2.6457e-03  5.5651e-02  1.2853e-01 -1.5810e-01 -1.6775e-02  7.4104e-02  9.0317e-02  6.2494e-02  1.9210e-01
  2.0629e+02  1.5952e-02  8.5271e-03 -1.6859e-02  2.8887e-02 -2.7470e-02 -1.2655e-02  5.5109e-02  3.3364e-02 -4.4978e-02 -2.3714e-02  4.2190e-02 -1.5573e-02 -1.5368e-02 -1.2324e-02  1.1773e-02 -9.8228e-03 -8.2831e-03  4.8788e-02 -4.7004e-02 -2.7837e-02  9.7288e-04 -1.1072e-02 -9.8537e-03  8.8755e-03 -1.8103e-02 -1.6052e-02  1.8905e-02  1.3070e-02  2.1446e-03 -1.7839e-02  8.7858e-03  3.1284e-05 -7.8310e-03  3.1752e-02  4.0747e-02 -2.7883e-03 -7.2421e-01 -3.4737e-01 -2.7963e-01  3.8108e-01  5.5008e-02  3.2663e-01
  2.4940e+02 -4.5266e-02 -1.4517e-01  9.8939e-02 -5.1481e-02  7.8513e-02  8.5848e-02 -4.1266e-01 -3.6692e-01  2.0060e-01  3.1150e-01 -4.6038e-01  2.9234e-02  3.1065e-02  8.5219e-02  5.6512e-02 -3.5506e-02  1.2291e-01 -5.9921e-02  7.8232e-02  1.2370e-01  6.9274e-02  2.1277e-02  8.6014e-02  3.4879e-02 -8.2706e-02  1.9250e-01 -3.2408e-02  5.5018e-03 -1.0302e-01  3.4923e-04 -8.7435e-02 -1.2949e-01 -1.0907e-01  7.6606e-02 -3.6509e-02 -1.2590e-01  3.7135e-02 -1.8878e-01 -2.0834e-01  1.7542e-01 -4.2071e-02  3.6368e-02
  2.7882e+02  7.8167e-02 -2.2199e-03 -8.8813e-02  1.6606e-01  3.6709e-01 -8.8450e-02 -2.5010e-01 -2.0841e-01  1.2636e-01  3.7314e-01 -2.8721e-01 -3.7673e-01  6.2258e-03  2.9965e-03 -2.4442e-02  5.2416e-03  2.8107e-02  7.1472e-02 -7.1699e-02 -4.9592e-02 -4.7845e-02  1.3803e-02  4.7992e-03 -8.8392e-03 -7.5630e-03 -5.9150e-03  9.5345e-03 -4.9220e-03 -4.9900e-03  4.7990e-03 -3.2317e-02 -1.6412e-02  3.4284e-02 -6.7928e-02  3.5848e-02  8.5503e-02  8.2985e-02 -2.2381e-01 -3.5575e-02 -3.2167e-01 -6.7613e-02  3.6229e-01
  3.0938e+02 -4.0098e-02  6.3152e-02  4.7497e-02 -9.4254e-02  1.9923e-01  2.3080e-02 -7.0983e-02  3.6989e-02  1.8763e-01 -9.8584e-03  2.9602e-02 -1.9369e-02  9.3331e-03 -1.8418e-02 -5.8287e-03  2.3326e-02 -3.6462e-02 -2.2440e-02  6.2805e-02 -1.8631e-02  1.7319e-02 -6.1570e-03 -2.7492e-02 -1.0774e-02  1.7784e-02 -5.6919e-02  1.0887e-02 -3.8166e-03  2.0534e-02  1.5953e-04  9.5408e-03  2.2392e-02  4.4808e-02 -4.8059e-02  1.0161e-02 -7.2975e-02  5.8199e-01 -2.0624e-01 -1.1935e-01  5.5781e-01  5.8500e-02  4.0892e-01
  3.3736e+02 -7.2516e-02  7.0858e-02  9.2426e-02 -1.3711e-01  2.6856e-01  5.0223e-02 -1.4517e-01  1.7639e-02  2.9274e-01 -2.2621e-03 -8.1526e-04  2.9169e-03  9.9465e-03 -2.7590e-02 -4.3286e-04  2.1121e-02 -5.0329e-02 -3.7785e-02  9.8255e-02 -3.8107e-02  3.9725e-02 -4.7637e-03 -3.4221e-02 -2.8768e-02  2.7675e-02 -7.5242e-02 -6.5317e-04 -2.5679e-02  5.1339e-02  1.2973e-02  5.1711e-02  7.6224e-02  5.7769e-02  1.2046e-01  1.8603e-02 -7.9341e-02 -1.5797e-01 -2.6263e-01 -2.5558e-01 -7.2622e-01 -1.7498e-01 -2.2851e-02
  4.4414e+02  4.7727e-02  3.5736e-02  6.1475e-02  7.6504e-02  2.3674e-01  5.7761e-02 -2.1378e-01 -1.3057e-01  2.4606e-01  2.9695e-01 -2.0107e-01 -1.2789e-01  4.5217e-02 -9.5032e-03  1.8536e-02  6.8933e-02 -1.8030e-02  8.0520e-02  7.8831e-02 -9.8055e-02  5.1270e-02 -1.9691e-02 -1.5948e-02 -7.1285e-02 -2.0492e-02 -4.5717e-02 -3.9623e-02 -6.7641e-02  9.0234e-02 -1.0274e-02 -3.8880e-03  1.0594e-01  1.1949e-01  2.2179e-03 -7.5889e-02  2.0798e-02 -3.2084e-01  3.2205e-01  1.9455e-01  4.1374e-01  8.7410e-02 -3.8601e-01
  4.9330e+02 -1.5068e-01  1.5918e-01 -6.8961e-02 -1.3489e-01  3.7588e-01 -7.7173e-02 -3.1742e-01  4.8555e-02  1.7709e-01  9.1815e-03  9.9296e-04 -2.4869e-01 -7.9265e-02  6.9898e-02 -6.5805e-02 -1.6075e-01  1.6974e-01 -7.2791e-03 -1.2831e-01  8.5504e-03 -7.4149e-02  7.8036e-02  5.1497e-02  1.9689e-02  1.0431e-01 -3.0877e-02  1.0503e-01  7.4870e-02 -1.8133e-01  1.1975e-02 -2.0170e-01 -2.7233e-01 -1.3757e-01  1.5907e-02 -5.6330e-02  1.2623e-02 -2.6719e-01  2.2768e-01  1.3007e-01  2.1306e-01  4.5717e-02 -3.1227e-01
  5.4652e+02 -7.5942e-03 -2.3710e-02  1.6591e-02 -6.1637e-02 -1.0431e-01  4.9067e-05  8.6520e-02  3.3515e-02 -2.4286e-02 -7.8037e-02  4.9807e-02  1.2613e-01  1.6861e-02 -1.3507e-02 -1.4967e-02 -1.8174e-01  2.6809e-01  2.8088e-01 -1.1924e-01 -4.4488e-01  1.3758e-02  1.4634e-01  5.8185e-02 -1.4922e-01 -5.8957e-02 -4.1083e-03  3.4564e-02 -7.9021e-03  7.8410e-03  1.7750e-02 -4.4064e-01 -1.7636e-01  5.1779e-01  4.7715e-04  1.0217e-02 -2.7899e-03  4.5641e-02 -4.2072e-02 -2.5528e-02 -3.5033e-02 -7.7275e-03  4.9671e-02
  6.3113e+02 -8.4914e-02  4.9887e-02 -6.8023e-02 -1.3816e-01  2.8317e-01 -1.0402e-01  3.6638e-02  9.9251e-02  2.9525e-01 -1.7330e-01  1.0792e-01 -2.6433e-01  2.5049e-03 -2.2835e-01 -1.0131e-01 -2.6882e-03 -2.3329e-01 -1.2853e-01  2.0240e-02 -1.4679e-01 -1.1272e-01  9.2020e-02 -1.2177e-01  7.3040e-02 -1.6945e-01  1.7615e-01 -9.8943e-02  1.6147e-01  4.4253e-02  1.6800e-01  4.0130e-01  1.1989e-01  3.6342e-01  2.0047e-03 -2.2070e-02  1.1209e-02 -8.8267e-02  7.9939e-02  5.3708e-02  9.3299e-02  1.8062e-02 -9.4933e-02
  6.7221e+02  9.5065e-04 -2.4832e-03 -1.5901e-03 -4.4468e-02 -3.0421e-02 -1.7330e-02  2.3729e-02  1.0111e-02  3.1066e-03 -5.6829e-03  1.0695e-02  6.8610e-02  2.5551e-02  5.9952e-03 -2.9865e-02 -8.6471e-02  1.6178e-01  1.2508e-01 -3.7933e-02 -2.3305e-01 -7.9369e-03  8.4119e-02  3.6590e-02 -8.5850e-02 -4.4425e-02 -1.5397e-02  4.2519e-02 -6.7304e-02 -2.7488e-02  7.3355e-02  6.0653e-01  2.5541e-01 -6.4772e-01 -2.3976e-03  2.5679e-03  1.3054e-03  1.1098e-02 -1.1948e-02 -5.3485e-03  2.5447e-02  4.7361e-03  2.1708e-02
  8.5774e+02 -4.9509e-02  4.7271e-02 -3.3826e-02  1.8586e-02 -1.8600e-01  1.9300e-02 -3.0387e-01 -7.3657e-02 -4.4031e-01  1.5174e-01 -1.0160e-01  1.5042e-01 -7.1072e-03  2.4037e-01  9.5985e-02 -5.1480e-02  2.9023e-01  9.0231e-02 -1.0583e-01  2.4560e-01  5.6140e-02  3.1033e-02 -1.5781e-01 -3.8031e-02 -7.2987e-02 -1.0943e-01 -1.1633e-01  9.4630e-02 -1.4740e-02  8.4972e-02  3.8171e-01  7.3315e-02  3.8349e-01 -2.3081e-03  6.4506e-03  3.6579e-05  1.9445e-02 -1.8096e-02 -1.0180e-02 -1.4143e-02 -1.3574e-03  2.7942e-02
  9.4098e+02 -9.5661e-03 -1.1121e-02  1.8105e-02  3.6622e-01  7.0845e-02  1.7411e-01  9.1255e-02  6.2457e-02 -1.9329e-01 -1.3107e-01  4.1232e-02 -4.4412e-01 -8.1569e-02 -2.4610e-02  9.2631e-02 -8.8219e-02 -1.6091e-01 -4.6930e-01  3.5566e-01  3.1600e-01  2.1334e-01  9.3889e-02  3.8489e-02 -1.0107e-01 -2.3954e-02 -1.3584e-02  1.8964e-02 -1.1029e-02 -7.0975e-03  1.9253e-02 -1.1034e-03 -2.9476e-03  1.4261e-02 -3.2737e-03 -6.7200e-04 -4.1638e-03 -5.2164e-03  2.3622e-03 -2.4836e-04  5.8569e-03 -8.8667e-04  1.3761e-02
  1.0395e+03 -1.4843e-01  4.8626e-02 -1.4003e-01 -6.0659e-02 -1.5053e-01 -8.6094e-02 -3.5616e-01 -4.5215e-02 -4.4324e-01  2.2234e-02 -8.9550e-02  2.5323e-04  1.7714e-01 -8.3624e-02  1.5741e-01  3.7864e-01 -2.6682e-01  2.4288e-01  3.3350e-01 -2.3770e-01  2.5958e-01  3.2634e-03  2.1151e-02 -7.6321e-04  1.6812e-02  3.0947e-02  3.2404e-02 -3.5326e-02  1.9299e-02 -2.3723e-02 -7.9390e-02  6.1153e-03 -6.9077e-02 -1.6775e-03  4.0429e-03  1.8798e-03  8.9438e-03 -8.9291e-03 -4.3884e-03 -1.2335e-02 -7.5152e-04  1.2915e-02
  1.0973e+03  4.2665e-02  9.8118e-02  7.8010e-02  1.0425e-01 -3.1847e-01  1.2926e-01 -3.2548e-01 -8.2141e-02 -4.5567e-01  3.8283e-01 -1.8090e-01  2.9893e-01 -1.2313e-01 -6.9398e-02 -1.0919e-01  1.6241e-01 -3.4406e-01  5.8463e-03  8.3505e-02 -1.1441e-01 -1.7241e-02 -2.1386e-04  3.4435e-02 -2.4617e-02 -9.1843e-03  2.4600e-03 -1.6914e-03  4.8429e-02  2.2124e-03  5.0597e-02 -1.6158e-01 -6.5122e-02 -1.6516e-01 -1.6828e-04  7.2186e-03 -4.1910e-03  2.8712e-02 -2.8372e-02 -2.0034e-02 -1.8927e-02 -2.2167e-03  2.3780e-02
  1.1374e+03 -3.5054e-02 -8.7801e-04  5.9644e-02  3.1674e-01  6.8977e-03  2.0437e-01  4.5725e-02  7.1327e-02 -3.2387e-01 -4.4129e-02 -3.5622e-02 -3.6635e-01  5.7855e-02  2.2078e-02 -8.3670e-02 -2.8354e-01  3.8395e-01 -3.7209e-02  2.8554e-01 -5.0098e-01  1.2372e-01 -7.7586e-02 -2.8239e-02  7.6249e-02  1.2019e-02  5.1152e-03 -1.4378e-02  1.5921e-02  5.0440e-03 -1.7640e-03 -1.5838e-02 -5.1621e-03 -4.2904e-02 -9.1860e-04  4.2293e-04 -3.4397e-03 -1.2435e-03  3.1738e-04 -5.0817e-04 -1.0117e-02 -3.1125e-03  1.3191e-02
  1.1762e+03 -3.2764e-03 -5.0332e-02 -2.9515e-02 -4.7325e-02  1.0845e-01 -6.6513e-02  1.1493e-01  7.1746e-03  1.9902e-01 -1.4056e-01  6.2373e-02 -6.2694e-02  2.7012e-02  3.8573e-02  3.7797e-02  9.6529e-02 -1.2521e-02  8.4295e-02  6.8404e-02 -2.9421e-02  7.5911e-02 -8.1528e-02  5.3582e-02 -5.0072e-02 -4.2389e-02 -7.5131e-02 -7.2691e-02  1.1792e-01  5.4969e-02  1.3268e-01 -6.0347e-01 -1.8796e-01 -6.3813e-01  5.8779e-04 -1.6340e-03  1.2798e-03 -8.5650e-03 -7.3323e-04 -5.8829e-04  6.6311e-03  6.1266e-04 -7.4274e-03
  1.3316e+03  5.9428e-02  2.8646e-02 -7.9955e-02 -2.0233e-01 -5.1875e-02 -1.9299e-01 -5.8373e-02 -6.0788e-02  2.2312e-01  1.3969e-01  1.2824e-02  3.9165e-01 -5.5429e-02 -1.8683e-02  4.4748e-02 -3.8281e-01  2.0431e-01 -3.4249e-01  4.6391e-01 -2.1441e-01  3.2308e-01 -2.2367e-02 -2.6212e-03  1.6329e-02  2.6121e-03 -1.6138e-04 -3.0605e-03  4.4895e-03 -2.1313e-03 -1.2850e-03  1.2667e-02 -1.5643e-04  2.6996e-02  7.6809e-04  3.1883e-04  2.2902e-03  2.5654e-03 -3.8314e-03 -2.4222e-03  3.7757e-04  8.9967e-04 -1.0628e-02
  1.3422e+03  2.3544e-03 -5.0736e-02 -1.1476e-02  3.8520e-02  1.0584e-01 -2.1422e-02  1.0469e-01  1.1085e-03  1.5589e-01 -1.2835e-01  5.3520e-02 -3.0324e-02 -6.1211e-02  8.9243e-02 -3.2373e-02  4.1446e-01 -3.5413e-01  1.4179e-01  2.3852e-01 -3.8318e-01  1.9518e-01 -1.1789e-01  1.0681e-01 -6.8453e-02  1.6729e-02 -6.6482e-03  1.3723e-02  4.7761e-02 -6.2198e-02  2.0172e-02  3.9834e-01  6.2518e-02  3.9624e-01  9.0039e-04 -1.7347e-03 -9.2315e-04 -6.6347e-03  6.1308e-03  1.9986e-03  2.4808e-03 -1.0538e-03 -2.6672e-03
  1.4598e+03  9.2278e-03 -3.5479e-02 -1.1301e-02  1.9066e-02  1.4360e-01 -2.1960e-02  2.9985e-02 -2.1319e-02  1.0007e-01 -1.4584e-01  1.0334e-01  1.7085e-02 -1.0667e-01  1.7261e-01 -3.2252e-02  4.2315e-01 -3.7409e-01 -2.6463e-02  1.5592e-01 -4.9251e-01  2.1725e-01  1.8621e-01 -1.8647e-01  1.0080e-01 -1.2751e-02  3.6238e-02  2.5552e-03 -6.7274e-02  4.9610e-02 -4.4390e-02 -2.9057e-01 -3.6093e-02 -2.8458e-01  4.4365e-04 -2.8789e-03 -9.3056e-04 -1.0673e-02  1.8960e-02  1.0584e-02  6.7075e-03 -7.0266e-04  7.5386e-03
  1.5108e+03  5.2440e-02  4.6402e-03  3.0661e-02 -2.0710e-01  7.2400e-02 -8.1416e-02 -2.9608e-01 -1.6838e-01 -2.0008e-01 -1.9593e-01  2.0029e-01 -9.7111e-02  4.3343e-02  1.4162e-02  5.1790e-02 -3.7390e-03 -1.2328e-01 -5.7954e-01 -4.4376e-01 -3.6409e-01 -9.9392e-02 -2.8562e-02  1.1327e-02 -2.0405e-02  4.6069e-03  5.0959e-03  6.8530e-03  9.6117e-03 -2.9645e-03  7.8873e-03  8.1527e-03 -4.0507e-03  4.6928e-03 -2.1797e-05 -5.8644e-04  2.7647e-03  4.7504e-04 -9.2731e-03 -3.8870e-03  8.0461e-03  3.9085e-03 -2.0807e-02
  1.5427e+03  7.6835e-02 -1.7888e-02  3.5444e-02 -3.2577e-01  7.7881e-02 -1.5593e-01 -3.8637e-01 -2.5473e-01 -1.9788e-01 -3.6170e-01  3.1792e-01 -2.1246e-01 -2.5477e-02 -1.7917e-02 -3.5785e-02 -3.5807e-02  1.1669e-01  3.8028e-01  3.1650e-01  2.4003e-01  7.0589e-02  1.6845e-03 -1.2463e-02 -2.4637e-03  1.3800e-03  8.6872e-03  5.9693e-03 -2.6246e-03 -8.8681e-04 -2.9351e-03  3.6228e-03  2.9687e-03  1.7189e-03  1.1934e-03 -6.1710e-04  3.5411e-03 -1.4634e-03 -8.2273e-03 -2.3372e-03  7.5289e-03  3.7328e-03 -2.5382e-02
  1.6538e+03 -3.6460e-04  7.5181e-05  7.7802e-03 -1.5510e-01 -1.4009e-02 -3.7490e-02  1.1670e-01  6.9358e-02 -5.2951e-02  8.4650e-02 -8.7277e-02 -1.1085e-01 -5.7398e-03  6.6434e-03  3.4857e-03  1.0056e-02 -1.3501e-02 -1.6518e-03  1.5442e-02 -8.4533e-03  1.8398e-02  5.1403e-04 -6.4565e-03 -3.1107e-03  1.9372e-03  3.2840e-03  1.8697e-03 -6.1077e-04  3.1365e-04 -1.6546e-04 -1.7306e-03 -8.8520e-05 -8.3662e-04 -1.9167e-02  2.7773e-02  6.2520e-02  1.7081e-01 -5.8484e-01 -2.8648e-01  1.0961e-01  1.3766e-01 -6.5998e-01
  1.6656e+03 -9.8668e-04  1.8502e-02 -3.8503e-02  5.4195e-01 -3.1922e-01  2.3711e-01 -3.7012e-01 -2.2018e-01  4.0598e-01 -2.5559e-01  2.4708e-01  1.1318e-01  1.7368e-02 -2.4167e-03 -1.3605e-02  1.7648e-04  2.8566e-02  1.0959e-02 -4.1958e-02  2.3753e-03 -4.7288e-02 -7.1605e-05  1.3776e-03  4.1865e-03 -1.6433e-03 -1.8760e-03 -1.4027e-03 -5.9049e-04  4.1353e-04 -6.4387e-04  2.1264e-03  1.7985e-03  1.0305e-03 -6.3518e-03  9.9241e-03  1.0957e-02  5.1379e-02 -1.4888e-01 -7.5661e-02  1.6051e-02  2.9469e-02 -1.3960e-01
  1.7174e+03 -9.2616e-03 -4.0414e-02 -1.4411e-02  3.0071e-01  6.9430e-01  8.9621e-02 -2.9895e-02 -2.6479e-02 -2.9682e-01 -9.1145e-02  1.0623e-01  5.3226e-01  4.1256e-03 -2.2428e-02 -7.7732e-03 -3.7945e-02  2.9233e-02  2.0080e-02 -9.1583e-03  5.6572e-02 -3.0005e-02 -8.4640e-03 -5.8379e-03 -9.9962e-03  3.1960e-03  7.2248e-03  4.7083e-03  1.2933e-03  2.5274e-04  1.3188e-03 -3.5420e-03 -3.6847e-03 -4.0661e-03 -3.4592e-03 -2.0651e-03  8.6025e-03  3.2650e-03 -6.5643e-02 -2.9378e-02  3.1699e-02  2.1655e-02 -1.0207e-01
  1.8227e+03  4.3901e-03  1.5105e-03  4.3125e-03 -7.4976e-02  1.7877e-01 -5.0535e-02 -8.9984e-02 -4.2030e-02 -1.5158e-01 -1.2206e-01  9.5724e-02  2.2848e-02  5.7469e-03 -4.3366e-02 -1.0915e-02  7.9623e-02 -1.3082e-01 -4.7126e-02  1.2942e-02 -1.4562e-01  1.0517e-02  2.7569e-01  4.9130e-01  4.7034e-01 -1.5266e-01 -3.1520e-01 -2.7904e-01 -6.3347e-02 -2.1792e-02 -6.9114e-02  2.0134e-01  7.1059e-02  2.2136e-01 -1.7577e-03 -3.7969e-04  5.7152e-03  1.1584e-02 -4.1808e-02 -1.6209e-02  2.5598e-02  1.4641e-02 -8.4814e-02
  2.9753e+03 -2.3969e-02  2.5605e-03  6.4324e-02  4.0335e-01 -5.8558e-02 -9.0143e-01 -4.8267e-02  8.2376e-02  4.7619e-03 -4.5446e-02 -4.7374e-02  2.0058e-02  2.4084e-03 -1.3925e-03 -1.4847e-03  9.5784e-04  5.1383e-03 -5.9798e-03 -2.6106e-02  1.1878e-02  2.8258e-02  1.1476e-03 -1.6422e-03 -2.4867e-04 -4.1805e-04  6.0418e-04  4.3776e-04 -4.5112e-04  1.1658e-04 -2.2012e-04 -2.8081e-04  4.0520e-03 -5.5727e-05 -1.1763e-04  7.4070e-04  7.0850e-04  1.1194e-02 -7.3946e-03 -1.5077e-02  1.0950e-02 -1.2755e-02 -1.8332e-02
  3.1330e+03  8.9660e-04  9.2655e-04 -9.6374e-04 -1.0700e-02  3.4528e-04  2.9752e-02  2.5457e-04 -6.0338e-03 -2.8531e-03  6.3842e-03  3.2529e-03  1.1288e-03 -1.4213e-02 -5.0066e-02 -4.6758e-02  4.6726e-01  4.4559e-01 -1.3289e-01 -3.0675e-01  1.2698e-01  6.7017e-01 -6.2366e-05  4.4765e-04  1.4837e-04  1.1820e-04  5.4697e-04  2.8601e-04  1.4216e-04 -7.2128e-04 -2.2010e-04 -3.0816e-03  1.0302e-02  1.6845e-03  8.6951e-05  2.5727e-05 -8.9979e-05 -4.0839e-04 -4.1917e-04  9.1553e-04 -9.5433e-04  2.5959e-04  8.4246e-04
  3.2041e+03  1.0719e-03  6.5974e-04  6.7639e-04  1.5600e-03 -2.8431e-04 -2.2573e-02 -2.8523e-03  1.0292e-02 -2.2356e-05 -6.0814e-03 -1.5412e-02  5.6664e-03 -6.6221e-02 -3.2985e-02  6.0958e-02  5.2483e-01  5.1567e-01 -1.3985e-01  2.6238e-01 -1.2467e-01 -5.8700e-01 -3.4820e-04 -2.2156e-04  3.3289e-04 -1.0246e-04  6.1442e-05  1.7291e-04 -3.5704e-05  3.6033e-05 -2.0169e-05  2.5971e-04 -7.8026e-04  9.6865e-05  2.7778e-05  9.2382e-06  1.1700e-04 -1.5229e-04 -1.5734e-03  1.1894e-03 -4.5586e-04  1.2796e-03 -9.7048e-04
  3.4515e+03 -5.8988e-02 -1.7118e-02  1.2561e-02  2.5407e-02 -1.0118e-02 -7.0193e-02  2.2535e-01 -4.1461e-01 -2.7938e-02  5.6064e-01  6.6789e-01 -7.7719e-02 -1.2436e-03 -6.4259e-04  1.3458e-03  1.1118e-02  2.0553e-03  3.2154e-04  7.7296e-03 -3.5981e-03 -1.1589e-02  4.9339e-05  1.0919e-03 -6.7638e-05 -1.4066e-04 -3.2582e-04  1.7235e-04 -1.5323e-04  5.0830e-04  1.2207e-04  3.4636e-03 -1.0902e-02 -1.4617e-03  1.8719e-04  1.0867e-04 -6.1786e-05  9.2257e-04 -9.5378e-04 -2.6092e-03  8.8245e-04 -1.8946e-03 -2.2495e-03
  3.5404e+03  1.1055e-02 -7.9463e-02 -3.4393e-03 -1.7507e-02 -7.0409e-03  4.0175e-02 -4.3539e-01  7.6140e-01  5.4772e-02  3.1209e-01  3.4552e-01 -4.1919e-02 -5.1021e-04 -4.8309e-04 -4.6395e-04  4.4152e-04  5.9627e-04  2.0192e-03  8.0103e-04  2.6936e-03  8.6440e-04 -1.8353e-04  1.1973e-03  5.8963e-05 -2.0342e-04 -4.0565e-04 -1.4054e-04 -6.6731e-04  1.2039e-03 -1.2938e-04  9.3576e-03 -2.2291e-02 -1.5063e-04 -3.9670e-05  6.3571e-04 -5.3399e-04 -1.3233e-03 -4.7320e-03  1.0094e-02  6.4047e-04 -3.3224e-03 -4.8763e-04
  3.6918e+03  4.2719e-04  2.3051e-03  2.7578e-04  1.0132e-03 -1.9325e-03 -3.0098e-03  6.8009e-03 -1.3219e-02 -9.1785e-04 -1.3503e-02 -1.6080e-02  6.7762e-04 -2.1391e-04 -9.8158e-04 -8.5973e-04  4.9436e-03  3.8308e-03 -6.2367e-05 -2.3182e-03  2.0823e-03  8.1551e-03 -1.1463e-03  2.3096e-03 -1.9796e-04  5.3169e-04  3.0577e-04  6.1185e-04 -2.1886e-02  5.7060e-02  1.9290e-03  3.5225e-01 -9.3273e-01 -3.7026e-02  5.3915e-05 -8.7854e-05 -1.3534e-04 -2.6137e-04 -1.4071e-03  2.5742e-03 -6.0814e-04  2.5814e-03  1.9384e-04
  3.7918e+03  3.6983e-04 -5.1276e-04 -7.2295e-04 -4.9131e-03  2.5968e-03  1.7872e-02 -2.2882e-03  5.0029e-03 -4.7831e-04  1.2032e-03  1.0749e-03 -6.6481e-04 -1.7173e-04 -6.8729e-05  7.4054e-05  1.5147e-03  1.5900e-03 -4.9604e-05  6.2941e-04 -3.3794e-05 -8.4292e-04  8.1931e-05 -9.1057e-05  2.2086e-04 -5.8063e-06  2.8819e-05  1.3436e-05 -1.5401e-04  2.4050e-04 -6.6559e-05  1.4355e-03 -3.7388e-03 -8.8422e-05 -1.1459e-02  1.1624e-02  4.6498e-02  6.2126e-02  4.0137e-01 -6.8452e-01  1.2062e-01 -5.8759e-01 -6.1801e-02
  3.8790e+03 -1.7823e-05 -8.7964e-04  4.2158e-04  3.7180e-03 -3.4907e-03 -5.8856e-03 -4.0611e-03  7.5410e-03 -2.4074e-05  1.8046e-03  4.4705e-03 -5.3525e-04  3.1006e-05 -5.1534e-05 -1.0929e-05 -9.8612e-05  5.0576e-04  9.8677e-05 -2.9496e-05  4.6936e-04  2.8711e-04  7.0562e-05  2.3593e-04  1.4983e-04 -4.5388e-06 -1.8442e-04 -8.5200e-05 -5.9975e-05 -1.6422e-05 -7.7303e-05  1.1067e-06  1.8489e-04  3.5149e-04  6.9417e-03 -6.5176e-02  2.5308e-02  5.3297e-02  2.6798e-01 -5.3206e-01 -1.6474e-01  7.6994e-01  1.3118e-01
