5.837614088435022	9.786232025518917
19.180732004857926	13.774645689154656
32.523849921280835	237.76149758515984
45.866967837703754	4343.725178360686
59.210085754126645	6059.220244277401
72.55320367054956	22905.602162771025
85.89632158697246	20083.124950570247
99.23943950339539	19034.46533776942
112.58255741981829	15158.49261645725
125.9256753362412	16392.4999731895
139.2687932526641	14983.67794962983
152.611911169087	15264.815226477358
165.95502908550992	37912.88327913243
179.2981470019328	74076.57566868965
192.6412649183557	203301.2367586839
205.98438283477867	181159.79877452098
219.3275007512016	203442.50205182686
232.67061866762447	131321.21235834886
246.01373658404736	179603.45626552278
259.35685450047026	239318.32353661893
272.6999724168932	185751.03130017064
286.04309033331606	154273.6462347186
299.386208249739	141170.29755790535
312.7293261661619	529803.0305605202
326.0724440825848	373140.5912177268
339.4155619990077	468053.7789234434
352.7586799154306	392538.5395818554
366.1017978318535	136071.97789232974
379.4449157482764	162038.65581245258
392.78803366469936	219444.09236169473
406.13115158112225	212140.91244281028
419.47426949754504	169466.29784002696
432.8173874139681	338674.87160475686
446.16050533039106	461355.11349641625
459.5036232468139	1222416.6054309604
472.84674116323686	216232.75978263546
486.1898590796597	277067.42103660514
499.53297699608265	680815.0548496112
512.8760949125056	190503.16325289983
526.2192128289283	205805.6483101271
539.5623307453513	142975.7987267258
552.9054486617744	89177.67381261039
566.2485665781971	164392.74931101294
579.59168449462	326006.44099039026
592.9348024110432	464530.57414471795
606.2779203274657	975680.1256578099
619.6210382438888	1981042.053206632
632.9641561603116	1140865.3657132676
646.3072740767345	585146.3435747103
659.6503919931577	663911.4410791001
672.9935099095804	587257.7490267536
686.3366278260033	309156.2139552733
699.6797457424262	178007.87101345538
713.0228636588489	116745.0488741702
726.365981575272	124846.63990543764
739.7090994916949	121545.15130433177
753.0522174081179	150601.98233798594
766.3953353245406	182867.01490441285
779.7384532409635	201824.91639672642
793.0815711573865	305028.07489361055
806.4246890738094	599543.8741434913
819.7678069902324	2093030.958530844
833.1109249066553	3051588.084779896
846.4540428230781	483867.24367441674
859.7971607395011	175664.29199584684
873.140278655924	156677.58353427233
886.483396572347	128186.58553336126
899.8265144887699	129199.21279386224
913.1696324051926	199967.49955984685
926.5127503216157	323067.2173459248
939.8558682380384	190362.47837068763
953.1989861544616	421686.44235299807
966.5421040708845	162295.04664135372
979.8852219873072	479144.32572660764
993.2283399037299	317674.5935908787
1006.5714578201532	188686.54937434715
1019.914575736576	430510.87964616175
1033.257693652999	1075865.1255764551
1046.6008115694217	879099.052714088
1059.9439294858446	295896.6029685319
1073.2870474022675	176125.7453798147
1086.6301653186904	104179.17341380383
1099.9732832351135	73062.33355659668
1113.3164011515366	67331.8869869347
1126.6595190679593	50740.26204221153
1140.002636984382	86740.93488388622
1153.345754900805	233303.36594055855
1166.688872817228	210643.84448742104
1180.031990733651	76930.49229968697
1193.375108650074	52365.7448736947
1206.7182265664965	59949.880378249196
1220.0613444829196	53758.10915051277
1233.4044623993427	53650.85861135826
1246.7475803157656	262573.3176106764
1260.0906982321883	140443.3653130452
1273.433816148611	72195.82977450169
1286.776934065034	83522.93857009217
1300.1200519814572	70036.22700965682
1313.46316989788	102192.75049514571
1326.806287814303	54478.65382862601
1340.1494057307257	43870.68079489991
1353.4925236471488	42728.128128206816
1366.8356415635717	68774.75336796496
1380.1787594799946	135232.50778714317
1393.5218773964175	214989.9595484978
1406.8649953128404	184832.97788815555
1420.2081132292633	281505.36028199777
1433.551231145686	142943.9688467967
1446.8943490621093	111560.94694223025
1460.237466978532	215671.26539969753
1473.5805848949549	623024.9317131698
1486.9237028113778	281322.68654149614
1500.2668207278005	116496.82656250524
1513.6099386442238	117793.31745632799
1526.9530565606467	172765.9922937806
1540.2961744770698	160671.87878367264
1553.6392923934925	278765.41447583033
1566.9824103099147	3806441.6162937754
1580.3255282263383	10608910.892463777
1593.668646142761	13318608.707167994
1607.011764059184	37671176.35619311
1620.354881975607	23496155.86914478
1633.6979998920292	1356734.5772440543
1647.0411178084526	19238320.96035583
1660.3842357248757	17451584.413384203
1673.7273536412986	2197523.5598933296
1687.0704715577217	648941.5433453647
1700.4135894741444	251765.36750427363
1713.7567073905673	201283.04175398537
1727.09982530699	185767.8710378154
1740.4429432234133	84334.43766940362
1753.7860611398362	70003.60813655965
1767.1291790562586	158134.10702736623
1780.4722969726818	120906.58370242226
1793.8154148891044	116222.92772370353
1807.158532805528	130202.86921909619
1820.5016507219505	122248.12954952968
1833.844768638373	69264.84310553405
1847.1878865547965	44385.05813375914
1860.5310044712187	32897.79172578014
1873.874122387642	30843.978015534598
1887.2172403040647	34650.52922690702
1900.560358220488	64769.073188372015
1913.9034761369112	91052.38895383051
1927.2465940533327	115125.24685045502
1940.5897119697568	68843.57669699076
1953.9328298861797	45049.4133830897
1967.2759478026023	25741.666071439446
1980.6190657190252	63774.495977920924
1993.962183635448	45047.878813787815
2007.3053015518717	19910.471877315016
2020.6484194682937	40949.524427490105
2033.9915373847173	31918.703198881856
2047.33465530114	25680.515402313205
2060.6777732175638	34131.29621552689
2074.020891133986	77832.61819512318
2087.364009050408	54594.35714824886
2100.707126966832	33949.991814161054
2114.0502448832544	20739.13246855411
2127.3933627996776	22801.969631125936
2140.7364807161	29327.936298073706
2154.079598632523	19343.117303200335
2167.4227165489465	19072.974158313453
2180.7658344653687	23913.64711951408
2194.108952381792	13652.65098757048
2207.452070298215	14241.304332107005
2220.7951882146376	12832.841883710984
2234.1383061310607	13775.917118668134
2247.4814240474834	14026.907619323054
2260.8245419639065	12418.423394698391
2274.1676598803288	12579.707669669442
2287.510777796752	10271.071415708964
2300.853895713175	14084.374797077218
2314.1970136295977	25962.889931613707
2327.5401315460213	32207.088973333168
2340.883249462444	15330.09038765936
2354.2263673788666	7053.07032579893
2367.56948529529	4796.033455997289
2380.9126032117124	5185.186053107705
2394.255721128136	5348.03832368113
2407.598839044558	5418.330824181916
2420.941956960981	4925.352794672935
2434.2850748774044	4567.022950842765
2447.6281927938267	5343.691829263397
2460.9713107102502	6021.848843470998
2474.314428626673	10025.755459437492
2487.657546543096	10069.118664514443
2501.000664459519	8589.021798644762
2514.3437823759414	8315.340138372285
2527.6869002923645	12295.772958145742
2541.030018208787	19546.96374021404
2554.3731361252103	18888.141577870705
2567.7162540416334	20157.418659393625
2581.0593719580565	17564.325750974916
2594.40248987448	18488.742451793158
2607.7456077909014	25132.793187780593
2621.088725707325	37274.9977223372
2634.431843623748	97463.75898661712
2647.774961540171	191780.38606875148
2661.1180794565935	235061.05001097088
2674.461197373016	110643.55722754223
2687.8043152894397	54570.96564295554
2701.147433205863	31689.546880652913
2714.490551122286	25500.85208606206
2727.8336690387086	28717.272975425567
2741.1767869551304	22419.34963630727
2754.519904871553	20589.61499541043
2767.8630227879767	17509.538182070937
2781.2061407044	11857.343811843271
2794.5492586208225	10204.092440843635
2807.8923765372456	9997.668048453332
2821.2354944536687	11727.43725092435
2834.578612370092	18770.06474801356
2847.9217302865154	18569.99296563961
2861.2648482029367	18217.141345242846
2874.60796611936	32815.63159986066
2887.9510840357834	84304.89312860677
2901.294201952206	32352.06254346699
2914.6373198686288	20846.671377323953
2927.980437785052	33164.576776809634
2941.3235557014746	39989.44881548612
2954.666673617898	28953.0363586844
2968.0097915343204	35604.12798903826
2981.3529094507435	35835.81920045989
2994.6960273671666	30960.111676060274
3008.039145283589	53781.539145122704
3021.3822632000124	60122.70778548141
3034.725381116435	93565.91614056601
3048.068499032858	87748.14850421793
3061.411616949281	107767.84511234274
3074.754734865703	91539.80657317601
3088.0978527821267	86643.42350593182
3101.44097069855	114896.12377047732
3114.7840886149725	152659.41962120356
3128.127206531395	175829.02139507997
3141.470324447818	184423.86417382263
3154.813442364241	286081.569006148
3168.1565602806645	480210.73824918305
3181.499678197087	627672.7724972162
3194.8427961135094	1054909.8989319238
3208.1859140299325	4811684.583801838
3221.529031946356	19806840.065086965
3234.872149862779	13743776.860651907
3248.2152677792014	5550349.20787833
3261.558385695624	2456581.5610634
3274.9015036120472	1967028.1288274906
3288.244621528471	2176640.309416338
3301.5877394448935	1542141.8167049182
3314.930857361316	1547857.8729101336
3328.273975277739	1312714.821405138
3341.617093194161	1797632.3965816677
3354.9602111105846	4813881.380321758
3368.303329027008	38165488.174610734
3381.646446943431	16417111.089549592
3394.989564859853	4039128.5360055068
3408.332682776276	1916788.1005148352
3421.6758006927	1548709.5901863612
3435.0189186091225	1251314.101085884
3448.3620365255447	1766566.3856394049
3461.705154441968	1969926.3598703537
3475.0482723583914	1221580.339431335
3488.391390274814	1488316.5358383793
3501.7345081912367	32989899.382977426
3515.07762610766	10365054.97282179
3528.420744024082	2262165.4773525773
3541.7638619405047	1520475.8969050837
3555.1069798569283	6234076.09528494
3568.4500977733514	81278078.64774391
3581.793215689774	3409883.7224060334
3595.136333606197	1789732.3489543765
3608.479451522621	58610797.39758001
3621.822569439044	58285994.55970366
3635.1656873554657	5777455.724384197
3648.508805271888	1246129.4654668334
3661.851923188311	1381026.9134964917
3675.195041104734	1335271.279242353
3688.5381590211578	785250.2014822013
3701.881276937581	3885607.253322009
3715.224394854003	391552841.94399303
3728.5675127704258	112663900.95305224
3741.91063068685	404510.8539918703
3755.253748603273	880516.3885399081
3768.596866519695	1004718.9921594905
3781.939984436117	768945.6612374773
3795.283102352541	1075090.3221334016
3808.626220268964	637471.0189593321
3821.969338185387	831813.1847825232
3835.3124561018094	1069565.8771380533
3848.655574018232	828308.8994860081
3861.998691934655	242344.14527279773
3875.3418098510792	177323.2234721878
3888.684927767501	276543.6205389559
3902.028045683924	634749.6603426561
3915.3711636003463	675840.0079795344
3928.7142815167695	523209.79576732434
3942.0573994331935	418924.5780264983
3955.400517349616	201609.83351857337
3968.7436352660393	183265.93645484204
3982.0867531824606	172960.3208860382
3995.4298710988846	176269.63692234695
4008.772989015308	137809.6663364244
4022.1161069317295	116174.51275740664
4035.4592248481526	145554.66329162256
4048.802342764576	200802.54025803745
4062.1454606809984	107049.33802362045
4075.4885785974234	37328.33780069052
4088.8316965138447	51154.357258494674
4102.174814430267	95146.98459581214
4115.51793234669	82586.90469713685
4128.861050263114	114669.09703687599
4142.204168179537	63045.21487463409
4155.547286095959	75983.94091990717
4168.890404012382	54112.74827637124
4182.233521928804	50289.00234217807
4195.576639845228	42662.58665969218
4208.919757761652	48429.01867093962
4222.262875678073	36684.61739819651
4235.605993594497	23197.335808759653
4248.9491115109195	46241.90046651276
4262.292229427344	24618.461939738983
4275.635347343766	8135.405074204946
4288.978465260188	10274.245148234924
4302.321583176611	8552.133986578265
4315.664701093034	10845.080871722672
4329.007819009456	13039.67490632922
4342.350936925881	9451.760830514138
4355.694054842304	5008.230745398083
4369.037172758724	6083.143284980206
4382.380290675148	11555.177224303086
4395.7234085915725	15231.502311825549
4409.066526507995	5213.218838475879
4422.409644424418	1805.0337427232062
4435.7527623408405	1127.6358736690706
4449.095880257263	890.5372446979034
4462.438998173688	1124.2041765841052
4475.7821160901085	1470.2803878767197
4489.125234006532	1049.626539062604
4502.468351922955	733.6736804170307
4515.811469839377	705.6255454099464
4529.154587755801	1028.7251220933435
4542.497705672224	2013.7967194095534
4555.840823588646	2330.0550030326563
4569.183941505069	1048.5390978937571
4582.527059421492	444.62798804999363
4595.870177337916	358.88356255022
4609.213295254338	341.43006754644256
4622.556413170761	293.9539311038908
4635.899531087183	364.1258172776365
4649.242649003607	469.67053132205535
4662.58576692003	373.8429043888326
4675.928884836453	455.70859873370966
4689.272002752876	303.52673036026965
4702.6151206692975	652.0763503935348
4715.95823858572	555.6741745164703
4729.301356502145	283.07095754118563
4742.644474418568	288.02056215897056
4755.98759233499	312.9103620338322
4769.330710251413	292.9765772144785
4782.673828167837	215.1393002085696
4796.016946084259	239.1918862868718
4809.3600640006825	224.6004809097392
4822.703181917104	216.35853751164277
4836.046299833527	280.8412891527313
4849.38941774995	304.0209487036123
4862.732535666373	658.4627436117761
4876.075653582797	2339.056195624064
4889.418771499219	2295.5154297563486
4902.761889415643	942.4378312184048
4916.105007332066	501.1433295375283
4929.448125248488	560.2770153419476
4942.791243164911	388.6867870532766
4956.134361081333	329.15129091071014
4969.477478997756	570.8207964161929
4982.820596914179	800.9426406869794
4996.163714830604	768.3574344211411
5009.506832747024	2260.7836430941
5022.849950663447	3360.7824686049644
5036.1930685798725	1302.6756990890667
5049.536186496295	414.527482393871
5062.879304412718	363.04615082280935
5076.22242232914	385.34336773478447
5089.565540245563	539.1401231962406
5102.908658161985	2924.6443318151787
5116.251776078409	1914.5692408196269
5129.594893994832	745.1908307476417
5142.938011911254	376.09038904826144
5156.2811298276765	680.6369110254284
5169.624247744102	1579.8085020928015
5182.967365660524	3658.062150468474
5196.310483576945	2073.2714952601227
5209.653601493369	1047.3802671523322
5222.996719409792	1377.370676056649
5236.3398373262135	812.7353318656857
5249.682955242638	562.1637382180513
5263.0260731590615	481.84045565292473
5276.369191075483	789.7985337280813
5289.712308991906	15769.396492757267
5303.0554269083295	18666.79163171768
5316.398544824752	29769.936736824584
5329.741662741176	23721.53843133106
5343.084780657598	4434.309498854534
5356.427898574021	8208.725134215923
5369.771016490442	5149.238834169724
5383.1141344068665	4680.515591853463
5396.45725232329	997.794993513492
5409.800370239713	430.4925303807762
5423.143488156136	276.32294509618185
5436.486606072559	191.28895283311036
5449.829723988982	120.15933264641016
5463.172841905404	88.99964947609223
5476.515959821825	151.19959879835278
5489.85907773825	116.11851698216356
5503.202195654672	91.15855529933492
5516.545313571097	104.52575712406247
5529.8884314875195	139.53670476161338
5543.231549403942	138.83325036762972
5556.574667320366	109.8303372150132
5569.917785236788	75.6884891520046
5583.260903153209	62.06354257198846
5596.604021069633	59.04034244865179
5609.947138986056	67.15825908214198
5623.290256902478	69.7365722896122
5636.633374818902	81.69538689616584
5649.976492735324	74.12877300605919
5663.319610651748	62.75673339829332
5676.662728568171	56.697901677292656
5690.005846484595	68.64346348502377
5703.348964401017	84.13913537569306
5716.6920823174405	74.70294760947517
5730.035200233862	71.16262219099826
5743.378318150285	73.95965133636851
5756.721436066708	77.01003274916525
5770.064553983131	77.91384830315846
5783.407671899555	96.61233605550987
5796.750789815977	97.03418292257606
5810.0939077324	120.97872974392462
5823.437025648824	164.24714771781873
5836.780143565245	215.48315925142577
5850.123261481669	324.3463295475236
5863.466379398091	469.34472477185244
5876.8094973145135	548.5473665181444
5890.152615230936	479.1711831308756
5903.495733147361	314.0701537728558
5916.838851063783	215.56687128208372
5930.181968980207	163.5320417458629
5943.52508689663	168.58550024307024
5956.868204813053	129.98355582694367
5970.211322729474	130.182708802684
5983.554440645898	126.8561650607018
5996.89755856232	98.88567099814097
6010.240676478743	94.55501302759042
6023.583794395165	96.60368965911584
6036.926912311589	91.87325028983531
6050.270030228012	86.20887252287723
6063.613148144435	76.50788484698933
6076.95626606086	85.31607212508547
6090.299383977282	88.10938670966702
6103.642501893704	84.02398939235616
6116.985619810127	80.97040771352115
6130.32873772655	77.97142094244028
6143.671855642971	73.85662767153917
6157.014973559395	77.08011071997598
6170.35809147582	81.01699569613504
6183.701209392241	77.2206804143284
6197.044327308664	89.20257958343878
6210.387445225088	85.46113137026455
6223.73056314151	98.0019086896375
6237.073681057934	156.12763754898515
6250.416798974356	181.40855911659852
6263.759916890779	212.50196747619424
6277.103034807201	211.66128733760215
6290.446152723624	239.59038807486021
6303.789270640046	257.1324193435929
6317.132388556472	292.70838193146363
6330.475506472894	403.0598501593503
6343.818624389317	418.62217195186275
6357.16174230574	533.2630375534592
6370.504860222161	720.515367855711
6383.847978138584	971.8770842876409
6397.191096055008	1540.788869715026
6410.5342139714285	2461.572046946987
6423.877331887853	9095.498152724493
6437.2204498042765	13230.438525687767
6450.5635677207	10797.806042455706
6463.906685637123	10148.285811208209
6477.2498035535455	6814.823322579608
6490.592921469968	3989.46306382306
6503.936039386391	3345.786812081831
6517.2791573028135	2199.647047083154
6530.622275219236	2397.8064273976865
6543.965393135659	2455.7604346065414
6557.3085110520815	1941.2033932829515
6570.651628968506	1813.342372808997
6583.994746884929	2736.7985589281943
6597.337864801353	2544.3032000816506
6610.680982717775	1889.8735469180979
6624.024100634197	1462.5032157576284
6637.36721855062	2339.703232490381
6650.710336467042	3249.8534793271783
6664.053454383466	3670.6296448184585
6677.396572299888	2369.9336564478635
6690.739690216313	2391.091959101018
6704.082808132735	3016.594665157286
6717.425926049159	5562.831979941126
6730.769043965582	22889.65512227954
6744.112161882003	19183.171724405995
6757.455279798427	10397.559404760808
6770.798397714849	4357.286745865777
6784.141515631272	3305.914176521823
6797.484633547694	2852.8220902564253
6810.827751464117	3311.22880090553
6824.170869380539	2880.7234074641974
6837.513987296965	2447.821799875323
6850.857105213388	2404.859222032223
6864.200223129809	3250.6095519255923
6877.543341046233	4036.265372379038
6890.886458962656	2553.0627035411135
6904.229576879078	1945.0808687542722
6917.572694795501	2106.728258618701
6930.915812711923	3206.7962413672617
6944.258930628345	2977.126910065483
6957.60204854477	2576.791894036124
6970.945166461193	2674.459977847996
6984.288284377616	2679.619956872105
6997.63140229404	11762.327055670443
7010.9745202104605	36463.43012582223
7024.317638126885	8767.970715105577
7037.660756043307	3091.080137675412
7051.003873959729	3033.00901463306
7064.346991876152	3582.2711513686227
7077.690109792576	4388.7912096232685
7091.033227708999	4021.5049379943034
7104.376345625422	1893.5460152995415
7117.719463541846	5476.181240532367
7131.062581458268	55396.458353901646
7144.405699374691	12167.859653715042
7157.7488172911135	2155.031158414994
7171.091935207536	1705.4846216425426
7184.435053123959	1656.869571343232
7197.7781710403815	1793.8205364407088
7211.121288956806	22197.864349620824
7224.464406873227	42836.000609292634
7237.807524789651	7184.678985039187
7251.150642706075	29980.07607797134
7264.493760622498	3942.6416707460216
7277.83687853892	10665.188634057933
7291.179996455342	19987.91667605874
7304.523114371765	3395.3232893611907
7317.866232288187	43246.10047442651
7331.209350204611	153665.4435793033
7344.552468121032	72656.94381613699
7357.895586037457	3070.600133345229
7371.238703953882	2125.1271431253936
7384.581821870304	2797.8276765037153
7397.924939786726	1863.3330933122147
7411.268057703149	2589.08691373668
7424.611175619571	56073.94220649125
7437.954293535993	172176.82654524612
7451.297411452416	65790.15385952403
7464.6405293688385	1456.3147373189247
7477.983647285264	812.991430850838
7491.326765201687	809.8035841875587
7504.66988311811	590.2332057748945
7518.013001034533	524.9055827447219
7531.356118950954	524.296947342583
7544.699236867377	507.02894167477626
7558.0423547838	852.3875398595028
7571.385472700223	538.8122127061336
7584.728590616644	281.5849517603754
7598.071708533069	280.9549116144422
7611.41482644949	374.29708425258957
7624.757944365917	855.012145321695
7638.10106228234	667.2675192519748
7651.444180198761	433.07223826123357
7664.787298115184	248.72357439877504
7678.130416031607	213.3091595452144
7691.4735339480285	180.42086488959595
7704.816651864451	213.32424856017224
7718.159769780874	285.79474883769626
7731.502887697299	318.16272345464034
7744.846005613723	262.3987960674132
7758.1891235301455	239.57679872177286
7771.532241446568	209.8930780422451
7784.875359362992	137.09591908762346
7798.218477279411	92.25114338027258
7811.561595195837	104.76575704596792
7824.904713112259	90.15539646831257
7838.24783102868	78.30094678605205
7851.590948945104	78.97414563747103
7864.934066861527	85.55287264307228
7878.27718477795	76.03226494666015
7891.620302694374	68.42574760617397
7904.963420610797	64.25499686207058
7918.306538527219	58.93491497556888
7931.649656443642	61.80783292737442
7944.992774360064	61.68992191999746
7958.335892276486	60.68121513759231
7971.67901019291	65.78934572404876
7985.022128109331	55.38002265376535
7998.365246025757	48.04553390640863
8011.708363942179	49.66218826661465
8025.051481858603	51.54932253624563
8038.394599775025	52.90678524419523
8051.73771769145	53.63002270058621
8065.0808356078705	47.21029839435623
8078.423953524293	48.44110938154191
8091.767071440717	51.032125166404875
8105.110189357138	56.58757220000052
8118.453307273561	60.94702808268296
8131.796425189984	50.1756572430693
8145.139543106409	46.48503565388639
8158.482661022834	45.997734710441726
8171.825778939255	46.09887062629125
8185.168896855676	46.96507779653132
8198.5120147721	45.033143751501804
8211.85513268852	45.06721765432737
8225.198250604946	45.097493495796584
8238.541368521368	44.15284809397974
8251.884486437793	44.36853741666511
8265.227604354217	48.57572896975762
8278.570722270639	47.583795529179085
8291.913840187062	46.745869250901066
8305.256958103484	45.47179764649877
8318.600076019908	46.112445021176065
8331.94319393633	45.46483870420091
8345.286311852753	46.13415550663636
8358.629429769175	46.30793556959361
8371.972547685598	46.84619262188186
8385.31566560202	49.73407463956156
8398.658783518444	48.613429899648274
8412.001901434867	47.591574131537016
8425.345019351289	46.70485077733104
8438.688137267713	45.59661517016821
8452.031255184134	46.1135692714066
8465.374373100558	46.56426100870992
8478.717491016982	45.52910596016877
8492.060608933403	45.27377208817277
8505.403726849827	45.80548819287852
8518.74684476625	45.99452016826681
8532.089962682674	46.42416432676764
8545.433080599094	46.171701331779296
8558.776198515518	46.3450622904057
8572.119316431941	46.3771462969804
8585.462434348365	45.20329658449988
8598.805552264786	47.201237499528474
8612.14867018121	50.47726257162867
8625.491788097632	47.101605156663354
8638.834906014054	45.814252983541486
8652.178023930477	45.82496852967508
8665.521141846903	46.415729759494404
8678.864259763326	46.64697453589738
8692.20737767975	46.30417832507131
8705.550495596171	45.43459652827098
8718.893613512593	46.617506478391384
8732.236731429015	48.684772020221544
8745.579849345439	50.47277531783879
8758.922967261859	47.68765308068048
8772.266085178284	46.536988251998295
8785.609203094711	48.54706992214058
8798.952321011135	50.033468132229736
8812.295438927553	48.58990197541215
8825.638556843978	47.16622346198194
8838.9816747604	47.1833592520973
8852.32479267682	47.72981914754325
8865.667910593245	47.43561736886074
8879.011028509667	47.39324843833445
8892.354146426089	62.37356912052248
8905.697264342512	77.82820357042797
8919.040382258938	66.51177783889159
8932.383500175361	53.715474173990515
8945.726618091785	67.27646469181634
8959.069736008207	48.95023371764071
8972.412853924627	46.80063864384557
8985.755971841052	47.35066221035434
8999.099089757476	47.01905697343258
9012.442207673896	47.91735816559823
9025.78532559032	48.1528696423773
9039.128443506745	54.444947264249606
9052.471561423168	60.31458032097239
9065.814679339588	51.182293090852546
9079.157797256014	57.048004749664415
9092.500915172435	49.0839339959817
9105.844033088859	51.34254372278252
9119.18715100528	48.40999533589558
9132.530268921704	47.13629398560353
9145.873386838126	46.291064481405705
9159.216504754548	46.782897378258966
9172.559622670973	47.03642955365362
9185.902740587395	47.00904063246016
9199.24585850382	46.816317413104244
9212.588976420242	46.65805306332446
9225.932094336666	46.8607702226931
9239.275212253087	46.66214216355717
9252.618330169507	46.545840806603806
9265.961448085933	46.9522515412949
9279.304566002354	46.793943754409035
9292.647683918782	46.50972451198348
9305.990801835203	46.7198148973646
9319.333919751623	46.67794167415262
9332.677037668049	46.748031113846125
9346.02015558447	46.91623682243064
9359.363273500892	46.8255879743118
9372.706391417316	46.869447396410756
9386.049509333741	47.11385767429423
9399.392627250163	46.9735100668863
9412.735745166585	47.13986199242891
9426.078863083007	46.93186594429235
9439.421980999427	47.184961906369196
9452.765098915852	47.432870514940774
9466.108216832276	47.410516177970564
9479.451334748703	47.105068793112785
9492.79445266512	47.331979563684925
9506.137570581544	47.26511372137107
9519.480688497966	47.249579539726696
9532.823806414392	47.816972786227
9546.166924330815	47.753383876968854
9559.510042247239	47.781995955147146
9572.85316016366	48.276504880647636
9586.196278080084	47.90589683928787
9599.539395996506	49.08812794364226
9612.882513912928	50.44762022658468
9626.225631829351	54.14729602340299
9639.568749745775	58.592757574030614
9652.911867662198	57.86027364896056
9666.25498557862	57.68991432593807
9679.598103495042	54.50775093611757
9692.941221411464	55.68391608969337
9706.284339327885	53.298877555757386
9719.627457244313	51.82048001825827
9732.970575160734	51.93248863225781
9746.313693077158	52.088608113227906
9759.656810993582	50.525776605357464
9772.999928910003	49.85134887530952
9786.343046826427	50.263964798483244
9799.686164742849	49.645503233262055
9813.029282659278	49.4996398777198
9826.372400575696	50.328043562381296
9839.71551849212	49.65194262846745
9853.058636408541	49.161927568498456
9866.401754324963	49.576683980675696
9879.744872241386	50.04344442890093
9893.08799015781	51.11670193824384
9906.431108074234	49.759352154248425
9919.774225990655	49.43565983392747
9933.117343907075	50.07095898815875
9946.460461823499	50.409193986181755
9959.803579739922	51.90109046106652
9973.14669765635	51.068119806696494
9986.489815572768	50.83809963098912
9999.832933489197	51.56507740188698
10013.176051405617	52.359065135597426
10026.51916932204	53.43068067275383
10039.86228723846	53.152127111824676
10053.205405154884	53.24279741066083
10066.548523071307	51.772589959785726
10079.891640987733	55.41316672278735
10093.234758904156	63.8223648982101
10106.577876820576	60.27527756514966
10119.920994736998	59.46575697205155
10133.264112653424	55.54472380751743
10146.607230569844	54.18843480210201
10159.950348486267	52.47105805229022
10173.293466402693	54.62434571303047
10186.636584319112	53.91885224335685
10199.979702235536	51.05299194963025
10213.322820151958	50.93584374265877
10226.66593806838	53.707222334294826
10240.009055984803	51.86530115206258
10253.352173901229	51.659851332413474
10266.695291817652	50.82313592125488
10280.038409734074	51.14589977942269
10293.381527650496	50.99812786425868
10306.72464556692	51.1583608990908
10320.067763483345	51.35211378213055
10333.410881399768	50.93625464222747
10346.75399931619	51.13511623097842
10360.097117232612	50.6307065673236
10373.440235149035	51.4515860180504
10386.783353065455	50.90541927850156
10400.12647098188	49.9026429696876
10413.469588898302	50.78566836798584
10426.812706814724	50.29597381505597
10440.15582473115	50.450224421844005
10453.498942647571	51.08937078303062
10466.842060563991	51.3683207716962
10480.185178480417	50.60523394959141
10493.528296396842	52.73005454549057
10506.871414313264	62.7255288916416
10520.214532229687	60.837465501919986
10533.557650146107	54.388968371254485
10546.900768062533	52.02103474365633
10560.243885978954	50.92509051311178
10573.587003895378	54.42654614093102
10586.930121811802	52.72053897137202
10600.273239728229	52.11719842617852
10613.616357644649	51.03989175062825
10626.959475561072	52.71342232823984
10640.302593477492	53.627029778256805
10653.645711393916	54.28418513989899
10666.988829310338	50.78627026590747
10680.33194722676	56.473160639425124
10693.675065143185	83.23263777665495
10707.018183059608	65.1663463387698
10720.361300976028	52.46616772201801
10733.70441889245	54.41280132669233
10747.047536808874	51.8447081885476
10760.3906547253	51.04765184103792
10773.73377264172	50.245955835241354
10787.076890558144	52.77916579555328
10800.420008474568	51.652369266852496
10813.763126390992	54.40290689240733
10827.106244307412	74.6234710466327
10840.449362223835	56.09374301025647
10853.792480140262	59.30730209137689
10867.135598056684	64.19379811234141
10880.478715973106	54.24055406923715
10893.821833889528	51.99585559625117
10907.164951805948	51.4752608289459
10920.508069722377	58.73551591444327
10933.851187638797	152.3956427263854
10947.194305555218	71.97950118527936
10960.537423471642	97.79506957619807
10973.880541388064	66.65524691114521
10987.223659304487	53.96428454979343
11000.566777220907	57.66404603526731
11013.909895137333	58.20001878420542
11027.253013053756	53.54677509616774
11040.596130970182	104.38804761257958
11053.939248886603	91.471649448197
11067.282366803023	56.60739893042673
11080.625484719449	51.34871012338205
11093.96860263587	52.19986041253439
11107.311720552296	52.70891098574841
11120.65483846872	53.47100701574192
11133.99795638514	66.2843408649567
11147.341074301565	115.25951820977454
11160.684192217986	137.77632487429588
11174.027310134408	80.12271899920549
11187.370428050832	50.55978460088843
11200.713545967254	49.963957669297415
11214.05666388368	50.76825775321121
11227.3997818001	49.99543449674976
11240.742899716524	50.41603063301047
11254.086017632944	50.26824518991805
11267.429135549366	50.23352339629199
11280.772253465791	50.59166481729185
11294.115371382217	50.25691436793827
11307.45848929864	50.020098730365454
11320.80160721506	50.073242257115
11334.144725131486	50.876945434793925
11347.487843047908	51.102193671183485
11360.830960964327	50.817281544711456
11374.174078880756	50.54104121883402
11387.517196797176	50.3896839066468
11400.8603147136	50.315706256211755
11414.203432630022	50.632553550472366
11427.546550546444	50.33792930808092
11440.889668462867	50.40235352959603
11454.232786379289	50.49604594573994
11467.575904295712	50.55572136221789
11480.919022212136	50.620565773255905
11494.262140128558	50.61231111147653
11507.60525804498	50.70164916140819
11520.9483759614	50.55800681556569
11534.291493877829	50.61298975842252
11547.63461179425	50.695043062223114
11560.977729710674	50.77168203168806
11574.320847627096	50.71900772591357
11587.66396554352	50.65564676972726
11601.007083459945	50.809664095447054
11614.350201376365	50.838292626533416
11627.693319292788	50.85549708907267
11641.036437209214	50.79614077464
11654.379555125635	50.79770232407607
11667.722673042055	50.91472997679209
11681.06579095848	50.90060717416795
11694.4089088749	50.97514745944962
11707.752026791326	50.96850257334734
11721.095144707748	51.05578757283185
11734.438262624171	51.03646281211583
11747.781380540591	51.089648583863855
11761.124498457017	51.10527867700754
11774.467616373438	51.18586992462817
11787.81073428986	51.13780821982901
11801.153852206286	51.178797475573376
11814.496970122707	51.15663959928158
11827.840088039133	51.22383101038307
11841.183205955556	51.34042013874377
11854.526323871978	51.32173621165748
11867.8694417884	51.369373994967155
11881.212559704822	51.362924775437534
11894.555677621249	51.411872407716615
11907.898795537672	51.413111872670584
11921.241913454092	51.45529127117104
11934.585031370514	51.47714168998268
11947.928149286938	51.499212675241175
11961.27126720336	51.55286254706523
11974.614385119785	51.6002798818394
11987.957503036205	51.62885275556921
12001.300620952628	51.62834828179033
12014.643738869052	51.656660367008996
12027.986856785474	51.69531842301875
12041.329974701895	51.72944576596905
12054.67309261832	51.74100240626693
12068.016210534744	51.79450956171202
12081.359328451168	51.808137409035055
12094.70244636759	51.835688187615936
12108.045564284012	51.881377249178854
12121.388682200435	51.9376295311612
12134.73180011686	51.951335928286696
12148.07491803328	51.98046286406522
12161.418035949706	52.02556363459712
12174.761153866128	52.02590290304887
12188.104271782551	52.053121860603326
12201.447389698971	52.10213680166828
12214.790507615397	52.11090106167883
12228.133625531818	52.146374765764605
12241.47674344824	52.16728652206617
12254.819861364664	52.22424630603158
12268.162979281087	52.23909371847676
12281.506097197507	52.28191156388387
12294.849215113933	52.31201689822838
12308.192333030353	52.32360663018278
12321.53545094678	52.370492421169544
12334.878568863202	52.44307568310353
12348.221686779623	52.43641057621259
12361.564804696049	52.4942372274955
12374.907922612472	52.50244167038038
12388.251040528894	52.54854402968847
12401.594158445316	52.574087199095786
12414.93727636174	52.63840033834017
12428.280394278165	52.621622455888506
12441.623512194588	52.64063027105907
12454.966630111008	52.67889162068859
12468.30974802743	52.73541860838429
12481.652865943854	52.71587208869896
12494.995983860275	52.79394463090921
12508.3391017767	52.87128884760148
12521.682219693124	52.838158351150085
12535.025337609544	52.881330633138965
12548.368455525966	52.892423037325024
12561.71157344239	52.93736493256817
12575.054691358811	53.03424794808173
12588.397809275237	53.02194825112373
12601.740927191657	53.04936211738095
12615.084045108084	53.09490656345757
12628.427163024506	53.07982162644085
12641.770280940927	53.12098809857385
12655.113398857353	53.14689199301097
12668.456516773776	53.192642272411675
12681.7996346902	53.21778060966979
12695.142752606622	53.25316862802291
12708.485870523044	53.303589660850754
12721.828988439464	53.34107859154382
12735.172106355893	53.40065247950308
12748.515224272312	53.45188001326064
12761.858342188734	53.42017270825378
12775.201460105158	53.473740787356334
12788.54457802158	53.50450122855493
12801.887695938003	53.5763361662051
12815.230813854423	53.55909571945104
12828.573931770849	53.59386795015089
12841.91704968727	53.5787511546326
12855.260167603692	53.699492350931735
12868.60328552012	53.739888679433534
12881.94640343654	53.75480722902189
12895.289521352965	53.730032477815406
12908.63263926939	53.833430632834144
12921.975757185812	53.84995593214533
12935.318875102235	53.89381602650485
12948.661993018655	53.90319736479931
12962.00511093508	53.96596472145019
12975.348228851502	53.97483090038776
12988.691346767924	54.019851784816204
13002.034464684348	54.03006857011044
13015.37758260077	54.0700110609303
13028.720700517191	54.15235242055833
13042.063818433617	54.116379263595775
13055.406936350038	54.168481786594796
13068.75005426646	54.200574592506726
13082.093172182882	54.25273377129133
13095.436290099306	54.27884353108924
13108.779408015727	54.320668333759954
13122.122525932153	54.350269110836436
13135.465643848576	54.37885620740676
13148.808761764998	54.433997022476134
13162.151879681423	54.468370730197684
13175.494997597849	54.498173795218804
13188.838115514269	54.557444813726285
13202.181233430692	54.57384761323895
13215.524351347116	54.61482387286095
13228.867469263538	54.655451726207595
13242.21058717996	54.65613397696713
13255.553705096385	54.693001742461455
13268.896823012805	54.74598395744736
13282.239940929228	54.75928966736318
13295.583058845652	54.80978386261131
13308.926176762074	54.818522397783454
13322.269294678495	54.87208511246918
13335.612412594915	54.937330941619756
13348.95553051134	54.9437395518705
13362.298648427764	54.99084263548475
13375.641766344186	55.03775746020781
13388.984884260612	55.1159852010097
13402.328002177035	55.12378515352145
13415.67112009346	55.12700881954375
13429.014238009882	55.16983521224754
13442.357355926304	55.232863348769094
13455.700473842728	55.25407294681943
13469.043591759151	55.28118429664958
13482.386709675571	55.30192143383914
13495.729827591997	55.34698361916162
13509.072945508417	55.39770599773537
13522.416063424842	55.42867996194745
13535.759181341264	55.46376374716249
13549.102299257684	55.523036021643314
13562.445417174107	55.529740171098204
13575.788535090533	55.57495360212274
13589.131653006954	55.61982835402837
13602.474770923376	55.67431455836172
13615.8178888398	55.69122976149565
13629.16100675622	55.73026911268706
13642.504124672643	55.78546010877979
13655.84724258907	55.817494187412194
13669.190360505492	55.848545176314886
13682.533478421916	55.86663326317188
13695.87659633834	55.9144313661868
13709.219714254765	55.9384207213555
13722.562832171188	56.00623399240883
13735.905950087608	56.019285680061365
13749.24906800403	56.041799214706586
13762.592185920454	56.11497580646365
13775.935303836875	56.1456330324162
13789.2784217533	56.177611235633606
13802.62153966972	56.22204219445839
13815.964657586144	56.23967105079332
13829.307775502568	56.29555412892512
13842.65089341899	56.36138084379976
13855.994011335411	56.366379974584845
13869.337129251831	56.397658870444296
13882.680247168257	56.467002915647164
13896.02336508468	56.48918734120051
13909.366483001106	56.531624925749135
13922.709600917527	56.56426584093897
13936.052718833953	56.635411675598405
13949.395836750376	56.63020820340021
13962.738954666798	56.71154836331509
13976.082072583222	56.74355543542623
13989.425190499644	56.77244839536009
14002.768308416067	56.79041478471292
14016.111426332487	56.80650835739846
14029.454544248912	56.90679673957868
14042.797662165334	56.963779472187504
14056.140780081756	56.950524272710894
14069.48389799818	56.97143178201227
14082.827015914603	57.01779566457101
14096.170133831023	57.09546466121144
14109.513251747449	57.11686521670881
14122.856369663868	57.18780848105182
14136.199487580294	57.192430165850666
14149.542605496716	57.250500897461485
14162.885723413136	57.29843998610088
14176.228841329565	57.35330638308424
14189.571959245986	57.388909757079226
14202.91507716241	57.43827535797684
14216.258195078834	57.397648052568755
14229.601312995255	57.51308508207144
14242.94443091168	57.53612881724875
14256.287548828102	57.60552687513164
14269.630666744524	57.68361638839747
14282.973784660946	57.66251784961695
14296.31690257737	57.706758842698925
14309.660020493791	57.71738809547635
14323.003138410217	57.76603562336497
14336.346256326638	57.84044840292587
14349.68937424306	57.82022889891457
14363.032492159482	57.95063696720068
14376.375610075906	57.9715308839814
14389.718727992327	57.987955658501924
14403.061845908753	58.02736502178091
14416.404963825173	58.08659125792515
14429.7480817416	58.151163051363326
14443.091199658022	58.109838794193934
14456.434317574443	58.172332680653255
14469.777435490869	58.22009935512365
14483.120553407292	58.280678588580805
14496.463671323716	58.359370642047246
14509.806789240138	58.38143514887008
14523.14990715656	58.371473568655304
14536.49302507298	58.465865466281095
14549.836142989405	58.5658682861897
14563.179260905828	58.50650805003703
14576.52237882225	58.54423295153826
14589.865496738672	58.61084237730927
14603.208614655096	58.67197555310779
14616.55173257152	58.6598905460819
14629.89485048794	58.79187681882242
14643.237968404364	58.84551126696287
14656.581086320786	58.835511590901945
14669.924204237208	58.862178636117264
14683.267322153632	58.967903364042584
14696.610440070055	58.93489389446256
14709.95355798648	59.03282667633986
14723.296675902902	58.9450060744594
14736.639793819328	59.081294088637286
14749.982911735748	59.166397495761956
14763.326029652171	59.23196250147494
14776.669147568597	59.22733799760901
14790.012265485018	59.2547946519961
14803.35538340144	59.33334881543318
14816.698501317864	59.34865667199705
14830.041619234284	59.364476891432716
14843.384737150707	59.32733095497953
14856.727855067133	59.500004673269544
14870.070972983554	59.45787042091299
14883.414090899976	59.67790160735332
14896.757208816398	59.64641621783433
14910.10032673282	59.724122218093
14923.443444649243	59.75744708996556
14936.786562565669	59.78780901772791
14950.129680482092	59.83909732368204
14963.472798398514	59.89082426147079
14976.81591631494	59.938739919321435
14990.159034231365	59.955228867172096
15003.502152147785	60.00746519859403
15016.845270064208	60.04982047393628
15030.188387980632	60.085764093344096
15043.531505897054	60.14466209589217
15056.874623813475	60.18852519551056
15070.217741729895	60.24598063037631
15083.56085964632	60.25866396327301
15096.903977562744	60.31584171357956
15110.247095479166	60.37192797429841
15123.59021339559	60.41419825243177
15136.933331312011	60.46568202255713
15150.276449228431	60.51750624045326
15163.619567144857	60.563040832998425
15176.96268506128	60.61186419634248
15190.305802977702	60.658488588732325
15203.648920894124	60.693040868092154
15216.992038810546	60.75288547483389
15230.335156726967	60.787298222283106
15243.678274643398	60.841016596714404
15257.02139255982	60.88533111687157
15270.364510476244	60.93678812467825
15283.707628392667	60.984724228904064
15297.050746309087	61.03782617528545
15310.393864225513	61.07910436985306
15323.736982141932	61.12932312213017
15337.080100058354	61.17899055756177
15350.42321797478	61.227086806945316
15363.7663358912	61.271173617345404
15377.109453807623	61.32841383830146
15390.452571724049	61.37249755159693
15403.79568964047	61.403131990679654
15417.138807556892	61.467394280214876
15430.481925473314	61.51557925955956
15443.825043389736	61.56891177518345
15457.16816130616	61.60634275053835
15470.511279222586	61.654329902732755
15483.854397139012	61.71584527365685
15497.197515055434	61.7588580761691
15510.540632971855	61.81335293031327
15523.88375088828	61.85721596244723
15537.226868804702	61.91504018078551
15550.569986721124	61.96671935620238
15563.913104637546	62.008925945537655
15577.25622255397	62.065877836640155
15590.599340470391	62.10094493290683
15603.942458386817	62.155785732123285
15617.285576303237	62.208866921761945
15630.628694219658	62.27156919882525
15643.971812136084	62.298831785898095
15657.314930052506	62.36233152719781
15670.658047968927	62.40956569307743
15684.001165885347	62.469607490974546
15697.344283801773	62.50903090302895
15710.687401718196	62.56875645865462
15724.030519634618	62.61879155621521
15737.37363755104	62.664031999578036
15750.716755467462	62.71699653496844
15764.059873383892	62.76279685310501
15777.402991300314	62.80162988962108
15790.746109216736	62.85898542711201
15804.08922713316	62.922153952156485
15817.432345049583	62.967218790801326
15830.775462966005	63.02132484701674
15844.118580882428	63.07395633554488
15857.461698798848	63.127854238744604
15870.804816715272	63.17527910978007
15884.147934631696	63.23501913291916
15897.491052548115	63.28031182576626
15910.83417046454	63.33235438222071
15924.177288380964	63.39103391709134
15937.520406297384	63.43281813806743
15950.863524213806	63.50523580024164
15964.206642130232	63.54647796204863
15977.549760046651	63.589052374384664
15990.89287796308	63.655915812850274
16004.235995879506	63.70649521219989
16017.579113795928	63.75277250570649
16030.922231712348	63.81069191233888
16044.265349628771	63.857944389806754
16057.608467545197	63.91456387900807
16070.951585461618	63.97419150516491
16084.29470337804	64.03429503801681
16097.637821294462	64.08117492623664
16110.980939210884	64.1404743494954
16124.324057127307	64.1915613335904
16137.667175043733	64.2438887981792
16151.010292960153	64.28456493386122
16164.353410876576	64.35186824835088
16177.696528792998	64.40642175301676
16191.039646709422	64.4530850538367
16204.382764625843	64.51084344833775
16217.725882542263	64.57048072184905
16231.069000458689	64.61862288567582
16244.41211837511	64.68792145230532
16257.755236291532	64.7299556932799
16271.098354207956	64.78406600283692
16284.441472124385	64.85312870573635
16297.784590040808	64.90768665983069
16311.12770795723	64.95406830082113
16324.470825873654	65.0075643159606
16337.813943790075	65.063241345921
16351.157061706495	65.12095427562423
16364.50017962292	65.18008583025718
16377.843297539344	65.23467088027496
16391.186415455766	65.29177141209769
16404.529533372188	65.34651330122952
16417.87265128861	65.39322661390148
16431.215769205035	65.46556589636207
16444.558887121457	65.51412887068045
16457.90200503788	65.57208109520197
16471.2451229543	65.62834264618674
16484.588240870726	65.68273319503466
16497.931358787147	65.74377613840005
16511.274476703573	65.80185092603173
16524.61759462	65.85380351108174
16537.96071253642	65.91548620943794
16551.30383045284	65.97664032492646
16564.646948369264	66.03669716355566
16577.99006628569	66.09006794249122
16591.33318420211	66.14597444495456
16604.676302118532	66.19784452815695
16618.019420034954	66.25353342648314
16631.362537951376	66.32285479101299
16644.7056558678	66.37045527466721
16658.048773784223	66.42919758822484
16671.391891700645	66.4941358933333
16684.73500961707	66.54876292151924
16698.078127533492	66.62107314660105
16711.421245449914	66.6717516365625
16724.764363366336	66.74140072035934
16738.107481282757	66.79511767048511
16751.450599199183	66.85099842051764
16764.793717115605	66.91515245570493
16778.136835032026	66.96071495482207
16791.479952948448	67.02891904097943
16804.823070864877	67.07515248333581
16818.166188781302	67.15404760667916
16831.509306697724	67.2059930453361
16844.852424614146	67.26335025032682
16858.195542530568	67.32107221676492
16871.53866044699	67.38979718250168
16884.881778363415	67.44862654221919
16898.224896279837	67.50402309656825
16911.56801419626	67.56437095485207
16924.91113211268	67.62908641765094
16938.254250029102	67.68191530111147
16951.597367945527	67.73614395791522
16964.94048586195	67.80243289017726
16978.28360377837	67.87269704344483
16991.626721694793	67.93737142935636
17004.969839611218	67.99097966957736
17018.31295752764	68.05734528809171
17031.656075444065	68.11574360310838
17044.999193360494	68.18347662535614
17058.342311276916	68.23688195066885
17071.685429193338	68.28767408708835
17085.02854710976	68.35778985890053
17098.37166502618	68.42752341779837
17111.714782942603	68.48751673248545
17125.05790085903	68.54632510668061
17138.40101877545	68.60453687589214
17151.744136691872	68.6734333592256
17165.087254608294	68.74142958679936
17178.430372524715	68.80293479739487
17191.77349044114	68.86172837108211
17205.116608357563	68.92822176269058
17218.459726273984	69.00092640482345
17231.802844190406	69.05932694402762
17245.145962106828	69.12520647281595
17258.489080023253	69.17976527658793
17271.832197939675	69.25933587251981
17285.175315856097	69.31503373569834
17298.51843377252	69.36013168517721
17311.86155168894	69.43611284994199
17325.204669605373	69.51097903711327
17338.547787521795	69.56847955517244
17351.890905438217	69.63559900953831
17365.234023354642	69.70553918992418
17378.577141271064	69.7603419425495
17391.920259187485	69.82698352184366
17405.263377103907	69.89155877983914
17418.60649502033	69.9520285596686
17431.949612936754	70.02233105484325
17445.292730853176	70.08963664751323
17458.635848769598	70.14886773390784
17471.97896668602	70.2164698290176
17485.32208460244	70.29315090303005
17498.665202518867	70.35552338383411
17512.00832043529	70.42205182632051
17525.35143835171	70.47679920538113
17538.694556268132	70.5589272324181
17552.03767418456	70.6292151843646
17565.380792100987	70.69022301967375
17578.72391001741	70.76092914147016
17592.06702793383	70.8116555841495
17605.410145850252	70.8902000712761
17618.753263766677	70.95231674417143
17632.0963816831	71.01520767857753
17645.43949959952	71.0905373575192
17658.782617515943	71.1638436789689
17672.125735432364	71.21959426894958
17685.46885334879	71.30284024272352
17698.81197126521	71.35844710813475
17712.155089181633	71.43528408106707
17725.498207098055	71.49169432561018
17738.84132501448	71.5548543276492
17752.184442930902	71.6250237126476
17765.527560847324	71.6990872003224
17778.870678763746	71.77355190049107
17792.213796680167	71.8461155032716
17805.556914596593	71.90410736249444
17818.900032513015	71.97674239097375
17832.243150429436	72.04863047702108
17845.586268345865	72.10354363464606
17858.929386262287	72.19247666722424
17872.27250417871	72.25050757445055
17885.615622095134	72.33846393737454
17898.958740011556	72.39597674681383
17912.301857927978	72.46859552124853
17925.6449758444	72.54382617765347
17938.98809376082	72.60840095537563
17952.331211677247	72.68224365906089
17965.67432959367	72.7444949353403
17979.01744751009	72.81940036389052
17992.360565426516	72.8886340388732
18005.703683342937	72.95375627547881
18019.04680125936	73.03271393822415
18032.38991917578	73.10685181639411
18045.733037092206	73.18080877810165
18059.076155008628	73.2551484380972
18072.419272925054	73.32678229419061
18085.76239084148	73.39649345276096
18099.1055087579	73.47751217009095
18112.44862667432	73.53897021147176
18125.791744590744	73.62160249654752
18139.13486250717	73.67697168991681
18152.47798042359	73.75827015609573
18165.821098340013	73.84714177532753
18179.164216256435	73.90924890944243
18192.507334172857	73.99129202810016
18205.85045208928	74.05715510131017
18219.193570005704	74.12722130744682
18232.53668792213	74.19858776092528
18245.87980583855	74.2718404167663
18259.222923754973	74.34993413371224
18272.566041671394	74.41513835801345
18285.909159587816	74.48636363287918
18299.25227750424	74.55977912621816
18312.595395420663	74.64890079960934
18325.938513337085	74.71894583698308
18339.281631253507	74.79105561172591
18352.62474916993	74.87792391177383
18365.96786708636	74.96022588893882
18379.310985002776	75.02350897734974
18392.654102919205	75.09269187610379
18405.997220835627	75.16964808852691
18419.34033875205	75.24942631065387
18432.683456668474	75.31126958246531
18446.02657458489	75.40033769587549
18459.369692501317	75.48086291092366
18472.712810417735	75.55292668408893
18486.05592833416	75.62822347504995
18499.399046250583	75.71243092235201
18512.742164167008	75.7782993079559
18526.085282083433	75.85831188940942
18539.428399999848	75.93150234388558
18552.771517916277	76.01142498964843
18566.114635832695	76.09644335208098
18579.45775374912	76.1704313857525
18592.800871665542	76.24301104642282
18606.143989581968	76.32411382473694
18619.487107498397	76.40957542595423
18632.830225414815	76.48636290394145
18646.17334333124	76.55124502230862
18659.516461247666	76.63015306743651
18672.859579164084	76.71395651479315
18686.202697080505	76.800665902835
18699.545814996927	76.87259721813788
18712.888932913356	76.94846980053538
18726.23205082977	77.04359148556122
18739.5751687462	77.12442257755391
18752.918286662614	77.19644217309217
18766.261404579043	77.28121219151477
18779.60452249547	77.36047689170115
18792.947640411887	77.43427996967849
18806.290758328312	77.52369074677856
18819.63387624473	77.60239643440775
18832.97699416116	77.6705457743847
18846.320112077578	77.76614046592258
18859.663229994	77.84259120765975
18873.00634791042	77.9208215937795
18886.349465826843	78.00908818420217
18899.692583743272	78.08821856615266
18913.035701659697	78.1762023794991
18926.37881957612	78.24554834075506
18939.72193749254	78.32740346955055
18953.065055408963	78.41223799028838
18966.408173325388	78.49980131179458
18979.75129124181	78.590860607293
18993.09440915823	78.66750709983395
19006.437527074657	78.73583150590191
19019.78064499108	78.83629300241284
19033.1237629075	78.91069118872288
19046.46688082393	78.98326841784271
19059.809998740348	79.07891742742011
19073.15311665677	79.16694414500274
19086.49623457319	79.24195382661804
19099.839352489624	79.33274834552425
19113.182470406045	79.40758567217661
19126.525588322467	79.4984860442354
19139.86870623889	79.58913026131337
19153.21182415531	79.65592244631432
19166.554942071733	79.7622245107656
19179.898059988154	79.84001439526773
19193.241177904576	79.91112075717413
19206.584295821	80.00165582940723
19219.92741373742	80.08350047434362
19233.270531653845	80.1772220199512
19246.61364957027	80.27381828744215
19259.95676748669	80.35194191191798
19273.299885403118	80.4383120876159
19286.643003319536	80.5268954552022
19299.98612123596	80.61268842559791
19313.329239152383	80.7115987039399
19326.672357068805	80.78994078274854
19340.015474985223	80.88091737532007
19353.358592901648	80.96432375306544
19366.701710818073	81.05051758787177
19380.044828734488	81.13253897172432
19393.38794665092	81.23543591538109
19406.731064567335	81.3033542563321
19420.074182483764	81.40293496492946
19433.417300400193	81.50249916746
19446.760418316608	81.58592684852593
19460.103536233037	81.6683178262866
19473.44665414945	81.7596032579028
19486.789772065884	81.83808499079522
19500.132889982306	81.94155516291917
19513.476007898727	82.02402538007803
19526.81912581515	82.13977217437471
19540.162243731567	82.19927640715329
19553.505361647996	82.29504901837426
19566.848479564414	82.39762346434102
19580.19159748084	82.48663800991925
19593.534715397265	82.5850031890848
19606.877833313683	82.6701855052335
19620.22095123012	82.76239305444788
19633.564069146538	82.85304636203259
19646.90718706296	82.93320547784575
19660.25030497938	83.03733516734006
19673.593422895803	83.10302922901772
19686.936540812225	83.21182732569677
19700.279658728647	83.30748422351562
19713.62277664507	83.39870851184467
19726.965894561486	83.49619355904561
19740.30901247792	83.58378553099348
19753.65213039434	83.67708663202082
19766.995248310763	83.76655065973536
19780.338366227184	83.86742281847775
19793.681484143606	83.96208274433641
19807.024602060028	84.04807941441078
19820.367719976453	84.14049238893008
19833.710837892875	84.23315567092718
19847.053955809297	84.32175121130415
19860.39707372572	84.43036593061389
19873.740191642144	84.51937989938727
19887.08330955857	84.62077777706479
19900.426427474988	84.72807615018522
19913.76954539141	84.81503336960569
19927.11266330783	84.9069088596233
19940.455781224256	85.01047621332694
19953.79889914068	85.09949181812077
19967.142017057104	85.18811766026008
19980.48513497353	85.28457017641554
19993.82825288995	85.38288075059845
20007.171370806376	85.46923548455175
20020.5144887228	85.59188231364217
20033.85760663922	85.67187369765551
20047.20072455564	85.77804737932075
20060.543842472063	85.87391386819564
20073.886960388485	85.97569799785664
20087.23007830491	86.06185730358045
20100.573196221336	86.1876603389351
20113.91631413776	86.26627898814317
20127.259432054176	86.35578152483433
20140.60254997061	86.46345288198273
20153.945667887034	86.56627302460902
20167.28878580345	86.67571695590598
20180.631903719877	86.76623986563494
20193.97502163629	86.87246216814779
20207.31813955272	86.9764874709477
20220.661257469143	87.06872400370926
20234.004375385564	87.16608409607554
20247.347493301982	87.26299224212573
20260.690611218408	87.37113356655263
20274.033729134837	87.47617649083277
20287.37684705125	87.57617361984249
20300.71996496768	87.673716623226
20314.063082884095	87.76924182178297
20327.40620080052	87.87444359510837
20340.74931871695	87.9776949794571
20354.092436633367	88.07682499964542
20367.435554549797	88.18958513891211
20380.77867246621	88.27175392204836
20394.12179038264	88.39186516273871
20407.464908299055	88.48795445247067
20420.80802621548	88.58272325326132
20434.151144131905	88.69723326236496
20447.494262048323	88.80604715539553
20460.83737996475	88.93157207117358
20474.180497881174	89.01487027480704
20487.5236157976	89.1164672878673
20500.86673371402	89.23811176666462
20514.209851630443	89.32306299100165
20527.55296954687	89.42402275328402
20540.896087463287	89.52674226481948
20554.239205379712	89.64972793973621
20567.58232329613	89.75890264361274
20580.92544121256	89.87228046762884
20594.26855912898	89.95363745378074
20607.611677045406	90.06574895165382
20620.954794961828	90.17318859374555
20634.297912878246	90.298199309419
20647.64103079467	90.39605536291998
20660.9841487111	90.50792648739402
20674.32726662752	90.60058113047221
20687.670384543948	90.72088566192807
20701.01350246037	90.82729041043058
20714.35662037679	90.9249825888706
20727.699738293213	91.03311493718557
20741.042856209635	91.14788382568366
20754.385974126057	91.26791316466404
20767.72909204248	91.3791731796949
20781.0722099589	91.48995830722262
20794.41532787533	91.59194468319055
20807.758445791747	91.6981274203243
20821.101563708173	91.80182107547431
20834.444681624595	91.92084200852132
